TOA measurement vs Delay ---- Mon Jun 15 00:45:05 2020
Pixel = 14
config file = config/asic_config_B4.yml
NofIterations = 100
LSBest = 24.21205384588875
mean value = [  0.           0.           0.           0.           0.
   0.           0.           0.           0.           0.
   0.           0.           0.           0.           0.
   0.           0.           0.           0.           0.
 124.49494949 122.79       121.14141414 119.04123711 115.86
 114.06       112.77777778 110.99       108.24       106.28282828
 104.77       102.75        99.81        97.84        96.43
  94.81        92.62        90.73737374  88.99        86.88
  84.16        82.37        80.82        79.08        76.53
  74.21        72.93        71.02        68.08080808  66.18
  64.4         62.69        60.57        58.72727273  57.02020202
  54.93        51.98        50.56565657  49.1010101   47.42857143
  45.21        43.05050505  41.57575758  39.8877551   36.71
  34.92        33.15        31.49        29.58        27.29
  25.89        24.08080808  21.52525253  19.63        18.09090909
  16.36        13.60606061  11.6          9.94         7.87
   4.93617021   0.           0.           0.           0.
   0.           0.           0.           0.           0.
   0.           0.           0.           0.           0.
   0.           0.           0.           0.           0.        ]
sigma = [0.         0.         0.         0.         0.         0.
 0.         0.         0.         0.         0.         0.
 0.         0.         0.         0.         0.         0.
 0.         0.         1.02984492 0.89957397 1.08371882 1.33901943
 1.02163268 0.92721806 0.78727962 1.06453433 1.13390182 0.83078889
 1.010165   1.22099686 1.01844653 1.0477277  0.85348306 0.75975873
 1.15712287 0.7615887  1.11051039 1.12646941 1.0088277  0.86973176
 0.831224   1.00843112 1.09198596 0.72748425 1.07164982 1.23407185
 0.90789765 0.98535949 0.8850612  0.75975873 0.9840901  0.77776138
 1.06462682 1.09015289 0.93964532 0.90214801 0.92790575 0.91566117
 0.9946021  1.15905515 0.75499561 1.03968192 0.9106225  1.10314701
 0.80674242 0.83260635 0.86425305 0.89957397 0.81316255 1.13530815
 1.13233855 1.00818318 0.75499561 0.86817817 0.81579337 1.22610494
 0.72092533 1.03751305 1.18254303 0.         0.         0.
 0.         0.         0.         0.         0.         0.
 0.         0.         0.         0.         0.         0.
 0.         0.         0.         0.        ]
Pulse delay   TOA 
2255 79
2290 126
2290 126
2295 126
2295 125
2295 126
2295 126
2295 125
2295 126
2295 126
2295 126
2295 126
2295 126
2295 125
2295 126
2295 126
2295 126
2295 125
2295 126
2295 125
2295 126
2295 126
2295 126
2295 126
2295 126
2300 125
2300 123
2300 125
2300 126
2300 125
2300 125
2300 126
2300 123
2300 125
2300 125
2300 124
2300 125
2300 124
2300 125
2300 126
2300 124
2300 125
2300 124
2300 125
2300 123
2300 124
2300 123
2300 121
2300 125
2300 125
2300 123
2300 123
2300 125
2300 126
2300 125
2300 124
2300 126
2300 125
2300 125
2300 125
2300 126
2300 124
2300 125
2300 126
2300 124
2300 124
2300 122
2300 125
2300 124
2300 123
2300 126
2300 125
2300 125
2300 126
2300 124
2300 126
2300 123
2300 125
2300 125
2300 124
2300 124
2300 124
2300 125
2300 125
2300 123
2300 124
2300 124
2300 124
2300 124
2300 125
2300 123
2300 126
2300 125
2300 125
2300 125
2300 124
2300 124
2300 124
2300 125
2300 123
2300 124
2300 125
2300 124
2300 124
2300 125
2300 124
2300 125
2300 124
2300 125
2300 124
2300 122
2300 126
2300 125
2300 124
2300 125
2300 126
2300 125
2300 125
2300 124
2300 124
2300 124
2300 125
2300 125
2300 125
2305 122
2305 122
2305 123
2305 122
2305 123
2305 122
2305 122
2305 122
2305 123
2305 124
2305 125
2305 123
2305 123
2305 122
2305 123
2305 125
2305 122
2305 122
2305 123
2305 123
2305 123
2305 123
2305 123
2305 122
2305 122
2305 123
2305 123
2305 123
2305 123
2305 125
2305 123
2305 123
2305 123
2305 122
2305 124
2305 125
2305 122
2305 123
2305 123
2305 123
2305 122
2305 122
2305 122
2305 123
2305 123
2305 122
2305 122
2305 124
2305 122
2305 123
2305 123
2305 122
2305 125
2305 123
2305 122
2305 122
2305 122
2305 124
2305 123
2305 122
2305 122
2305 123
2305 123
2305 122
2305 122
2305 123
2305 123
2305 123
2305 124
2305 122
2305 122
2305 123
2305 123
2305 122
2305 122
2305 123
2305 123
2305 123
2305 123
2305 123
2305 122
2305 124
2305 122
2305 123
2305 123
2305 122
2305 122
2305 124
2305 123
2305 122
2305 122
2305 124
2305 125
2305 123
2305 121
2305 122
2305 122
2305 124
2305 123
2305 122
2310 120
2310 120
2310 121
2310 123
2310 122
2310 120
2310 120
2310 121
2310 120
2310 122
2310 122
2310 120
2310 120
2310 123
2310 120
2310 122
2310 120
2310 121
2310 121
2310 122
2310 122
2310 121
2310 120
2310 122
2310 121
2310 121
2310 122
2310 120
2310 122
2310 123
2310 120
2310 121
2310 120
2310 122
2310 123
2310 121
2310 121
2310 122
2310 122
2310 121
2310 119
2310 122
2310 122
2310 121
2310 122
2310 122
2310 122
2310 120
2310 120
2310 122
2310 122
2310 121
2310 122
2310 121
2310 121
2310 121
2310 122
2310 123
2310 122
2310 121
2310 122
2310 121
2310 122
2310 120
2310 122
2310 120
2310 119
2310 122
2310 122
2310 123
2310 121
2310 120
2310 119
2310 121
2310 122
2310 122
2310 119
2310 121
2310 120
2310 121
2310 121
2310 122
2310 122
2310 119
2310 120
2310 122
2310 120
2310 120
2310 119
2310 120
2310 120
2310 122
2310 121
2310 122
2310 122
2310 121
2310 122
2310 122
2310 122
2315 120
2315 118
2315 118
2315 119
2315 119
2315 119
2315 118
2315 120
2315 118
2315 120
2315 118
2315 118
2315 118
2315 119
2315 119
2315 120
2315 120
2315 118
2315 118
2315 118
2315 118
2315 118
2315 118
2315 118
2315 118
2315 119
2315 119
2315 117
2315 119
2315 119
2315 118
2315 118
2315 121
2315 119
2315 118
2315 118
2315 118
2315 118
2315 118
2315 119
2315 120
2315 120
2315 122
2315 120
2315 120
2315 118
2315 120
2315 118
2315 115
2315 120
2315 120
2315 119
2315 118
2315 120
2315 115
2315 120
2315 117
2315 122
2315 121
2315 120
2315 116
2315 120
2315 118
2315 120
2315 120
2315 120
2315 120
2315 120
2315 119
2315 118
2315 120
2315 118
2315 119
2315 118
2315 121
2315 118
2315 120
2315 120
2315 121
2315 120
2315 120
2315 120
2315 118
2315 120
2315 120
2315 122
2315 118
2315 120
2315 120
2315 119
2315 120
2315 119
2315 120
2315 120
2315 121
2315 119
2315 117
2320 116
2320 117
2320 116
2320 116
2320 116
2320 115
2320 118
2320 115
2320 118
2320 118
2320 116
2320 116
2320 116
2320 118
2320 116
2320 116
2320 116
2320 116
2320 117
2320 115
2320 117
2320 117
2320 116
2320 115
2320 117
2320 117
2320 116
2320 116
2320 116
2320 117
2320 113
2320 118
2320 117
2320 117
2320 116
2320 115
2320 116
2320 116
2320 117
2320 115
2320 116
2320 115
2320 114
2320 115
2320 116
2320 115
2320 116
2320 116
2320 116
2320 117
2320 116
2320 115
2320 116
2320 116
2320 115
2320 113
2320 114
2320 118
2320 115
2320 115
2320 115
2320 116
2320 115
2320 115
2320 115
2320 116
2320 115
2320 116
2320 115
2320 117
2320 115
2320 116
2320 115
2320 115
2320 117
2320 117
2320 115
2320 117
2320 115
2320 116
2320 116
2320 116
2320 115
2320 115
2320 116
2320 116
2320 115
2320 115
2320 116
2320 116
2320 116
2320 117
2320 115
2320 116
2320 116
2320 116
2320 115
2320 115
2320 116
2320 115
2325 113
2325 113
2325 113
2325 115
2325 114
2325 114
2325 114
2325 114
2325 114
2325 114
2325 114
2325 114
2325 113
2325 115
2325 112
2325 114
2325 115
2325 114
2325 113
2325 115
2325 114
2325 115
2325 113
2325 114
2325 115
2325 115
2325 115
2325 113
2325 115
2325 115
2325 113
2325 115
2325 113
2325 114
2325 114
2325 115
2325 113
2325 114
2325 115
2325 114
2325 115
2325 114
2325 114
2325 115
2325 114
2325 113
2325 115
2325 114
2325 113
2325 114
2325 115
2325 115
2325 115
2325 115
2325 114
2325 115
2325 116
2325 114
2325 115
2325 114
2325 114
2325 115
2325 114
2325 114
2325 114
2325 115
2325 115
2325 114
2325 115
2325 113
2325 114
2325 113
2325 113
2325 113
2325 114
2325 115
2325 111
2325 114
2325 114
2325 115
2325 114
2325 113
2325 114
2325 114
2325 113
2325 113
2325 113
2325 115
2325 113
2325 115
2325 114
2325 112
2325 115
2325 115
2325 113
2325 114
2325 115
2325 115
2325 113
2325 114
2330 113
2330 113
2330 112
2330 113
2330 112
2330 113
2330 113
2330 112
2330 113
2330 113
2330 113
2330 112
2330 112
2330 113
2330 112
2330 112
2330 113
2330 115
2330 113
2330 114
2330 113
2330 113
2330 112
2330 113
2330 113
2330 113
2330 113
2330 113
2330 111
2330 114
2330 112
2330 113
2330 113
2330 113
2330 113
2330 112
2330 111
2330 113
2330 111
2330 113
2330 113
2330 112
2330 113
2330 113
2330 112
2330 112
2330 113
2330 113
2330 111
2330 113
2330 113
2330 113
2330 112
2330 113
2330 113
2330 112
2330 112
2330 113
2330 113
2330 111
2330 113
2330 114
2330 113
2330 113
2330 113
2330 113
2330 113
2330 113
2330 113
2330 113
2330 113
2330 113
2330 113
2330 113
2330 113
2330 112
2330 112
2330 113
2330 113
2330 113
2330 113
2330 113
2330 113
2330 112
2330 113
2330 114
2330 112
2330 114
2330 113
2330 114
2330 115
2330 113
2330 113
2330 113
2330 113
2330 113
2330 111
2330 113
2330 113
2335 111
2335 110
2335 111
2335 113
2335 109
2335 112
2335 111
2335 111
2335 112
2335 112
2335 110
2335 110
2335 110
2335 111
2335 113
2335 112
2335 111
2335 113
2335 113
2335 111
2335 111
2335 112
2335 111
2335 113
2335 110
2335 111
2335 110
2335 110
2335 110
2335 112
2335 112
2335 110
2335 112
2335 111
2335 110
2335 109
2335 111
2335 110
2335 113
2335 111
2335 111
2335 110
2335 111
2335 110
2335 111
2335 110
2335 111
2335 109
2335 111
2335 113
2335 111
2335 109
2335 111
2335 109
2335 110
2335 109
2335 113
2335 111
2335 111
2335 111
2335 111
2335 111
2335 111
2335 112
2335 111
2335 111
2335 112
2335 113
2335 111
2335 111
2335 112
2335 111
2335 111
2335 111
2335 110
2335 111
2335 110
2335 112
2335 110
2335 110
2335 111
2335 111
2335 111
2335 110
2335 111
2335 111
2335 110
2335 109
2335 111
2335 111
2335 110
2335 111
2335 111
2335 111
2335 111
2335 111
2335 112
2335 112
2335 112
2335 113
2340 108
2340 109
2340 107
2340 108
2340 107
2340 109
2340 109
2340 106
2340 109
2340 108
2340 109
2340 109
2340 110
2340 106
2340 109
2340 109
2340 109
2340 107
2340 109
2340 109
2340 109
2340 109
2340 109
2340 109
2340 108
2340 108
2340 108
2340 109
2340 107
2340 109
2340 109
2340 109
2340 109
2340 109
2340 108
2340 107
2340 109
2340 109
2340 109
2340 107
2340 106
2340 106
2340 106
2340 109
2340 105
2340 109
2340 109
2340 109
2340 109
2340 109
2340 108
2340 109
2340 109
2340 109
2340 107
2340 110
2340 109
2340 109
2340 109
2340 108
2340 107
2340 108
2340 106
2340 109
2340 109
2340 109
2340 108
2340 107
2340 108
2340 109
2340 108
2340 108
2340 108
2340 110
2340 109
2340 108
2340 109
2340 109
2340 108
2340 106
2340 107
2340 108
2340 106
2340 109
2340 109
2340 109
2340 109
2340 110
2340 108
2340 108
2340 107
2340 108
2340 109
2340 108
2340 109
2340 106
2340 108
2340 108
2340 109
2340 106
2345 106
2345 106
2345 106
2345 106
2345 107
2345 106
2345 107
2345 105
2345 107
2345 108
2345 106
2345 106
2345 107
2345 106
2345 106
2345 106
2345 106
2345 107
2345 106
2345 106
2345 107
2345 107
2345 105
2345 107
2345 108
2345 105
2345 109
2345 106
2345 106
2345 106
2345 106
2345 106
2345 106
2345 106
2345 106
2345 105
2345 108
2345 106
2345 107
2345 106
2345 107
2345 107
2345 106
2345 107
2345 106
2345 105
2345 108
2345 106
2345 106
2345 105
2345 107
2345 108
2345 106
2345 106
2345 106
2345 106
2345 106
2345 107
2345 108
2345 108
2345 106
2345 106
2345 106
2345 106
2345 107
2345 106
2345 106
2345 106
2345 106
2345 106
2345 105
2345 106
2345 106
2345 106
2345 106
2345 107
2345 106
2345 106
2345 107
2345 107
2345 106
2345 106
2345 106
2345 106
2345 107
2345 106
2345 106
2345 106
2345 106
2345 106
2345 106
2345 106
2345 106
2345 106
2345 106
2345 107
2345 106
2345 104
2345 106
2350 105
2350 104
2350 105
2350 106
2350 105
2350 103
2350 104
2350 104
2350 103
2350 103
2350 105
2350 106
2350 104
2350 104
2350 105
2350 106
2350 104
2350 106
2350 104
2350 106
2350 105
2350 104
2350 104
2350 105
2350 104
2350 105
2350 104
2350 105
2350 105
2350 106
2350 106
2350 104
2350 104
2350 105
2350 106
2350 106
2350 105
2350 104
2350 103
2350 105
2350 104
2350 104
2350 103
2350 104
2350 106
2350 105
2350 106
2350 103
2350 105
2350 105
2350 104
2350 106
2350 105
2350 104
2350 106
2350 106
2350 105
2350 104
2350 104
2350 106
2350 105
2350 106
2350 104
2350 105
2350 106
2350 105
2350 105
2350 104
2350 105
2350 105
2350 105
2350 105
2350 105
2350 104
2350 104
2350 105
2350 106
2350 105
2350 105
2350 106
2350 104
2350 103
2350 106
2350 105
2350 105
2350 105
2350 103
2350 104
2350 103
2350 103
2350 106
2350 104
2350 106
2350 106
2350 106
2350 106
2350 103
2350 106
2350 105
2350 106
2355 104
2355 100
2355 103
2355 103
2355 102
2355 103
2355 103
2355 105
2355 101
2355 103
2355 101
2355 104
2355 102
2355 101
2355 103
2355 103
2355 101
2355 103
2355 101
2355 103
2355 103
2355 104
2355 101
2355 103
2355 103
2355 104
2355 103
2355 103
2355 104
2355 103
2355 104
2355 101
2355 104
2355 103
2355 103
2355 104
2355 103
2355 101
2355 104
2355 101
2355 101
2355 105
2355 103
2355 104
2355 103
2355 103
2355 101
2355 101
2355 105
2355 103
2355 102
2355 102
2355 103
2355 103
2355 101
2355 101
2355 103
2355 103
2355 103
2355 101
2355 104
2355 101
2355 103
2355 101
2355 103
2355 101
2355 104
2355 101
2355 104
2355 104
2355 103
2355 103
2355 103
2355 101
2355 103
2355 103
2355 104
2355 105
2355 104
2355 104
2355 104
2355 103
2355 104
2355 103
2355 102
2355 103
2355 103
2355 104
2355 102
2355 101
2355 103
2355 102
2355 103
2355 103
2355 103
2355 104
2355 104
2355 103
2355 103
2355 100
2360 98
2360 99
2360 100
2360 101
2360 100
2360 101
2360 101
2360 101
2360 98
2360 100
2360 100
2360 100
2360 100
2360 100
2360 99
2360 100
2360 100
2360 100
2360 100
2360 100
2360 100
2360 101
2360 101
2360 97
2360 100
2360 99
2360 100
2360 99
2360 100
2360 100
2360 100
2360 100
2360 101
2360 100
2360 101
2360 99
2360 99
2360 101
2360 101
2360 101
2360 100
2360 101
2360 100
2360 100
2360 100
2360 101
2360 100
2360 101
2360 100
2360 100
2360 99
2360 100
2360 98
2360 100
2360 100
2360 99
2360 100
2360 101
2360 100
2360 101
2360 100
2360 100
2360 98
2360 100
2360 100
2360 99
2360 99
2360 98
2360 98
2360 100
2360 100
2360 100
2360 96
2360 99
2360 100
2360 101
2360 101
2360 99
2360 98
2360 100
2360 101
2360 100
2360 100
2360 98
2360 100
2360 101
2360 101
2360 100
2360 100
2360 100
2360 101
2360 99
2360 100
2360 100
2360 98
2360 99
2360 99
2360 100
2360 99
2360 100
2365 98
2365 97
2365 98
2365 97
2365 99
2365 97
2365 97
2365 98
2365 97
2365 97
2365 98
2365 98
2365 97
2365 98
2365 95
2365 97
2365 99
2365 97
2365 98
2365 98
2365 96
2365 98
2365 97
2365 98
2365 99
2365 99
2365 97
2365 98
2365 98
2365 100
2365 97
2365 98
2365 98
2365 98
2365 98
2365 97
2365 97
2365 98
2365 98
2365 98
2365 99
2365 98
2365 97
2365 98
2365 98
2365 97
2365 99
2365 100
2365 98
2365 98
2365 98
2365 99
2365 98
2365 100
2365 98
2365 100
2365 98
2365 97
2365 97
2365 97
2365 96
2365 98
2365 99
2365 97
2365 98
2365 95
2365 98
2365 96
2365 97
2365 100
2365 97
2365 97
2365 97
2365 97
2365 97
2365 98
2365 99
2365 96
2365 99
2365 98
2365 99
2365 99
2365 99
2365 98
2365 97
2365 98
2365 98
2365 97
2365 97
2365 98
2365 99
2365 99
2365 98
2365 99
2365 97
2365 99
2365 99
2365 98
2365 99
2365 97
2370 97
2370 96
2370 96
2370 96
2370 97
2370 96
2370 96
2370 98
2370 96
2370 97
2370 97
2370 96
2370 96
2370 97
2370 96
2370 96
2370 96
2370 96
2370 96
2370 97
2370 96
2370 97
2370 97
2370 97
2370 97
2370 97
2370 96
2370 95
2370 97
2370 97
2370 96
2370 96
2370 98
2370 96
2370 98
2370 96
2370 97
2370 97
2370 97
2370 96
2370 96
2370 97
2370 95
2370 97
2370 96
2370 97
2370 95
2370 96
2370 97
2370 96
2370 97
2370 97
2370 97
2370 98
2370 95
2370 95
2370 97
2370 97
2370 96
2370 97
2370 97
2370 97
2370 96
2370 97
2370 96
2370 96
2370 96
2370 97
2370 95
2370 96
2370 98
2370 97
2370 97
2370 95
2370 97
2370 95
2370 96
2370 97
2370 97
2370 95
2370 96
2370 96
2370 97
2370 96
2370 97
2370 95
2370 97
2370 96
2370 95
2370 97
2370 96
2370 96
2370 95
2370 98
2370 98
2370 97
2370 97
2370 96
2370 97
2370 95
2375 94
2375 95
2375 95
2375 95
2375 95
2375 94
2375 96
2375 95
2375 95
2375 95
2375 95
2375 94
2375 94
2375 94
2375 96
2375 94
2375 95
2375 95
2375 95
2375 94
2375 94
2375 95
2375 96
2375 94
2375 95
2375 95
2375 94
2375 95
2375 96
2375 93
2375 95
2375 95
2375 95
2375 95
2375 95
2375 94
2375 95
2375 94
2375 95
2375 93
2375 95
2375 95
2375 93
2375 96
2375 95
2375 95
2375 95
2375 95
2375 95
2375 96
2375 95
2375 95
2375 95
2375 96
2375 96
2375 95
2375 94
2375 95
2375 95
2375 95
2375 95
2375 95
2375 94
2375 95
2375 95
2375 95
2375 95
2375 95
2375 93
2375 94
2375 95
2375 97
2375 94
2375 94
2375 95
2375 95
2375 95
2375 95
2375 95
2375 94
2375 95
2375 95
2375 95
2375 95
2375 95
2375 95
2375 95
2375 96
2375 94
2375 95
2375 94
2375 95
2375 95
2375 94
2375 94
2375 95
2375 95
2375 96
2375 95
2375 94
2380 91
2380 94
2380 91
2380 92
2380 91
2380 94
2380 93
2380 95
2380 92
2380 93
2380 91
2380 94
2380 95
2380 93
2380 92
2380 94
2380 95
2380 92
2380 93
2380 92
2380 94
2380 91
2380 91
2380 93
2380 93
2380 92
2380 93
2380 93
2380 92
2380 93
2380 93
2380 93
2380 93
2380 93
2380 93
2380 92
2380 90
2380 92
2380 94
2380 91
2380 92
2380 92
2380 93
2380 92
2380 92
2380 93
2380 93
2380 93
2380 93
2380 93
2380 94
2380 94
2380 92
2380 91
2380 93
2380 93
2380 92
2380 92
2380 93
2380 93
2380 93
2380 94
2380 93
2380 93
2380 93
2380 94
2380 94
2380 94
2380 94
2380 93
2380 91
2380 92
2380 91
2380 92
2380 92
2380 94
2380 94
2380 93
2380 94
2380 91
2380 92
2380 94
2380 91
2380 92
2380 92
2380 93
2380 91
2380 92
2380 92
2380 94
2380 93
2380 90
2380 92
2380 91
2380 93
2380 93
2380 93
2380 90
2380 92
2380 94
2385 91
2385 90
2385 91
2385 90
2385 91
2385 91
2385 90
2385 91
2385 91
2385 90
2385 92
2385 91
2385 91
2385 91
2385 92
2385 90
2385 92
2385 91
2385 90
2385 91
2385 91
2385 93
2385 91
2385 90
2385 91
2385 90
2385 90
2385 91
2385 90
2385 90
2385 91
2385 91
2385 91
2385 91
2385 91
2385 90
2385 91
2385 91
2385 91
2385 90
2385 90
2385 91
2385 89
2385 91
2385 90
2385 90
2385 90
2385 90
2385 90
2385 90
2385 92
2385 90
2385 91
2385 92
2385 91
2385 91
2385 90
2385 91
2385 91
2385 91
2385 91
2385 93
2385 91
2385 90
2385 90
2385 91
2385 90
2385 91
2385 90
2385 90
2385 91
2385 91
2385 89
2385 90
2385 91
2385 90
2385 92
2385 91
2385 91
2385 91
2385 91
2385 91
2385 91
2385 90
2385 91
2385 91
2385 91
2385 91
2385 91
2385 91
2385 91
2385 90
2385 91
2385 90
2385 90
2385 91
2385 91
2385 92
2385 91
2390 90
2390 90
2390 90
2390 90
2390 90
2390 88
2390 90
2390 89
2390 88
2390 90
2390 91
2390 90
2390 90
2390 89
2390 90
2390 86
2390 89
2390 88
2390 87
2390 89
2390 88
2390 90
2390 90
2390 89
2390 86
2390 89
2390 88
2390 90
2390 90
2390 90
2390 88
2390 89
2390 90
2390 90
2390 88
2390 88
2390 88
2390 90
2390 90
2390 89
2390 88
2390 88
2390 89
2390 89
2390 90
2390 88
2390 86
2390 90
2390 89
2390 90
2390 88
2390 88
2390 89
2390 90
2390 89
2390 88
2390 89
2390 90
2390 89
2390 88
2390 88
2390 90
2390 88
2390 90
2390 86
2390 89
2390 90
2390 88
2390 88
2390 90
2390 90
2390 90
2390 89
2390 89
2390 88
2390 90
2390 90
2390 90
2390 89
2390 90
2390 90
2390 89
2390 88
2390 87
2390 89
2390 88
2390 89
2390 90
2390 90
2390 88
2390 90
2390 88
2390 89
2390 88
2390 89
2390 90
2390 89
2390 89
2390 90
2390 88
2395 87
2395 87
2395 86
2395 87
2395 87
2395 88
2395 89
2395 88
2395 86
2395 88
2395 88
2395 84
2395 86
2395 86
2395 86
2395 87
2395 86
2395 86
2395 87
2395 88
2395 86
2395 87
2395 87
2395 88
2395 87
2395 87
2395 85
2395 86
2395 86
2395 89
2395 88
2395 86
2395 86
2395 86
2395 86
2395 87
2395 87
2395 88
2395 88
2395 87
2395 87
2395 86
2395 86
2395 89
2395 85
2395 85
2395 88
2395 87
2395 87
2395 88
2395 88
2395 87
2395 86
2395 88
2395 88
2395 88
2395 88
2395 86
2395 89
2395 85
2395 87
2395 88
2395 88
2395 86
2395 87
2395 86
2395 87
2395 87
2395 86
2395 87
2395 85
2395 87
2395 88
2395 88
2395 87
2395 88
2395 86
2395 86
2395 85
2395 85
2395 86
2395 86
2395 86
2395 89
2395 88
2395 86
2395 88
2395 85
2395 86
2395 88
2395 88
2395 86
2395 88
2395 86
2395 88
2395 86
2395 87
2395 88
2395 87
2395 87
2400 85
2400 83
2400 85
2400 84
2400 84
2400 86
2400 84
2400 84
2400 83
2400 85
2400 83
2400 82
2400 84
2400 85
2400 84
2400 85
2400 84
2400 82
2400 84
2400 87
2400 85
2400 85
2400 83
2400 86
2400 84
2400 83
2400 85
2400 85
2400 84
2400 84
2400 84
2400 84
2400 84
2400 84
2400 84
2400 84
2400 84
2400 85
2400 84
2400 85
2400 85
2400 83
2400 84
2400 84
2400 83
2400 84
2400 83
2400 84
2400 85
2400 84
2400 83
2400 84
2400 85
2400 83
2400 87
2400 84
2400 85
2400 85
2400 85
2400 84
2400 83
2400 84
2400 83
2400 83
2400 84
2400 85
2400 83
2400 85
2400 83
2400 82
2400 86
2400 85
2400 84
2400 85
2400 85
2400 84
2400 84
2400 84
2400 83
2400 85
2400 86
2400 83
2400 84
2400 84
2400 85
2400 83
2400 84
2400 84
2400 83
2400 85
2400 86
2400 85
2400 84
2400 84
2400 84
2400 83
2400 84
2400 84
2400 84
2400 84
2405 84
2405 81
2405 81
2405 82
2405 81
2405 82
2405 81
2405 81
2405 83
2405 83
2405 83
2405 82
2405 82
2405 83
2405 83
2405 83
2405 83
2405 83
2405 82
2405 81
2405 82
2405 83
2405 83
2405 83
2405 82
2405 83
2405 82
2405 83
2405 84
2405 83
2405 82
2405 83
2405 83
2405 83
2405 83
2405 83
2405 82
2405 83
2405 83
2405 81
2405 83
2405 82
2405 83
2405 82
2405 82
2405 83
2405 83
2405 82
2405 81
2405 83
2405 82
2405 81
2405 82
2405 83
2405 81
2405 82
2405 82
2405 83
2405 83
2405 82
2405 82
2405 83
2405 83
2405 82
2405 82
2405 83
2405 81
2405 82
2405 83
2405 84
2405 82
2405 81
2405 83
2405 83
2405 81
2405 83
2405 83
2405 82
2405 82
2405 82
2405 81
2405 82
2405 84
2405 81
2405 82
2405 83
2405 81
2405 83
2405 83
2405 83
2405 83
2405 83
2405 81
2405 83
2405 83
2405 81
2405 83
2405 82
2405 83
2405 82
2410 81
2410 81
2410 81
2410 81
2410 81
2410 82
2410 81
2410 81
2410 82
2410 82
2410 80
2410 82
2410 82
2410 81
2410 81
2410 80
2410 81
2410 82
2410 81
2410 81
2410 80
2410 81
2410 81
2410 80
2410 81
2410 81
2410 81
2410 81
2410 80
2410 80
2410 81
2410 81
2410 81
2410 81
2410 80
2410 81
2410 79
2410 81
2410 81
2410 82
2410 81
2410 81
2410 81
2410 81
2410 79
2410 81
2410 80
2410 80
2410 80
2410 81
2410 81
2410 82
2410 80
2410 81
2410 81
2410 81
2410 81
2410 81
2410 81
2410 81
2410 82
2410 81
2410 81
2410 81
2410 81
2410 79
2410 81
2410 82
2410 82
2410 81
2410 81
2410 82
2410 81
2410 80
2410 81
2410 81
2410 81
2410 79
2410 81
2410 80
2410 80
2410 81
2410 80
2410 81
2410 78
2410 81
2410 81
2410 81
2410 81
2410 81
2410 82
2410 80
2410 82
2410 80
2410 81
2410 80
2410 80
2410 80
2410 82
2410 79
2415 79
2415 79
2415 79
2415 79
2415 80
2415 79
2415 79
2415 80
2415 80
2415 78
2415 79
2415 79
2415 79
2415 80
2415 81
2415 79
2415 79
2415 79
2415 79
2415 79
2415 79
2415 77
2415 81
2415 78
2415 79
2415 79
2415 81
2415 80
2415 79
2415 80
2415 79
2415 81
2415 80
2415 79
2415 79
2415 79
2415 79
2415 79
2415 78
2415 79
2415 79
2415 80
2415 78
2415 79
2415 78
2415 79
2415 78
2415 77
2415 79
2415 80
2415 78
2415 79
2415 81
2415 78
2415 79
2415 78
2415 76
2415 79
2415 80
2415 80
2415 79
2415 80
2415 78
2415 79
2415 79
2415 80
2415 79
2415 78
2415 79
2415 78
2415 79
2415 80
2415 79
2415 79
2415 79
2415 80
2415 80
2415 78
2415 80
2415 81
2415 79
2415 78
2415 79
2415 77
2415 81
2415 81
2415 79
2415 79
2415 79
2415 80
2415 78
2415 79
2415 80
2415 78
2415 79
2415 79
2415 80
2415 78
2415 79
2415 77
2420 74
2420 77
2420 77
2420 76
2420 77
2420 77
2420 76
2420 77
2420 77
2420 77
2420 78
2420 76
2420 76
2420 77
2420 77
2420 77
2420 77
2420 79
2420 77
2420 77
2420 74
2420 77
2420 77
2420 74
2420 76
2420 76
2420 77
2420 77
2420 75
2420 77
2420 77
2420 76
2420 77
2420 77
2420 77
2420 77
2420 78
2420 75
2420 75
2420 77
2420 76
2420 78
2420 77
2420 77
2420 76
2420 77
2420 76
2420 77
2420 77
2420 76
2420 77
2420 78
2420 76
2420 75
2420 77
2420 77
2420 77
2420 77
2420 77
2420 74
2420 77
2420 77
2420 78
2420 74
2420 76
2420 77
2420 77
2420 74
2420 77
2420 77
2420 77
2420 77
2420 77
2420 78
2420 75
2420 75
2420 77
2420 78
2420 77
2420 77
2420 77
2420 77
2420 77
2420 77
2420 77
2420 75
2420 78
2420 74
2420 76
2420 77
2420 76
2420 77
2420 76
2420 77
2420 75
2420 77
2420 74
2420 77
2420 76
2420 77
2425 74
2425 73
2425 74
2425 74
2425 74
2425 74
2425 74
2425 74
2425 74
2425 74
2425 75
2425 74
2425 75
2425 74
2425 73
2425 77
2425 74
2425 74
2425 74
2425 74
2425 75
2425 74
2425 74
2425 76
2425 74
2425 74
2425 74
2425 74
2425 75
2425 75
2425 74
2425 74
2425 74
2425 74
2425 74
2425 74
2425 74
2425 74
2425 75
2425 74
2425 75
2425 75
2425 75
2425 74
2425 74
2425 74
2425 75
2425 74
2425 74
2425 74
2425 74
2425 75
2425 75
2425 74
2425 74
2425 74
2425 75
2425 74
2425 74
2425 74
2425 74
2425 73
2425 74
2425 74
2425 74
2425 74
2425 74
2425 74
2425 74
2425 74
2425 73
2425 74
2425 74
2425 75
2425 74
2425 74
2425 75
2425 73
2425 74
2425 74
2425 74
2425 74
2425 74
2425 73
2425 74
2425 74
2425 74
2425 74
2425 74
2425 74
2425 75
2425 75
2425 77
2425 74
2425 74
2425 74
2425 76
2425 74
2425 74
2425 74
2430 73
2430 71
2430 74
2430 72
2430 72
2430 72
2430 72
2430 73
2430 73
2430 72
2430 73
2430 74
2430 72
2430 73
2430 71
2430 74
2430 73
2430 74
2430 72
2430 74
2430 75
2430 73
2430 74
2430 73
2430 74
2430 72
2430 73
2430 73
2430 73
2430 73
2430 74
2430 73
2430 73
2430 72
2430 73
2430 72
2430 73
2430 72
2430 72
2430 74
2430 73
2430 74
2430 73
2430 72
2430 73
2430 74
2430 74
2430 74
2430 72
2430 73
2430 72
2430 74
2430 73
2430 73
2430 72
2430 74
2430 74
2430 73
2430 74
2430 73
2430 73
2430 71
2430 73
2430 73
2430 74
2430 73
2430 72
2430 73
2430 73
2430 74
2430 74
2430 73
2430 73
2430 73
2430 74
2430 74
2430 74
2430 74
2430 74
2430 74
2430 71
2430 73
2430 73
2430 73
2430 73
2430 74
2430 73
2430 72
2430 72
2430 69
2430 72
2430 69
2430 74
2430 74
2430 71
2430 73
2430 73
2430 74
2430 72
2430 73
2435 72
2435 71
2435 70
2435 73
2435 72
2435 72
2435 72
2435 71
2435 69
2435 71
2435 70
2435 71
2435 71
2435 71
2435 71
2435 69
2435 71
2435 71
2435 69
2435 71
2435 70
2435 69
2435 71
2435 71
2435 71
2435 71
2435 71
2435 70
2435 71
2435 72
2435 69
2435 71
2435 69
2435 71
2435 71
2435 71
2435 71
2435 72
2435 69
2435 72
2435 71
2435 72
2435 72
2435 72
2435 72
2435 70
2435 72
2435 71
2435 72
2435 71
2435 72
2435 71
2435 71
2435 72
2435 70
2435 71
2435 72
2435 73
2435 70
2435 73
2435 72
2435 72
2435 71
2435 72
2435 71
2435 71
2435 71
2435 69
2435 69
2435 71
2435 69
2435 70
2435 72
2435 69
2435 73
2435 71
2435 70
2435 73
2435 72
2435 69
2435 69
2435 71
2435 74
2435 72
2435 69
2435 71
2435 73
2435 71
2435 72
2435 71
2435 72
2435 72
2435 69
2435 73
2435 71
2435 71
2435 73
2435 72
2435 69
2435 69
2440 68
2440 68
2440 68
2440 68
2440 69
2440 68
2440 68
2440 68
2440 68
2440 67
2440 68
2440 67
2440 69
2440 67
2440 66
2440 68
2440 68
2440 68
2440 71
2440 68
2440 67
2440 67
2440 67
2440 68
2440 68
2440 68
2440 67
2440 68
2440 68
2440 68
2440 66
2440 68
2440 69
2440 68
2440 69
2440 66
2440 69
2440 69
2440 68
2440 68
2440 68
2440 68
2440 66
2440 68
2440 69
2440 69
2440 69
2440 67
2440 68
2440 68
2440 69
2440 68
2440 67
2440 69
2440 68
2440 67
2440 68
2440 69
2440 69
2440 68
2440 68
2440 69
2440 68
2440 68
2440 69
2440 68
2440 69
2440 71
2440 67
2440 68
2440 67
2440 68
2440 69
2440 68
2440 68
2440 68
2440 68
2440 68
2440 69
2440 68
2440 69
2440 68
2440 68
2440 68
2440 68
2440 69
2440 68
2440 69
2440 68
2440 68
2440 68
2440 68
2440 66
2440 68
2440 68
2440 69
2440 68
2440 69
2440 69
2445 66
2445 65
2445 65
2445 66
2445 67
2445 66
2445 66
2445 66
2445 65
2445 68
2445 66
2445 65
2445 66
2445 68
2445 67
2445 67
2445 66
2445 65
2445 66
2445 67
2445 67
2445 67
2445 66
2445 65
2445 67
2445 66
2445 65
2445 65
2445 67
2445 66
2445 67
2445 67
2445 66
2445 65
2445 66
2445 67
2445 67
2445 66
2445 65
2445 65
2445 66
2445 65
2445 68
2445 66
2445 65
2445 67
2445 65
2445 67
2445 66
2445 66
2445 65
2445 65
2445 65
2445 67
2445 67
2445 66
2445 67
2445 67
2445 66
2445 66
2445 68
2445 67
2445 67
2445 66
2445 67
2445 66
2445 68
2445 66
2445 65
2445 66
2445 67
2445 65
2445 66
2445 65
2445 66
2445 67
2445 67
2445 66
2445 66
2445 67
2445 67
2445 65
2445 68
2445 67
2445 66
2445 67
2445 66
2445 65
2445 65
2445 66
2445 66
2445 67
2445 68
2445 65
2445 65
2445 64
2445 68
2445 65
2445 67
2445 66
2450 63
2450 65
2450 65
2450 65
2450 63
2450 65
2450 64
2450 65
2450 65
2450 66
2450 65
2450 65
2450 64
2450 65
2450 64
2450 65
2450 66
2450 64
2450 65
2450 65
2450 65
2450 64
2450 65
2450 65
2450 64
2450 65
2450 64
2450 65
2450 64
2450 66
2450 64
2450 64
2450 64
2450 65
2450 64
2450 65
2450 64
2450 65
2450 65
2450 64
2450 63
2450 63
2450 64
2450 65
2450 63
2450 65
2450 65
2450 64
2450 65
2450 64
2450 63
2450 63
2450 64
2450 64
2450 64
2450 64
2450 64
2450 65
2450 64
2450 65
2450 65
2450 65
2450 63
2450 64
2450 63
2450 67
2450 66
2450 65
2450 65
2450 63
2450 65
2450 64
2450 64
2450 64
2450 63
2450 64
2450 64
2450 64
2450 64
2450 65
2450 65
2450 65
2450 64
2450 64
2450 65
2450 64
2450 64
2450 65
2450 63
2450 66
2450 65
2450 63
2450 65
2450 63
2450 65
2450 65
2450 63
2450 65
2450 64
2450 64
2455 62
2455 62
2455 62
2455 64
2455 62
2455 63
2455 62
2455 62
2455 61
2455 63
2455 63
2455 62
2455 63
2455 62
2455 63
2455 64
2455 61
2455 62
2455 62
2455 63
2455 63
2455 63
2455 63
2455 63
2455 63
2455 64
2455 62
2455 63
2455 63
2455 63
2455 62
2455 62
2455 63
2455 62
2455 63
2455 63
2455 64
2455 61
2455 62
2455 63
2455 62
2455 62
2455 63
2455 63
2455 63
2455 63
2455 62
2455 62
2455 62
2455 63
2455 63
2455 63
2455 63
2455 62
2455 63
2455 63
2455 62
2455 63
2455 63
2455 63
2455 63
2455 63
2455 63
2455 63
2455 63
2455 63
2455 63
2455 63
2455 64
2455 63
2455 63
2455 62
2455 63
2455 63
2455 63
2455 63
2455 63
2455 63
2455 63
2455 61
2455 63
2455 63
2455 63
2455 63
2455 63
2455 62
2455 63
2455 62
2455 64
2455 62
2455 65
2455 63
2455 62
2455 63
2455 63
2455 63
2455 61
2455 63
2455 62
2455 62
2460 62
2460 60
2460 60
2460 59
2460 61
2460 60
2460 61
2460 60
2460 61
2460 61
2460 60
2460 61
2460 59
2460 61
2460 62
2460 61
2460 60
2460 62
2460 59
2460 61
2460 60
2460 61
2460 60
2460 59
2460 60
2460 60
2460 60
2460 60
2460 60
2460 61
2460 60
2460 61
2460 59
2460 61
2460 62
2460 62
2460 60
2460 62
2460 61
2460 61
2460 59
2460 60
2460 63
2460 62
2460 61
2460 61
2460 62
2460 61
2460 61
2460 59
2460 59
2460 60
2460 60
2460 60
2460 60
2460 61
2460 60
2460 62
2460 60
2460 62
2460 60
2460 62
2460 61
2460 60
2460 61
2460 62
2460 62
2460 61
2460 60
2460 61
2460 61
2460 60
2460 61
2460 61
2460 61
2460 61
2460 62
2460 61
2460 59
2460 59
2460 61
2460 61
2460 59
2460 61
2460 62
2460 60
2460 60
2460 60
2460 61
2460 59
2460 61
2460 60
2460 59
2460 61
2460 60
2460 61
2460 59
2460 61
2460 60
2460 61
2465 59
2465 59
2465 59
2465 59
2465 59
2465 57
2465 59
2465 58
2465 58
2465 60
2465 58
2465 59
2465 59
2465 59
2465 58
2465 60
2465 59
2465 59
2465 58
2465 60
2465 59
2465 59
2465 59
2465 59
2465 58
2465 59
2465 59
2465 58
2465 58
2465 59
2465 58
2465 58
2465 58
2465 58
2465 58
2465 58
2465 58
2465 58
2465 59
2465 60
2465 59
2465 59
2465 58
2465 59
2465 58
2465 60
2465 60
2465 58
2465 59
2465 58
2465 59
2465 59
2465 58
2465 58
2465 58
2465 59
2465 58
2465 58
2465 59
2465 58
2465 59
2465 59
2465 58
2465 60
2465 59
2465 59
2465 58
2465 58
2465 58
2465 59
2465 58
2465 60
2465 58
2465 60
2465 58
2465 59
2465 60
2465 59
2465 59
2465 60
2465 59
2465 58
2465 58
2465 60
2465 59
2465 58
2465 58
2465 60
2465 59
2465 59
2465 60
2465 59
2465 58
2465 59
2465 59
2465 58
2465 58
2465 59
2465 60
2470 56
2470 56
2470 56
2470 55
2470 58
2470 57
2470 56
2470 58
2470 57
2470 58
2470 56
2470 57
2470 56
2470 57
2470 57
2470 57
2470 56
2470 55
2470 57
2470 56
2470 58
2470 57
2470 55
2470 57
2470 58
2470 58
2470 58
2470 56
2470 58
2470 56
2470 58
2470 58
2470 57
2470 58
2470 57
2470 54
2470 57
2470 58
2470 58
2470 56
2470 57
2470 58
2470 58
2470 53
2470 57
2470 56
2470 56
2470 56
2470 56
2470 57
2470 58
2470 56
2470 58
2470 57
2470 57
2470 56
2470 57
2470 58
2470 59
2470 58
2470 58
2470 57
2470 58
2470 58
2470 58
2470 57
2470 57
2470 56
2470 58
2470 58
2470 57
2470 58
2470 56
2470 58
2470 56
2470 56
2470 58
2470 58
2470 57
2470 57
2470 58
2470 58
2470 57
2470 56
2470 58
2470 57
2470 58
2470 58
2470 57
2470 56
2470 57
2470 58
2470 57
2470 58
2470 58
2470 58
2470 57
2470 56
2470 56
2475 56
2475 57
2475 54
2475 56
2475 55
2475 54
2475 52
2475 56
2475 54
2475 55
2475 55
2475 57
2475 55
2475 55
2475 54
2475 56
2475 54
2475 57
2475 54
2475 55
2475 56
2475 55
2475 55
2475 56
2475 54
2475 54
2475 56
2475 54
2475 56
2475 54
2475 56
2475 55
2475 56
2475 55
2475 55
2475 54
2475 54
2475 55
2475 56
2475 53
2475 54
2475 57
2475 55
2475 53
2475 55
2475 55
2475 56
2475 54
2475 54
2475 53
2475 56
2475 54
2475 56
2475 53
2475 55
2475 55
2475 54
2475 56
2475 54
2475 54
2475 56
2475 54
2475 54
2475 56
2475 57
2475 56
2475 54
2475 54
2475 56
2475 54
2475 54
2475 54
2475 54
2475 54
2475 56
2475 55
2475 55
2475 54
2475 57
2475 55
2475 55
2475 54
2475 55
2475 53
2475 56
2475 56
2475 55
2475 56
2475 54
2475 55
2475 55
2475 55
2475 56
2475 55
2475 54
2475 56
2475 55
2475 55
2475 55
2475 56
2480 53
2480 53
2480 51
2480 54
2480 53
2480 52
2480 51
2480 51
2480 52
2480 51
2480 51
2480 52
2480 53
2480 51
2480 51
2480 52
2480 52
2480 52
2480 51
2480 50
2480 53
2480 51
2480 54
2480 52
2480 52
2480 53
2480 52
2480 53
2480 53
2480 51
2480 52
2480 52
2480 53
2480 52
2480 51
2480 52
2480 52
2480 52
2480 52
2480 52
2480 53
2480 53
2480 54
2480 52
2480 51
2480 52
2480 51
2480 50
2480 51
2480 52
2480 52
2480 51
2480 52
2480 52
2480 52
2480 53
2480 52
2480 52
2480 53
2480 51
2480 51
2480 51
2480 53
2480 51
2480 53
2480 53
2480 51
2480 52
2480 52
2480 51
2480 52
2480 53
2480 53
2480 52
2480 52
2480 52
2480 53
2480 52
2480 51
2480 51
2480 53
2480 51
2480 53
2480 51
2480 51
2480 52
2480 51
2480 53
2480 53
2480 51
2480 51
2480 51
2480 52
2480 52
2480 52
2480 51
2480 54
2480 53
2480 53
2480 52
2485 51
2485 49
2485 51
2485 51
2485 51
2485 52
2485 51
2485 50
2485 51
2485 51
2485 51
2485 50
2485 50
2485 51
2485 51
2485 50
2485 49
2485 51
2485 52
2485 50
2485 51
2485 50
2485 50
2485 51
2485 50
2485 52
2485 51
2485 51
2485 50
2485 51
2485 51
2485 52
2485 51
2485 51
2485 50
2485 49
2485 51
2485 51
2485 51
2485 50
2485 50
2485 50
2485 50
2485 51
2485 51
2485 51
2485 51
2485 50
2485 51
2485 50
2485 52
2485 51
2485 51
2485 51
2485 50
2485 53
2485 48
2485 51
2485 51
2485 50
2485 50
2485 51
2485 51
2485 51
2485 50
2485 51
2485 51
2485 51
2485 50
2485 50
2485 50
2485 52
2485 49
2485 50
2485 50
2485 50
2485 49
2485 49
2485 52
2485 52
2485 49
2485 50
2485 50
2485 50
2485 49
2485 50
2485 51
2485 50
2485 51
2485 51
2485 51
2485 50
2485 50
2485 51
2485 51
2485 51
2485 51
2485 49
2485 52
2490 49
2490 50
2490 50
2490 47
2490 50
2490 48
2490 49
2490 49
2490 49
2490 49
2490 49
2490 49
2490 48
2490 50
2490 49
2490 51
2490 48
2490 50
2490 50
2490 49
2490 50
2490 49
2490 49
2490 51
2490 50
2490 48
2490 49
2490 50
2490 49
2490 49
2490 49
2490 48
2490 48
2490 48
2490 50
2490 49
2490 47
2490 48
2490 48
2490 49
2490 49
2490 49
2490 50
2490 48
2490 49
2490 50
2490 49
2490 49
2490 49
2490 49
2490 49
2490 51
2490 48
2490 48
2490 51
2490 50
2490 49
2490 50
2490 50
2490 49
2490 48
2490 49
2490 49
2490 49
2490 49
2490 50
2490 51
2490 48
2490 51
2490 47
2490 48
2490 49
2490 49
2490 51
2490 49
2490 49
2490 49
2490 49
2490 49
2490 49
2490 51
2490 48
2490 49
2490 49
2490 49
2490 49
2490 49
2490 49
2490 50
2490 49
2490 49
2490 49
2490 49
2490 49
2490 49
2490 48
2490 49
2490 49
2490 49
2495 46
2495 47
2495 48
2495 48
2495 47
2495 47
2495 47
2495 48
2495 48
2495 47
2495 48
2495 47
2495 46
2495 47
2495 47
2495 47
2495 48
2495 48
2495 47
2495 47
2495 47
2495 48
2495 48
2495 49
2495 46
2495 48
2495 48
2495 47
2495 48
2495 47
2495 49
2495 48
2495 46
2495 47
2495 47
2495 47
2495 48
2495 47
2495 48
2495 49
2495 48
2495 47
2495 48
2495 49
2495 48
2495 48
2495 48
2495 48
2495 46
2495 47
2495 48
2495 48
2495 46
2495 48
2495 47
2495 46
2495 46
2495 47
2495 48
2495 47
2495 47
2495 47
2495 47
2495 46
2495 48
2495 47
2495 48
2495 47
2495 47
2495 47
2495 47
2495 49
2495 47
2495 48
2495 48
2495 47
2495 47
2495 49
2495 48
2495 49
2495 49
2495 47
2495 46
2495 47
2495 47
2495 47
2495 47
2495 47
2495 48
2495 48
2495 47
2495 47
2495 48
2495 49
2495 46
2495 49
2495 49
2495 45
2500 45
2500 45
2500 44
2500 44
2500 45
2500 46
2500 45
2500 47
2500 46
2500 45
2500 46
2500 45
2500 45
2500 46
2500 45
2500 46
2500 45
2500 46
2500 45
2500 47
2500 46
2500 45
2500 45
2500 45
2500 46
2500 46
2500 47
2500 47
2500 47
2500 44
2500 47
2500 45
2500 45
2500 46
2500 47
2500 45
2500 45
2500 44
2500 46
2500 45
2500 45
2500 45
2500 46
2500 45
2500 45
2500 45
2500 46
2500 45
2500 44
2500 45
2500 45
2500 45
2500 45
2500 45
2500 45
2500 45
2500 45
2500 43
2500 45
2500 46
2500 46
2500 45
2500 45
2500 45
2500 45
2500 43
2500 45
2500 47
2500 45
2500 44
2500 46
2500 45
2500 46
2500 45
2500 47
2500 44
2500 45
2500 45
2500 44
2500 43
2500 45
2500 44
2500 45
2500 45
2500 45
2500 45
2500 46
2500 44
2500 47
2500 43
2500 44
2500 45
2500 46
2500 45
2500 46
2500 47
2500 45
2500 45
2500 45
2500 43
2505 42
2505 42
2505 43
2505 42
2505 43
2505 42
2505 45
2505 44
2505 43
2505 45
2505 42
2505 42
2505 44
2505 42
2505 44
2505 42
2505 42
2505 43
2505 45
2505 42
2505 44
2505 43
2505 43
2505 42
2505 42
2505 43
2505 43
2505 42
2505 43
2505 42
2505 43
2505 44
2505 42
2505 43
2505 42
2505 44
2505 42
2505 43
2505 44
2505 43
2505 42
2505 44
2505 44
2505 44
2505 42
2505 42
2505 45
2505 43
2505 45
2505 45
2505 44
2505 46
2505 42
2505 42
2505 42
2505 42
2505 44
2505 43
2505 42
2505 42
2505 45
2505 43
2505 42
2505 44
2505 45
2505 42
2505 42
2505 42
2505 42
2505 42
2505 45
2505 45
2505 43
2505 42
2505 43
2505 45
2505 42
2505 43
2505 44
2505 44
2505 42
2505 43
2505 43
2505 42
2505 43
2505 42
2505 45
2505 42
2505 42
2505 43
2505 42
2505 45
2505 42
2505 45
2505 44
2505 42
2505 44
2505 42
2505 43
2510 42
2510 42
2510 41
2510 42
2510 42
2510 41
2510 42
2510 41
2510 41
2510 41
2510 41
2510 42
2510 41
2510 42
2510 41
2510 42
2510 42
2510 41
2510 41
2510 42
2510 42
2510 42
2510 42
2510 42
2510 44
2510 41
2510 41
2510 41
2510 42
2510 41
2510 42
2510 40
2510 39
2510 41
2510 41
2510 41
2510 42
2510 42
2510 41
2510 42
2510 42
2510 42
2510 42
2510 42
2510 40
2510 42
2510 42
2510 42
2510 42
2510 42
2510 42
2510 42
2510 41
2510 41
2510 41
2510 41
2510 42
2510 42
2510 40
2510 42
2510 42
2510 42
2510 42
2510 42
2510 42
2510 42
2510 42
2510 42
2510 42
2510 41
2510 42
2510 42
2510 42
2510 42
2510 42
2510 42
2510 41
2510 42
2510 41
2510 42
2510 42
2510 41
2510 43
2510 42
2510 42
2510 42
2510 42
2510 41
2510 42
2510 42
2510 40
2510 41
2510 41
2510 41
2510 41
2510 42
2510 42
2510 41
2510 40
2515 40
2515 40
2515 40
2515 40
2515 41
2515 39
2515 40
2515 39
2515 40
2515 41
2515 39
2515 39
2515 40
2515 41
2515 41
2515 41
2515 40
2515 40
2515 40
2515 37
2515 39
2515 42
2515 41
2515 42
2515 40
2515 40
2515 41
2515 41
2515 39
2515 40
2515 40
2515 42
2515 41
2515 41
2515 41
2515 40
2515 40
2515 39
2515 41
2515 40
2515 40
2515 38
2515 41
2515 40
2515 39
2515 39
2515 39
2515 39
2515 39
2515 40
2515 40
2515 41
2515 41
2515 40
2515 40
2515 39
2515 40
2515 39
2515 41
2515 39
2515 40
2515 39
2515 39
2515 37
2515 39
2515 40
2515 40
2515 40
2515 41
2515 40
2515 40
2515 41
2515 39
2515 41
2515 42
2515 40
2515 40
2515 39
2515 40
2515 37
2515 40
2515 39
2515 39
2515 39
2515 40
2515 39
2515 40
2515 40
2515 39
2515 40
2515 40
2515 42
2515 39
2515 40
2515 40
2515 39
2515 39
2515 39
2520 38
2520 37
2520 36
2520 39
2520 37
2520 36
2520 36
2520 37
2520 39
2520 37
2520 37
2520 36
2520 37
2520 37
2520 37
2520 36
2520 37
2520 38
2520 37
2520 37
2520 37
2520 37
2520 36
2520 36
2520 37
2520 36
2520 38
2520 37
2520 37
2520 35
2520 36
2520 36
2520 36
2520 37
2520 35
2520 36
2520 37
2520 36
2520 37
2520 37
2520 35
2520 37
2520 37
2520 37
2520 37
2520 37
2520 37
2520 37
2520 37
2520 36
2520 35
2520 37
2520 37
2520 36
2520 36
2520 38
2520 37
2520 36
2520 36
2520 39
2520 37
2520 37
2520 37
2520 38
2520 38
2520 37
2520 37
2520 35
2520 36
2520 36
2520 37
2520 36
2520 37
2520 36
2520 36
2520 37
2520 38
2520 37
2520 37
2520 37
2520 35
2520 36
2520 37
2520 35
2520 36
2520 36
2520 37
2520 37
2520 36
2520 36
2520 36
2520 37
2520 37
2520 38
2520 36
2520 39
2520 37
2520 36
2520 37
2520 37
2525 34
2525 35
2525 36
2525 34
2525 37
2525 35
2525 36
2525 33
2525 34
2525 34
2525 36
2525 35
2525 35
2525 35
2525 34
2525 35
2525 35
2525 35
2525 35
2525 36
2525 35
2525 33
2525 36
2525 35
2525 35
2525 36
2525 36
2525 36
2525 34
2525 37
2525 35
2525 35
2525 34
2525 33
2525 35
2525 36
2525 36
2525 36
2525 36
2525 36
2525 34
2525 35
2525 36
2525 35
2525 36
2525 33
2525 34
2525 35
2525 35
2525 35
2525 35
2525 33
2525 37
2525 35
2525 35
2525 36
2525 35
2525 36
2525 34
2525 35
2525 36
2525 36
2525 37
2525 34
2525 34
2525 36
2525 35
2525 34
2525 35
2525 35
2525 34
2525 33
2525 35
2525 35
2525 34
2525 36
2525 35
2525 32
2525 34
2525 33
2525 35
2525 35
2525 35
2525 37
2525 34
2525 33
2525 36
2525 34
2525 36
2525 35
2525 34
2525 33
2525 36
2525 36
2525 33
2525 35
2525 35
2525 34
2525 35
2525 35
2530 32
2530 33
2530 33
2530 33
2530 33
2530 33
2530 33
2530 34
2530 32
2530 33
2530 32
2530 33
2530 33
2530 34
2530 34
2530 33
2530 33
2530 33
2530 34
2530 33
2530 32
2530 34
2530 33
2530 33
2530 34
2530 34
2530 33
2530 34
2530 34
2530 33
2530 33
2530 33
2530 32
2530 35
2530 34
2530 33
2530 33
2530 34
2530 32
2530 33
2530 33
2530 33
2530 33
2530 31
2530 34
2530 33
2530 33
2530 32
2530 34
2530 33
2530 32
2530 33
2530 34
2530 33
2530 32
2530 33
2530 34
2530 33
2530 33
2530 35
2530 33
2530 34
2530 33
2530 32
2530 34
2530 33
2530 35
2530 33
2530 34
2530 33
2530 33
2530 33
2530 34
2530 33
2530 32
2530 33
2530 32
2530 33
2530 33
2530 33
2530 33
2530 34
2530 34
2530 34
2530 34
2530 32
2530 33
2530 33
2530 33
2530 32
2530 32
2530 32
2530 34
2530 33
2530 34
2530 34
2530 33
2530 33
2530 33
2530 34
2535 31
2535 31
2535 32
2535 32
2535 33
2535 32
2535 31
2535 31
2535 32
2535 31
2535 30
2535 31
2535 32
2535 31
2535 32
2535 32
2535 31
2535 32
2535 30
2535 32
2535 32
2535 31
2535 32
2535 31
2535 32
2535 32
2535 33
2535 32
2535 32
2535 31
2535 31
2535 32
2535 31
2535 31
2535 31
2535 32
2535 32
2535 32
2535 31
2535 32
2535 31
2535 32
2535 31
2535 31
2535 31
2535 31
2535 31
2535 32
2535 31
2535 31
2535 31
2535 33
2535 33
2535 31
2535 32
2535 30
2535 30
2535 30
2535 32
2535 33
2535 33
2535 32
2535 32
2535 31
2535 32
2535 33
2535 31
2535 31
2535 32
2535 32
2535 32
2535 31
2535 33
2535 32
2535 32
2535 32
2535 30
2535 31
2535 31
2535 33
2535 31
2535 31
2535 30
2535 32
2535 30
2535 31
2535 31
2535 31
2535 31
2535 32
2535 31
2535 32
2535 30
2535 32
2535 32
2535 31
2535 31
2535 31
2535 32
2535 32
2540 31
2540 29
2540 28
2540 28
2540 28
2540 30
2540 31
2540 30
2540 30
2540 31
2540 29
2540 29
2540 30
2540 30
2540 30
2540 29
2540 29
2540 30
2540 29
2540 30
2540 28
2540 29
2540 30
2540 30
2540 29
2540 30
2540 30
2540 30
2540 30
2540 29
2540 28
2540 29
2540 30
2540 30
2540 29
2540 30
2540 29
2540 28
2540 28
2540 31
2540 30
2540 30
2540 29
2540 29
2540 30
2540 30
2540 30
2540 31
2540 28
2540 29
2540 28
2540 30
2540 29
2540 28
2540 29
2540 31
2540 29
2540 29
2540 30
2540 29
2540 31
2540 30
2540 31
2540 30
2540 29
2540 30
2540 30
2540 31
2540 30
2540 30
2540 30
2540 29
2540 30
2540 30
2540 30
2540 30
2540 30
2540 28
2540 29
2540 29
2540 30
2540 30
2540 30
2540 30
2540 30
2540 29
2540 30
2540 30
2540 29
2540 30
2540 30
2540 29
2540 30
2540 29
2540 29
2540 30
2540 30
2540 29
2540 30
2540 31
2545 28
2545 29
2545 27
2545 28
2545 29
2545 27
2545 27
2545 27
2545 27
2545 28
2545 28
2545 27
2545 27
2545 28
2545 27
2545 27
2545 28
2545 27
2545 28
2545 26
2545 28
2545 28
2545 27
2545 28
2545 27
2545 27
2545 26
2545 26
2545 27
2545 26
2545 27
2545 28
2545 27
2545 28
2545 26
2545 28
2545 28
2545 28
2545 26
2545 27
2545 27
2545 28
2545 26
2545 27
2545 27
2545 27
2545 29
2545 27
2545 27
2545 26
2545 28
2545 27
2545 29
2545 28
2545 29
2545 27
2545 27
2545 26
2545 28
2545 26
2545 27
2545 27
2545 27
2545 27
2545 27
2545 26
2545 27
2545 27
2545 26
2545 28
2545 29
2545 27
2545 29
2545 26
2545 26
2545 28
2545 28
2545 26
2545 27
2545 26
2545 27
2545 27
2545 27
2545 28
2545 29
2545 29
2545 26
2545 28
2545 27
2545 27
2545 28
2545 27
2545 27
2545 27
2545 27
2545 27
2545 28
2545 27
2545 28
2545 28
2550 26
2550 24
2550 26
2550 24
2550 26
2550 27
2550 27
2550 26
2550 25
2550 26
2550 26
2550 26
2550 27
2550 26
2550 26
2550 27
2550 26
2550 26
2550 26
2550 27
2550 27
2550 26
2550 27
2550 26
2550 26
2550 26
2550 27
2550 25
2550 26
2550 26
2550 27
2550 26
2550 25
2550 24
2550 27
2550 27
2550 25
2550 26
2550 27
2550 26
2550 26
2550 26
2550 26
2550 26
2550 25
2550 24
2550 26
2550 24
2550 26
2550 26
2550 26
2550 26
2550 26
2550 26
2550 26
2550 26
2550 26
2550 26
2550 26
2550 25
2550 27
2550 26
2550 26
2550 26
2550 26
2550 26
2550 26
2550 26
2550 27
2550 26
2550 26
2550 26
2550 25
2550 26
2550 26
2550 25
2550 24
2550 26
2550 26
2550 26
2550 27
2550 26
2550 26
2550 26
2550 27
2550 26
2550 24
2550 25
2550 26
2550 26
2550 25
2550 26
2550 26
2550 26
2550 24
2550 26
2550 26
2550 26
2550 26
2550 25
2555 23
2555 24
2555 22
2555 25
2555 24
2555 24
2555 25
2555 24
2555 24
2555 23
2555 24
2555 24
2555 25
2555 23
2555 24
2555 24
2555 23
2555 24
2555 25
2555 25
2555 24
2555 24
2555 25
2555 24
2555 26
2555 24
2555 25
2555 25
2555 24
2555 23
2555 24
2555 26
2555 22
2555 25
2555 24
2555 24
2555 23
2555 25
2555 25
2555 25
2555 21
2555 23
2555 24
2555 24
2555 24
2555 24
2555 24
2555 23
2555 25
2555 26
2555 24
2555 26
2555 24
2555 22
2555 24
2555 22
2555 22
2555 22
2555 25
2555 25
2555 22
2555 24
2555 25
2555 22
2555 26
2555 24
2555 24
2555 23
2555 22
2555 25
2555 25
2555 24
2555 25
2555 22
2555 24
2555 24
2555 25
2555 23
2555 25
2555 24
2555 24
2555 26
2555 25
2555 24
2555 26
2555 24
2555 25
2555 24
2555 24
2555 26
2555 23
2555 24
2555 25
2555 24
2555 24
2555 26
2555 24
2555 24
2555 24
2560 21
2560 22
2560 22
2560 19
2560 22
2560 21
2560 22
2560 22
2560 22
2560 22
2560 24
2560 22
2560 22
2560 22
2560 21
2560 24
2560 22
2560 22
2560 22
2560 22
2560 21
2560 22
2560 21
2560 20
2560 21
2560 23
2560 22
2560 21
2560 21
2560 20
2560 23
2560 22
2560 22
2560 23
2560 21
2560 20
2560 22
2560 21
2560 24
2560 21
2560 22
2560 21
2560 20
2560 21
2560 20
2560 22
2560 21
2560 21
2560 22
2560 22
2560 20
2560 20
2560 20
2560 23
2560 22
2560 20
2560 22
2560 23
2560 21
2560 22
2560 20
2560 24
2560 24
2560 23
2560 22
2560 22
2560 19
2560 22
2560 21
2560 21
2560 22
2560 21
2560 22
2560 20
2560 22
2560 21
2560 21
2560 21
2560 21
2560 21
2560 21
2560 20
2560 20
2560 23
2560 24
2560 20
2560 20
2560 22
2560 23
2560 22
2560 21
2560 21
2560 21
2560 22
2560 22
2560 21
2560 21
2560 22
2560 21
2565 19
2565 20
2565 20
2565 22
2565 18
2565 19
2565 19
2565 20
2565 19
2565 19
2565 19
2565 22
2565 20
2565 19
2565 19
2565 20
2565 19
2565 17
2565 19
2565 20
2565 20
2565 19
2565 19
2565 20
2565 21
2565 21
2565 20
2565 19
2565 21
2565 19
2565 19
2565 21
2565 20
2565 20
2565 19
2565 19
2565 19
2565 21
2565 21
2565 19
2565 22
2565 21
2565 19
2565 19
2565 21
2565 20
2565 19
2565 21
2565 20
2565 19
2565 19
2565 18
2565 19
2565 18
2565 19
2565 21
2565 19
2565 19
2565 20
2565 19
2565 20
2565 20
2565 19
2565 20
2565 20
2565 19
2565 21
2565 19
2565 20
2565 20
2565 19
2565 20
2565 19
2565 20
2565 21
2565 22
2565 19
2565 20
2565 20
2565 20
2565 21
2565 19
2565 20
2565 19
2565 19
2565 18
2565 19
2565 19
2565 20
2565 19
2565 19
2565 18
2565 19
2565 18
2565 20
2565 20
2565 20
2565 20
2565 21
2565 19
2570 18
2570 19
2570 17
2570 18
2570 19
2570 18
2570 17
2570 19
2570 17
2570 18
2570 18
2570 18
2570 19
2570 19
2570 18
2570 19
2570 18
2570 18
2570 19
2570 17
2570 17
2570 19
2570 17
2570 18
2570 18
2570 19
2570 17
2570 18
2570 18
2570 19
2570 19
2570 18
2570 18
2570 18
2570 17
2570 18
2570 19
2570 18
2570 18
2570 18
2570 17
2570 19
2570 18
2570 18
2570 17
2570 18
2570 17
2570 17
2570 18
2570 18
2570 17
2570 19
2570 19
2570 18
2570 18
2570 17
2570 19
2570 18
2570 18
2570 19
2570 18
2570 19
2570 19
2570 18
2570 19
2570 18
2570 19
2570 18
2570 18
2570 18
2570 19
2570 18
2570 18
2570 18
2570 17
2570 17
2570 17
2570 18
2570 19
2570 18
2570 17
2570 19
2570 17
2570 18
2570 19
2570 19
2570 18
2570 19
2570 18
2570 18
2570 18
2570 18
2570 18
2570 19
2570 17
2570 18
2570 19
2570 18
2570 18
2575 17
2575 16
2575 17
2575 16
2575 16
2575 17
2575 16
2575 16
2575 15
2575 17
2575 16
2575 16
2575 16
2575 18
2575 16
2575 16
2575 15
2575 14
2575 17
2575 16
2575 18
2575 16
2575 16
2575 17
2575 17
2575 16
2575 16
2575 17
2575 17
2575 17
2575 16
2575 17
2575 16
2575 16
2575 16
2575 15
2575 17
2575 16
2575 17
2575 16
2575 17
2575 15
2575 16
2575 16
2575 15
2575 16
2575 17
2575 17
2575 17
2575 18
2575 18
2575 16
2575 16
2575 17
2575 16
2575 17
2575 17
2575 17
2575 17
2575 17
2575 16
2575 17
2575 17
2575 17
2575 17
2575 15
2575 17
2575 15
2575 15
2575 17
2575 16
2575 17
2575 15
2575 15
2575 15
2575 17
2575 17
2575 16
2575 15
2575 15
2575 16
2575 17
2575 16
2575 17
2575 16
2575 17
2575 15
2575 17
2575 17
2575 17
2575 17
2575 17
2575 15
2575 16
2575 17
2575 16
2575 17
2575 17
2575 17
2575 17
2580 13
2580 12
2580 14
2580 13
2580 15
2580 14
2580 14
2580 13
2580 14
2580 13
2580 13
2580 13
2580 15
2580 13
2580 13
2580 13
2580 13
2580 14
2580 15
2580 14
2580 13
2580 14
2580 14
2580 14
2580 13
2580 14
2580 14
2580 13
2580 14
2580 14
2580 14
2580 13
2580 13
2580 14
2580 15
2580 13
2580 14
2580 13
2580 14
2580 14
2580 14
2580 11
2580 14
2580 14
2580 13
2580 15
2580 15
2580 13
2580 13
2580 13
2580 15
2580 13
2580 14
2580 13
2580 13
2580 13
2580 13
2580 14
2580 14
2580 13
2580 12
2580 14
2580 14
2580 13
2580 13
2580 14
2580 14
2580 14
2580 15
2580 13
2580 14
2580 14
2580 14
2580 13
2580 13
2580 13
2580 14
2580 13
2580 13
2580 14
2580 14
2580 14
2580 15
2580 14
2580 14
2580 16
2580 13
2580 13
2580 13
2580 13
2580 14
2580 13
2580 14
2580 13
2580 14
2580 13
2580 14
2580 13
2580 14
2585 13
2585 12
2585 11
2585 10
2585 10
2585 10
2585 10
2585 10
2585 10
2585 11
2585 12
2585 10
2585 11
2585 11
2585 13
2585 11
2585 12
2585 12
2585 11
2585 13
2585 13
2585 13
2585 11
2585 13
2585 10
2585 13
2585 11
2585 12
2585 12
2585 10
2585 11
2585 11
2585 13
2585 11
2585 10
2585 12
2585 12
2585 10
2585 12
2585 11
2585 11
2585 10
2585 12
2585 13
2585 10
2585 12
2585 10
2585 13
2585 13
2585 15
2585 11
2585 12
2585 13
2585 12
2585 12
2585 13
2585 11
2585 10
2585 12
2585 10
2585 12
2585 10
2585 13
2585 11
2585 13
2585 14
2585 12
2585 13
2585 11
2585 10
2585 10
2585 11
2585 11
2585 11
2585 10
2585 11
2585 10
2585 10
2585 13
2585 13
2585 13
2585 11
2585 13
2585 11
2585 12
2585 13
2585 11
2585 13
2585 11
2585 13
2585 12
2585 13
2585 10
2585 12
2585 12
2585 13
2585 12
2585 13
2585 11
2585 13
2590 10
2590 10
2590 9
2590 10
2590 10
2590 10
2590 10
2590 9
2590 10
2590 10
2590 10
2590 11
2590 11
2590 10
2590 10
2590 10
2590 10
2590 8
2590 10
2590 10
2590 9
2590 10
2590 10
2590 9
2590 10
2590 10
2590 10
2590 9
2590 10
2590 10
2590 9
2590 10
2590 10
2590 10
2590 10
2590 10
2590 10
2590 10
2590 9
2590 9
2590 10
2590 10
2590 10
2590 10
2590 10
2590 10
2590 11
2590 10
2590 10
2590 10
2590 10
2590 10
2590 10
2590 10
2590 10
2590 10
2590 10
2590 9
2590 11
2590 10
2590 10
2590 10
2590 9
2590 10
2590 10
2590 10
2590 10
2590 10
2590 11
2590 13
2590 9
2590 10
2590 8
2590 10
2590 9
2590 10
2590 10
2590 10
2590 9
2590 10
2590 10
2590 10
2590 9
2590 12
2590 10
2590 9
2590 10
2590 11
2590 10
2590 11
2590 10
2590 10
2590 10
2590 11
2590 10
2590 10
2590 10
2590 10
2590 10
2590 10
2595 9
2595 8
2595 7
2595 8
2595 7
2595 7
2595 8
2595 7
2595 8
2595 7
2595 8
2595 7
2595 7
2595 9
2595 5
2595 7
2595 9
2595 9
2595 7
2595 9
2595 7
2595 7
2595 9
2595 8
2595 8
2595 8
2595 8
2595 8
2595 5
2595 8
2595 9
2595 8
2595 8
2595 8
2595 8
2595 8
2595 10
2595 9
2595 9
2595 9
2595 8
2595 8
2595 7
2595 7
2595 7
2595 9
2595 8
2595 9
2595 8
2595 8
2595 9
2595 8
2595 8
2595 6
2595 10
2595 6
2595 7
2595 8
2595 8
2595 7
2595 7
2595 6
2595 7
2595 10
2595 7
2595 8
2595 8
2595 9
2595 9
2595 8
2595 8
2595 8
2595 8
2595 8
2595 8
2595 7
2595 7
2595 8
2595 5
2595 7
2595 9
2595 10
2595 8
2595 9
2595 8
2595 8
2595 7
2595 8
2595 7
2595 8
2595 7
2595 8
2595 9
2595 8
2595 7
2595 9
2595 8
2595 9
2595 8
2595 8
2600 5
2600 7
2600 7
2600 5
2600 4
2600 4
2600 5
2600 4
2600 4
2600 6
2600 7
2600 6
2600 6
2600 4
2600 8
2600 6
2600 4
2600 5
2600 5
2600 4
2600 5
2600 4
2600 5
2600 5
2600 5
2600 5
2600 5
2600 4
2600 4
2600 8
2600 4
2600 4
2600 5
2600 4
2600 5
2600 7
2600 4
2600 5
2600 5
2600 4
2600 7
2600 5
2600 4
2600 4
2600 4
2600 5
2600 4
2600 4
2600 4
2600 5
2600 5
2600 5
2600 4
2600 5
2600 6
2600 5
2600 4
2600 5
2600 5
2600 11
2600 7
2600 5
2600 5
2600 4
2600 4
2600 6
2600 5
2600 4
2600 5
2600 5
2600 4
2600 4
2600 6
2600 4
2600 4
2600 4
2600 4
2600 5
2600 5
2600 4
2600 5
2600 4
2600 4
2600 5
2600 5
2600 4
2600 5
2600 4
2600 5
2600 5
2600 4
2600 6
2600 5
2600 5
2605 4
2605 4
2605 4
2605 4
2605 4
2605 4
2605 4
2605 4
2605 4
2605 4
2605 4
2605 4
2605 4
2605 4
2605 4
2605 4
2605 5
2605 4
2605 4
2605 7
2605 4
2605 4
2605 4
