TOA measurement vs Delay ---- Mon Jun 15 01:04:09 2020
Pixel = 5
config file = config/asic_config_B4.yml
NofIterations = 100
LSBest = 24.809061929010312
mean value = [  0.           0.           0.           0.           0.
   0.           0.           0.           0.           0.
   0.           0.           0.           0.           0.
   0.           0.           0.           0.         126.
 123.96       122.17171717 121.01       118.69       116.32
 114.87878788 112.59       111.         108.87       106.9
 105.18181818 103.68       101.12        98.01        96.88
  95.          93.15        90.89        89.34        87.26
  85.27        83.23        81.45        79.45        77.3877551
  75.28        73.98989899  72.12        69.56        66.8989899
  65.18        63.54        61.94        59.66        57.99
  56.72        53.98        52.          50.67        48.26
  46.7979798   45.01        43.07        41.38383838  39.23
  37.19        34.55        33.          30.8989899   29.69
  27.46        25.95        24.14        22.14        20.42
  18.98        16.03        14.84        13.04        11.03
   8.98         7.04         4.98         0.           0.
   0.           0.           0.           0.           0.
   0.           0.           0.           0.           0.
   0.           0.           0.           0.           0.        ]
sigma = [0.         0.         0.         0.         0.         0.
 0.         0.         0.         0.         0.         0.
 0.         0.         0.         0.         0.         0.
 0.         0.28867513 0.49166384 0.53494839 0.30534134 0.82294188
 0.56650978 0.53931733 0.57029232 0.28867513 0.48624411 0.4163332
 0.481761   0.61719797 1.29187203 0.33650161 0.51858783 0.35118846
 0.87797115 0.5111099  0.55473718 0.660101   0.56606831 0.56606831
 0.68617296 0.57518113 0.56633419 0.63634372 0.41730132 0.43466462
 0.6706216  0.4845064  0.48055523 0.5930711  0.39966653 0.57247999
 0.30534134 0.62042996 0.32083225 0.28867513 0.72417769 0.62907339
 0.49451125 0.30534134 0.38527047 0.69387029 0.86048436 0.61419324
 0.59231185 0.32145503 0.41730132 0.56323471 0.57596296 0.36170891
 0.82688169 0.45136829 0.58901047 0.32083225 0.46090491 0.46661905
 0.34890304 0.36391391 0.37806525 0.8010826  0.99142994 0.
 0.         0.         0.         0.         0.         0.
 0.         0.         0.         0.         0.         0.
 0.         0.         0.         0.        ]
Pulse delay   TOA 
2200 111
2290 126
2290 126
2295 126
2295 126
2295 126
2295 126
2295 126
2295 126
2295 126
2295 126
2295 126
2295 126
2295 126
2295 126
2295 126
2295 126
2295 126
2295 126
2295 126
2295 126
2295 126
2295 126
2295 126
2295 126
2295 126
2295 126
2295 126
2295 126
2295 126
2295 126
2295 126
2295 126
2295 126
2295 126
2295 126
2295 126
2295 126
2295 126
2295 126
2295 126
2295 126
2295 126
2295 126
2295 126
2295 126
2295 126
2295 126
2295 126
2295 126
2295 126
2295 126
2295 126
2295 126
2295 126
2295 126
2295 126
2295 126
2295 126
2295 126
2295 126
2295 126
2295 126
2295 126
2295 126
2295 126
2295 126
2295 126
2295 126
2295 126
2295 126
2295 126
2295 126
2295 126
2295 126
2295 126
2295 126
2295 126
2295 126
2295 126
2295 126
2295 126
2295 126
2295 126
2295 126
2300 124
2300 124
2300 124
2300 124
2300 124
2300 124
2300 124
2300 124
2300 124
2300 124
2300 123
2300 124
2300 124
2300 125
2300 124
2300 124
2300 124
2300 124
2300 124
2300 122
2300 122
2300 124
2300 124
2300 124
2300 124
2300 124
2300 124
2300 124
2300 125
2300 124
2300 124
2300 124
2300 124
2300 124
2300 125
2300 124
2300 124
2300 124
2300 124
2300 124
2300 124
2300 124
2300 124
2300 124
2300 124
2300 124
2300 124
2300 124
2300 124
2300 124
2300 124
2300 124
2300 124
2300 123
2300 124
2300 124
2300 124
2300 124
2300 124
2300 124
2300 124
2300 124
2300 124
2300 124
2300 124
2300 124
2300 124
2300 124
2300 124
2300 124
2300 123
2300 124
2300 124
2300 124
2300 124
2300 124
2300 125
2300 124
2300 124
2300 124
2300 124
2300 124
2300 123
2300 124
2300 124
2300 124
2300 124
2300 124
2300 124
2300 124
2300 124
2300 124
2300 124
2300 124
2300 124
2300 124
2300 124
2300 124
2300 124
2300 124
2305 122
2305 122
2305 122
2305 122
2305 122
2305 122
2305 122
2305 122
2305 122
2305 122
2305 122
2305 122
2305 122
2305 122
2305 121
2305 121
2305 122
2305 122
2305 122
2305 123
2305 122
2305 122
2305 123
2305 122
2305 122
2305 122
2305 123
2305 122
2305 122
2305 122
2305 122
2305 122
2305 123
2305 122
2305 122
2305 123
2305 123
2305 122
2305 123
2305 122
2305 122
2305 122
2305 123
2305 122
2305 123
2305 122
2305 122
2305 123
2305 122
2305 122
2305 122
2305 122
2305 122
2305 123
2305 122
2305 122
2305 122
2305 122
2305 122
2305 122
2305 122
2305 123
2305 122
2305 122
2305 122
2305 122
2305 123
2305 122
2305 122
2305 122
2305 122
2305 122
2305 122
2305 122
2305 122
2305 122
2305 122
2305 123
2305 123
2305 122
2305 122
2305 122
2305 122
2305 122
2305 122
2305 122
2305 123
2305 122
2305 123
2305 122
2305 122
2305 122
2305 122
2305 123
2305 123
2305 122
2305 122
2305 121
2305 123
2310 121
2310 121
2310 121
2310 121
2310 121
2310 121
2310 121
2310 121
2310 121
2310 121
2310 121
2310 121
2310 122
2310 121
2310 121
2310 121
2310 121
2310 121
2310 121
2310 121
2310 121
2310 121
2310 121
2310 121
2310 121
2310 121
2310 121
2310 121
2310 121
2310 121
2310 121
2310 121
2310 121
2310 121
2310 121
2310 121
2310 121
2310 121
2310 121
2310 121
2310 121
2310 121
2310 121
2310 121
2310 121
2310 121
2310 121
2310 121
2310 121
2310 121
2310 121
2310 121
2310 121
2310 121
2310 121
2310 121
2310 121
2310 121
2310 121
2310 121
2310 121
2310 121
2310 121
2310 121
2310 121
2310 121
2310 121
2310 121
2310 121
2310 121
2310 121
2310 121
2310 121
2310 121
2310 121
2310 121
2310 121
2310 121
2310 121
2310 121
2310 121
2310 121
2310 121
2310 121
2310 121
2310 121
2310 121
2310 121
2310 121
2310 121
2310 121
2310 121
2310 121
2310 121
2310 121
2310 121
2310 121
2310 121
2310 121
2310 121
2315 119
2315 119
2315 119
2315 119
2315 119
2315 119
2315 118
2315 117
2315 118
2315 118
2315 119
2315 119
2315 119
2315 119
2315 119
2315 119
2315 116
2315 119
2315 119
2315 118
2315 118
2315 119
2315 119
2315 119
2315 119
2315 117
2315 118
2315 119
2315 119
2315 118
2315 119
2315 119
2315 119
2315 119
2315 119
2315 119
2315 119
2315 119
2315 119
2315 119
2315 117
2315 117
2315 119
2315 119
2315 119
2315 119
2315 119
2315 119
2315 119
2315 119
2315 119
2315 119
2315 119
2315 119
2315 119
2315 119
2315 119
2315 119
2315 119
2315 119
2315 119
2315 117
2315 119
2315 119
2315 119
2315 119
2315 116
2315 117
2315 119
2315 119
2315 119
2315 119
2315 119
2315 119
2315 119
2315 119
2315 119
2315 118
2315 120
2315 119
2315 119
2315 119
2315 119
2315 119
2315 119
2315 119
2315 119
2315 119
2315 119
2315 119
2315 116
2315 116
2315 119
2315 119
2315 119
2315 119
2315 119
2315 119
2315 119
2315 119
2320 116
2320 116
2320 117
2320 116
2320 116
2320 116
2320 116
2320 116
2320 116
2320 116
2320 116
2320 116
2320 116
2320 117
2320 116
2320 116
2320 117
2320 116
2320 116
2320 116
2320 117
2320 117
2320 116
2320 116
2320 116
2320 117
2320 116
2320 116
2320 117
2320 116
2320 116
2320 116
2320 117
2320 116
2320 116
2320 117
2320 116
2320 117
2320 117
2320 116
2320 116
2320 117
2320 116
2320 117
2320 116
2320 116
2320 117
2320 116
2320 117
2320 117
2320 117
2320 117
2320 117
2320 116
2320 116
2320 116
2320 117
2320 116
2320 116
2320 116
2320 116
2320 117
2320 116
2320 117
2320 117
2320 116
2320 117
2320 117
2320 116
2320 116
2320 116
2320 115
2320 117
2320 116
2320 116
2320 116
2320 117
2320 117
2320 116
2320 117
2320 116
2320 116
2320 116
2320 116
2320 117
2320 116
2320 116
2320 116
2320 116
2320 116
2320 116
2320 117
2320 116
2320 117
2320 116
2320 116
2320 117
2320 116
2320 116
2320 116
2325 115
2325 115
2325 115
2325 115
2325 115
2325 115
2325 115
2325 115
2325 115
2325 113
2325 115
2325 115
2325 115
2325 115
2325 115
2325 115
2325 113
2325 115
2325 115
2325 115
2325 115
2325 115
2325 115
2325 115
2325 115
2325 115
2325 114
2325 115
2325 115
2325 115
2325 115
2325 115
2325 115
2325 115
2325 115
2325 115
2325 115
2325 115
2325 115
2325 115
2325 115
2325 115
2325 115
2325 115
2325 115
2325 115
2325 114
2325 115
2325 115
2325 115
2325 115
2325 115
2325 115
2325 115
2325 114
2325 115
2325 115
2325 115
2325 115
2325 115
2325 115
2325 115
2325 115
2325 115
2325 115
2325 115
2325 115
2325 112
2325 115
2325 115
2325 115
2325 115
2325 115
2325 115
2325 115
2325 115
2325 115
2325 115
2325 115
2325 115
2325 115
2325 115
2325 115
2325 115
2325 115
2325 115
2325 115
2325 115
2325 115
2325 115
2325 115
2325 114
2325 115
2325 115
2325 115
2325 114
2325 115
2325 115
2325 115
2330 113
2330 113
2330 113
2330 113
2330 112
2330 112
2330 113
2330 112
2330 112
2330 113
2330 113
2330 112
2330 113
2330 112
2330 113
2330 113
2330 113
2330 113
2330 113
2330 113
2330 112
2330 113
2330 113
2330 113
2330 112
2330 112
2330 113
2330 112
2330 112
2330 112
2330 112
2330 113
2330 112
2330 113
2330 113
2330 112
2330 113
2330 113
2330 113
2330 112
2330 113
2330 112
2330 112
2330 112
2330 113
2330 113
2330 112
2330 113
2330 113
2330 112
2330 112
2330 112
2330 113
2330 112
2330 113
2330 112
2330 113
2330 113
2330 113
2330 112
2330 113
2330 112
2330 112
2330 113
2330 113
2330 112
2330 112
2330 113
2330 113
2330 113
2330 112
2330 113
2330 113
2330 113
2330 112
2330 113
2330 112
2330 113
2330 113
2330 112
2330 113
2330 113
2330 113
2330 112
2330 113
2330 113
2330 113
2330 113
2330 112
2330 112
2330 113
2330 112
2330 112
2330 112
2330 113
2330 112
2330 113
2330 113
2330 113
2330 113
2335 111
2335 111
2335 111
2335 111
2335 111
2335 111
2335 111
2335 111
2335 111
2335 111
2335 111
2335 111
2335 111
2335 111
2335 111
2335 111
2335 111
2335 111
2335 111
2335 111
2335 111
2335 111
2335 111
2335 111
2335 111
2335 111
2335 111
2335 111
2335 111
2335 111
2335 111
2335 111
2335 111
2335 111
2335 111
2335 111
2335 111
2335 111
2335 111
2335 111
2335 111
2335 111
2335 111
2335 111
2335 111
2335 111
2335 111
2335 111
2335 111
2335 111
2335 111
2335 111
2335 111
2335 111
2335 111
2335 111
2335 111
2335 111
2335 111
2335 111
2335 111
2335 111
2335 111
2335 111
2335 111
2335 111
2335 111
2335 111
2335 111
2335 111
2335 111
2335 111
2335 111
2335 111
2335 111
2335 111
2335 111
2335 111
2335 111
2335 111
2335 111
2335 111
2335 111
2335 111
2335 111
2335 111
2335 111
2335 111
2335 111
2335 111
2335 111
2335 111
2335 111
2335 111
2335 111
2335 111
2335 111
2335 111
2335 111
2340 109
2340 109
2340 109
2340 109
2340 108
2340 109
2340 109
2340 109
2340 109
2340 108
2340 109
2340 109
2340 109
2340 109
2340 109
2340 109
2340 109
2340 109
2340 109
2340 109
2340 109
2340 109
2340 109
2340 109
2340 109
2340 109
2340 109
2340 109
2340 109
2340 109
2340 109
2340 109
2340 109
2340 109
2340 108
2340 109
2340 109
2340 109
2340 109
2340 108
2340 109
2340 109
2340 109
2340 109
2340 109
2340 109
2340 109
2340 109
2340 109
2340 108
2340 109
2340 109
2340 109
2340 109
2340 109
2340 108
2340 109
2340 109
2340 109
2340 108
2340 109
2340 108
2340 109
2340 109
2340 109
2340 109
2340 109
2340 109
2340 107
2340 109
2340 109
2340 109
2340 108
2340 109
2340 109
2340 107
2340 109
2340 109
2340 109
2340 109
2340 109
2340 109
2340 109
2340 109
2340 109
2340 109
2340 109
2340 109
2340 109
2340 109
2340 109
2340 109
2340 109
2340 109
2340 109
2340 109
2340 109
2340 109
2340 109
2340 109
2345 107
2345 107
2345 107
2345 107
2345 107
2345 107
2345 106
2345 107
2345 107
2345 107
2345 107
2345 107
2345 107
2345 107
2345 107
2345 107
2345 107
2345 107
2345 107
2345 107
2345 107
2345 107
2345 107
2345 107
2345 107
2345 107
2345 107
2345 107
2345 107
2345 107
2345 107
2345 107
2345 106
2345 107
2345 107
2345 107
2345 107
2345 107
2345 107
2345 107
2345 107
2345 107
2345 106
2345 107
2345 106
2345 107
2345 107
2345 107
2345 107
2345 107
2345 106
2345 107
2345 106
2345 107
2345 107
2345 107
2345 107
2345 107
2345 106
2345 107
2345 107
2345 107
2345 107
2345 107
2345 107
2345 107
2345 107
2345 107
2345 107
2345 107
2345 106
2345 107
2345 107
2345 107
2345 107
2345 107
2345 107
2345 107
2345 107
2345 107
2345 107
2345 107
2345 107
2345 107
2345 107
2345 107
2345 107
2345 107
2345 106
2345 107
2345 107
2345 107
2345 107
2345 107
2345 107
2345 107
2345 107
2345 107
2345 107
2345 106
2350 105
2350 105
2350 105
2350 105
2350 105
2350 105
2350 105
2350 105
2350 105
2350 105
2350 105
2350 105
2350 105
2350 105
2350 105
2350 105
2350 105
2350 105
2350 105
2350 106
2350 106
2350 105
2350 105
2350 106
2350 105
2350 105
2350 105
2350 105
2350 105
2350 105
2350 105
2350 106
2350 105
2350 105
2350 105
2350 105
2350 105
2350 105
2350 105
2350 105
2350 105
2350 106
2350 106
2350 105
2350 105
2350 105
2350 105
2350 105
2350 105
2350 105
2350 105
2350 105
2350 105
2350 105
2350 105
2350 105
2350 106
2350 105
2350 106
2350 105
2350 105
2350 106
2350 105
2350 106
2350 105
2350 105
2350 105
2350 105
2350 106
2350 105
2350 105
2350 105
2350 105
2350 105
2350 105
2350 106
2350 105
2350 105
2350 105
2350 105
2350 105
2350 106
2350 105
2350 105
2350 105
2350 105
2350 105
2350 105
2350 105
2350 105
2350 106
2350 105
2350 106
2350 105
2350 106
2350 105
2350 106
2350 105
2350 106
2355 104
2355 104
2355 103
2355 103
2355 103
2355 104
2355 104
2355 104
2355 102
2355 103
2355 103
2355 104
2355 103
2355 104
2355 103
2355 104
2355 104
2355 104
2355 104
2355 104
2355 104
2355 104
2355 103
2355 104
2355 104
2355 103
2355 102
2355 103
2355 104
2355 104
2355 104
2355 104
2355 104
2355 104
2355 104
2355 104
2355 104
2355 104
2355 104
2355 104
2355 104
2355 103
2355 104
2355 104
2355 103
2355 104
2355 104
2355 104
2355 104
2355 103
2355 104
2355 104
2355 104
2355 104
2355 104
2355 104
2355 104
2355 104
2355 104
2355 104
2355 103
2355 104
2355 104
2355 104
2355 103
2355 104
2355 104
2355 102
2355 103
2355 103
2355 104
2355 103
2355 104
2355 104
2355 103
2355 104
2355 104
2355 104
2355 103
2355 104
2355 104
2355 103
2355 104
2355 104
2355 104
2355 104
2355 103
2355 104
2355 104
2355 104
2355 104
2355 104
2355 104
2355 102
2355 104
2355 104
2355 103
2355 104
2355 103
2355 104
2360 99
2360 103
2360 101
2360 101
2360 101
2360 101
2360 99
2360 101
2360 103
2360 101
2360 101
2360 101
2360 99
2360 99
2360 101
2360 101
2360 101
2360 101
2360 101
2360 103
2360 101
2360 101
2360 99
2360 101
2360 101
2360 101
2360 101
2360 101
2360 103
2360 99
2360 103
2360 99
2360 101
2360 101
2360 101
2360 103
2360 101
2360 101
2360 101
2360 103
2360 101
2360 101
2360 101
2360 101
2360 99
2360 101
2360 101
2360 103
2360 101
2360 99
2360 101
2360 103
2360 101
2360 101
2360 103
2360 99
2360 101
2360 99
2360 101
2360 101
2360 103
2360 103
2360 101
2360 99
2360 99
2360 101
2360 103
2360 101
2360 101
2360 101
2360 103
2360 103
2360 101
2360 101
2360 103
2360 103
2360 103
2360 99
2360 103
2360 103
2360 101
2360 101
2360 101
2360 103
2360 103
2360 101
2360 101
2360 101
2360 101
2360 101
2360 101
2360 99
2360 99
2360 99
2360 101
2360 101
2360 101
2360 101
2360 101
2360 103
2365 98
2365 98
2365 98
2365 98
2365 98
2365 98
2365 98
2365 98
2365 98
2365 98
2365 97
2365 98
2365 98
2365 98
2365 98
2365 98
2365 98
2365 98
2365 98
2365 98
2365 98
2365 98
2365 98
2365 98
2365 98
2365 98
2365 98
2365 98
2365 98
2365 98
2365 98
2365 98
2365 98
2365 98
2365 98
2365 98
2365 98
2365 98
2365 98
2365 98
2365 98
2365 98
2365 98
2365 98
2365 98
2365 99
2365 98
2365 98
2365 98
2365 98
2365 98
2365 98
2365 98
2365 98
2365 99
2365 98
2365 98
2365 98
2365 98
2365 98
2365 98
2365 98
2365 98
2365 98
2365 98
2365 98
2365 98
2365 98
2365 98
2365 98
2365 98
2365 98
2365 98
2365 98
2365 98
2365 98
2365 98
2365 98
2365 98
2365 98
2365 98
2365 98
2365 98
2365 98
2365 98
2365 98
2365 98
2365 98
2365 98
2365 98
2365 98
2365 98
2365 98
2365 98
2365 98
2365 98
2365 98
2365 98
2365 98
2365 98
2370 97
2370 97
2370 97
2370 97
2370 97
2370 97
2370 97
2370 97
2370 97
2370 97
2370 97
2370 97
2370 97
2370 95
2370 95
2370 97
2370 97
2370 97
2370 95
2370 97
2370 97
2370 97
2370 97
2370 97
2370 97
2370 97
2370 97
2370 98
2370 97
2370 97
2370 96
2370 97
2370 97
2370 97
2370 96
2370 96
2370 97
2370 97
2370 97
2370 96
2370 96
2370 97
2370 97
2370 97
2370 97
2370 97
2370 97
2370 97
2370 97
2370 97
2370 97
2370 97
2370 97
2370 96
2370 97
2370 97
2370 97
2370 97
2370 97
2370 97
2370 97
2370 97
2370 97
2370 97
2370 97
2370 97
2370 97
2370 97
2370 97
2370 97
2370 97
2370 97
2370 97
2370 97
2370 97
2370 97
2370 97
2370 97
2370 97
2370 96
2370 97
2370 97
2370 97
2370 97
2370 97
2370 97
2370 97
2370 97
2370 97
2370 97
2370 97
2370 97
2370 97
2370 97
2370 97
2370 97
2370 97
2370 97
2370 97
2370 97
2375 95
2375 95
2375 95
2375 95
2375 95
2375 95
2375 95
2375 95
2375 95
2375 95
2375 95
2375 95
2375 95
2375 95
2375 95
2375 95
2375 95
2375 95
2375 95
2375 95
2375 95
2375 95
2375 95
2375 95
2375 95
2375 95
2375 95
2375 95
2375 95
2375 95
2375 95
2375 95
2375 95
2375 95
2375 95
2375 95
2375 95
2375 95
2375 95
2375 95
2375 95
2375 95
2375 95
2375 95
2375 95
2375 95
2375 95
2375 95
2375 95
2375 95
2375 96
2375 95
2375 95
2375 95
2375 95
2375 95
2375 95
2375 95
2375 95
2375 95
2375 95
2375 95
2375 95
2375 95
2375 95
2375 95
2375 95
2375 95
2375 95
2375 95
2375 95
2375 95
2375 95
2375 95
2375 95
2375 95
2375 95
2375 95
2375 94
2375 95
2375 95
2375 95
2375 94
2375 95
2375 95
2375 95
2375 95
2375 95
2375 95
2375 95
2375 96
2375 95
2375 95
2375 95
2375 95
2375 95
2375 95
2375 95
2375 95
2375 95
2380 93
2380 93
2380 94
2380 92
2380 93
2380 94
2380 93
2380 93
2380 94
2380 93
2380 94
2380 94
2380 94
2380 92
2380 93
2380 94
2380 93
2380 94
2380 92
2380 93
2380 94
2380 93
2380 92
2380 93
2380 91
2380 93
2380 94
2380 92
2380 94
2380 93
2380 93
2380 93
2380 93
2380 93
2380 93
2380 92
2380 94
2380 94
2380 90
2380 93
2380 93
2380 93
2380 94
2380 93
2380 94
2380 93
2380 94
2380 92
2380 93
2380 93
2380 94
2380 94
2380 92
2380 94
2380 93
2380 93
2380 94
2380 93
2380 93
2380 94
2380 93
2380 94
2380 93
2380 94
2380 94
2380 93
2380 94
2380 94
2380 94
2380 93
2380 92
2380 93
2380 94
2380 94
2380 93
2380 94
2380 92
2380 94
2380 93
2380 94
2380 93
2380 93
2380 93
2380 94
2380 93
2380 91
2380 91
2380 93
2380 94
2380 94
2380 93
2380 93
2380 93
2380 93
2380 94
2380 92
2380 92
2380 92
2380 93
2380 94
2385 91
2385 91
2385 91
2385 91
2385 91
2385 91
2385 91
2385 91
2385 90
2385 91
2385 91
2385 91
2385 90
2385 91
2385 91
2385 91
2385 91
2385 91
2385 91
2385 91
2385 91
2385 91
2385 91
2385 91
2385 91
2385 91
2385 91
2385 90
2385 91
2385 91
2385 90
2385 91
2385 91
2385 91
2385 91
2385 91
2385 91
2385 91
2385 91
2385 91
2385 90
2385 91
2385 91
2385 91
2385 91
2385 90
2385 90
2385 92
2385 92
2385 91
2385 91
2385 90
2385 90
2385 91
2385 91
2385 91
2385 91
2385 91
2385 91
2385 91
2385 91
2385 91
2385 91
2385 91
2385 91
2385 91
2385 90
2385 91
2385 91
2385 91
2385 91
2385 91
2385 91
2385 92
2385 91
2385 91
2385 91
2385 91
2385 91
2385 91
2385 91
2385 91
2385 91
2385 90
2385 90
2385 91
2385 91
2385 91
2385 91
2385 91
2385 91
2385 91
2385 90
2385 91
2385 91
2385 90
2385 91
2385 90
2385 92
2385 91
2390 89
2390 89
2390 89
2390 90
2390 89
2390 89
2390 89
2390 89
2390 89
2390 90
2390 90
2390 90
2390 89
2390 89
2390 89
2390 90
2390 89
2390 90
2390 90
2390 89
2390 89
2390 90
2390 89
2390 90
2390 89
2390 89
2390 90
2390 89
2390 90
2390 90
2390 89
2390 89
2390 90
2390 89
2390 89
2390 90
2390 89
2390 90
2390 89
2390 90
2390 89
2390 89
2390 89
2390 89
2390 90
2390 89
2390 89
2390 89
2390 89
2390 89
2390 89
2390 90
2390 89
2390 89
2390 90
2390 90
2390 89
2390 89
2390 89
2390 90
2390 90
2390 89
2390 89
2390 89
2390 90
2390 89
2390 89
2390 89
2390 90
2390 89
2390 90
2390 89
2390 89
2390 89
2390 90
2390 89
2390 89
2390 89
2390 89
2390 89
2390 89
2390 89
2390 89
2390 90
2390 89
2390 89
2390 89
2390 90
2390 89
2390 90
2390 90
2390 90
2390 89
2390 90
2390 89
2390 89
2390 90
2390 89
2390 90
2390 89
2395 87
2395 87
2395 87
2395 87
2395 87
2395 88
2395 87
2395 87
2395 88
2395 87
2395 87
2395 89
2395 87
2395 87
2395 87
2395 88
2395 87
2395 89
2395 87
2395 87
2395 88
2395 88
2395 87
2395 87
2395 87
2395 87
2395 87
2395 86
2395 87
2395 88
2395 87
2395 87
2395 87
2395 87
2395 87
2395 87
2395 88
2395 87
2395 87
2395 88
2395 87
2395 87
2395 87
2395 87
2395 89
2395 87
2395 87
2395 87
2395 87
2395 87
2395 87
2395 87
2395 88
2395 87
2395 87
2395 87
2395 87
2395 88
2395 87
2395 88
2395 87
2395 87
2395 87
2395 87
2395 87
2395 86
2395 87
2395 87
2395 87
2395 88
2395 87
2395 87
2395 87
2395 87
2395 87
2395 87
2395 88
2395 87
2395 89
2395 87
2395 87
2395 87
2395 87
2395 89
2395 87
2395 87
2395 88
2395 87
2395 87
2395 87
2395 87
2395 87
2395 87
2395 88
2395 87
2395 89
2395 87
2395 87
2395 87
2395 88
2400 86
2400 85
2400 85
2400 85
2400 85
2400 85
2400 85
2400 85
2400 85
2400 85
2400 86
2400 86
2400 86
2400 85
2400 85
2400 85
2400 85
2400 85
2400 85
2400 85
2400 85
2400 85
2400 85
2400 85
2400 86
2400 86
2400 85
2400 85
2400 85
2400 86
2400 86
2400 86
2400 86
2400 86
2400 85
2400 86
2400 85
2400 85
2400 85
2400 85
2400 86
2400 85
2400 85
2400 86
2400 86
2400 85
2400 86
2400 85
2400 86
2400 85
2400 85
2400 86
2400 86
2400 86
2400 85
2400 85
2400 85
2400 85
2400 85
2400 85
2400 85
2400 85
2400 86
2400 85
2400 85
2400 85
2400 85
2400 85
2400 85
2400 86
2400 85
2400 86
2400 85
2400 85
2400 86
2400 86
2400 86
2400 86
2400 85
2400 85
2400 85
2400 86
2400 85
2400 84
2400 85
2400 85
2400 85
2400 85
2400 85
2400 85
2400 85
2400 86
2400 85
2400 85
2400 85
2400 84
2400 85
2400 85
2400 85
2400 85
2405 83
2405 83
2405 83
2405 83
2405 83
2405 84
2405 83
2405 83
2405 83
2405 84
2405 84
2405 83
2405 83
2405 84
2405 84
2405 84
2405 83
2405 84
2405 83
2405 83
2405 83
2405 84
2405 83
2405 83
2405 83
2405 83
2405 83
2405 83
2405 84
2405 83
2405 83
2405 83
2405 83
2405 83
2405 84
2405 83
2405 84
2405 83
2405 83
2405 83
2405 84
2405 83
2405 83
2405 81
2405 83
2405 83
2405 83
2405 83
2405 83
2405 83
2405 83
2405 83
2405 83
2405 83
2405 83
2405 83
2405 83
2405 83
2405 83
2405 84
2405 83
2405 83
2405 84
2405 83
2405 83
2405 83
2405 83
2405 83
2405 83
2405 83
2405 83
2405 84
2405 83
2405 83
2405 83
2405 84
2405 83
2405 83
2405 84
2405 83
2405 84
2405 83
2405 83
2405 84
2405 84
2405 84
2405 84
2405 83
2405 84
2405 83
2405 83
2405 83
2405 83
2405 84
2405 83
2405 83
2405 83
2405 84
2405 83
2405 83
2410 81
2410 81
2410 81
2410 81
2410 81
2410 82
2410 81
2410 81
2410 81
2410 82
2410 81
2410 82
2410 82
2410 81
2410 81
2410 82
2410 81
2410 82
2410 81
2410 81
2410 82
2410 82
2410 82
2410 83
2410 81
2410 81
2410 82
2410 81
2410 81
2410 81
2410 83
2410 81
2410 81
2410 82
2410 82
2410 81
2410 82
2410 82
2410 82
2410 82
2410 83
2410 81
2410 81
2410 81
2410 81
2410 81
2410 81
2410 81
2410 81
2410 81
2410 81
2410 81
2410 81
2410 81
2410 81
2410 81
2410 81
2410 82
2410 81
2410 81
2410 81
2410 81
2410 82
2410 81
2410 82
2410 81
2410 81
2410 82
2410 83
2410 82
2410 81
2410 81
2410 81
2410 81
2410 82
2410 82
2410 81
2410 81
2410 81
2410 81
2410 82
2410 82
2410 81
2410 81
2410 82
2410 82
2410 83
2410 81
2410 82
2410 81
2410 81
2410 82
2410 83
2410 81
2410 83
2410 81
2410 82
2410 81
2410 81
2410 82
2415 79
2415 79
2415 79
2415 80
2415 79
2415 79
2415 79
2415 80
2415 79
2415 79
2415 79
2415 79
2415 80
2415 79
2415 79
2415 79
2415 79
2415 80
2415 80
2415 79
2415 80
2415 79
2415 79
2415 80
2415 79
2415 80
2415 80
2415 79
2415 80
2415 80
2415 79
2415 80
2415 79
2415 79
2415 80
2415 79
2415 79
2415 80
2415 79
2415 79
2415 80
2415 80
2415 80
2415 79
2415 80
2415 80
2415 79
2415 80
2415 79
2415 80
2415 79
2415 79
2415 79
2415 80
2415 80
2415 79
2415 80
2415 80
2415 80
2415 79
2415 79
2415 79
2415 79
2415 79
2415 79
2415 80
2415 80
2415 80
2415 80
2415 80
2415 80
2415 80
2415 80
2415 80
2415 80
2415 79
2415 79
2415 79
2415 79
2415 80
2415 80
2415 79
2415 80
2415 80
2415 80
2415 79
2415 79
2415 79
2415 79
2415 80
2415 79
2415 79
2415 79
2415 79
2415 80
2415 80
2415 79
2415 79
2415 80
2415 79
2420 77
2420 77
2420 78
2420 78
2420 77
2420 77
2420 77
2420 77
2420 77
2420 78
2420 78
2420 77
2420 77
2420 78
2420 77
2420 78
2420 77
2420 77
2420 78
2420 78
2420 78
2420 77
2420 78
2420 78
2420 77
2420 78
2420 78
2420 77
2420 78
2420 77
2420 78
2420 77
2420 78
2420 77
2420 78
2420 77
2420 77
2420 78
2420 77
2420 77
2420 77
2420 77
2420 78
2420 77
2420 78
2420 78
2420 77
2420 78
2420 77
2420 78
2420 77
2420 77
2420 78
2420 77
2420 77
2420 77
2420 77
2420 77
2420 77
2420 78
2420 78
2420 77
2420 77
2420 78
2420 78
2420 78
2420 77
2420 77
2420 78
2420 77
2420 77
2420 77
2420 78
2420 77
2420 77
2420 78
2420 77
2420 77
2420 77
2420 77
2420 77
2420 77
2420 77
2420 77
2420 77
2420 77
2420 78
2420 78
2420 77
2420 77
2420 77
2420 78
2420 77
2420 77
2420 78
2420 77
2420 78
2420 78
2425 77
2425 75
2425 75
2425 76
2425 75
2425 76
2425 75
2425 75
2425 76
2425 74
2425 75
2425 74
2425 76
2425 76
2425 75
2425 76
2425 75
2425 75
2425 75
2425 75
2425 76
2425 76
2425 75
2425 76
2425 75
2425 77
2425 75
2425 75
2425 75
2425 76
2425 75
2425 75
2425 75
2425 76
2425 76
2425 75
2425 76
2425 75
2425 75
2425 75
2425 75
2425 76
2425 76
2425 75
2425 75
2425 75
2425 75
2425 75
2425 76
2425 76
2425 75
2425 75
2425 75
2425 75
2425 75
2425 75
2425 75
2425 75
2425 75
2425 75
2425 75
2425 76
2425 75
2425 75
2425 76
2425 76
2425 75
2425 76
2425 75
2425 75
2425 75
2425 75
2425 75
2425 75
2425 75
2425 75
2425 76
2425 75
2425 75
2425 75
2425 76
2425 75
2425 75
2425 76
2425 75
2425 75
2425 75
2425 76
2425 76
2425 74
2425 74
2425 75
2425 75
2425 75
2425 75
2425 76
2425 76
2425 75
2425 75
2425 75
2430 74
2430 74
2430 74
2430 74
2430 74
2430 74
2430 74
2430 74
2430 73
2430 74
2430 74
2430 74
2430 74
2430 74
2430 74
2430 74
2430 74
2430 74
2430 74
2430 74
2430 74
2430 74
2430 74
2430 74
2430 74
2430 74
2430 74
2430 74
2430 74
2430 74
2430 74
2430 74
2430 74
2430 75
2430 74
2430 74
2430 74
2430 74
2430 74
2430 74
2430 74
2430 74
2430 74
2430 74
2430 74
2430 74
2430 74
2430 74
2430 74
2430 74
2430 74
2430 74
2430 74
2430 74
2430 73
2430 74
2430 74
2430 74
2430 74
2430 75
2430 74
2430 74
2430 74
2430 74
2430 74
2430 74
2430 74
2430 74
2430 74
2430 74
2430 74
2430 74
2430 74
2430 74
2430 74
2430 74
2430 75
2430 74
2430 74
2430 74
2430 74
2430 74
2430 74
2430 74
2430 74
2430 74
2430 74
2430 74
2430 72
2430 74
2430 74
2430 74
2430 74
2430 74
2430 74
2430 74
2430 74
2430 74
2430 74
2435 72
2435 72
2435 72
2435 73
2435 72
2435 73
2435 72
2435 72
2435 72
2435 72
2435 72
2435 72
2435 72
2435 72
2435 72
2435 72
2435 72
2435 72
2435 72
2435 72
2435 72
2435 72
2435 72
2435 72
2435 72
2435 72
2435 72
2435 72
2435 73
2435 72
2435 72
2435 72
2435 72
2435 72
2435 73
2435 72
2435 72
2435 72
2435 72
2435 72
2435 72
2435 73
2435 72
2435 72
2435 72
2435 72
2435 72
2435 72
2435 72
2435 72
2435 72
2435 72
2435 72
2435 72
2435 72
2435 73
2435 72
2435 72
2435 72
2435 72
2435 72
2435 73
2435 72
2435 72
2435 72
2435 72
2435 72
2435 72
2435 72
2435 72
2435 72
2435 72
2435 72
2435 72
2435 73
2435 72
2435 73
2435 72
2435 72
2435 72
2435 72
2435 72
2435 72
2435 72
2435 73
2435 72
2435 72
2435 72
2435 73
2435 72
2435 72
2435 73
2435 72
2435 72
2435 72
2435 72
2435 72
2435 72
2435 72
2435 72
2440 69
2440 69
2440 70
2440 70
2440 70
2440 70
2440 70
2440 70
2440 69
2440 70
2440 69
2440 69
2440 69
2440 70
2440 69
2440 69
2440 69
2440 69
2440 70
2440 70
2440 70
2440 70
2440 70
2440 69
2440 70
2440 70
2440 69
2440 69
2440 70
2440 69
2440 70
2440 69
2440 70
2440 70
2440 70
2440 69
2440 69
2440 70
2440 70
2440 70
2440 69
2440 69
2440 69
2440 70
2440 70
2440 67
2440 69
2440 69
2440 70
2440 69
2440 70
2440 70
2440 70
2440 70
2440 70
2440 69
2440 69
2440 70
2440 69
2440 70
2440 70
2440 69
2440 69
2440 69
2440 70
2440 69
2440 70
2440 70
2440 70
2440 69
2440 70
2440 70
2440 70
2440 69
2440 70
2440 70
2440 69
2440 70
2440 70
2440 70
2440 67
2440 70
2440 70
2440 69
2440 70
2440 70
2440 70
2440 70
2440 70
2440 69
2440 70
2440 70
2440 70
2440 69
2440 69
2440 70
2440 69
2440 70
2440 70
2440 70
2445 67
2445 67
2445 67
2445 67
2445 66
2445 67
2445 67
2445 66
2445 67
2445 67
2445 67
2445 67
2445 67
2445 67
2445 67
2445 67
2445 67
2445 67
2445 69
2445 66
2445 67
2445 67
2445 67
2445 67
2445 67
2445 67
2445 67
2445 66
2445 67
2445 67
2445 67
2445 67
2445 67
2445 67
2445 67
2445 67
2445 67
2445 67
2445 67
2445 67
2445 67
2445 67
2445 67
2445 67
2445 67
2445 66
2445 67
2445 67
2445 67
2445 67
2445 67
2445 66
2445 67
2445 67
2445 67
2445 67
2445 66
2445 67
2445 67
2445 67
2445 67
2445 67
2445 67
2445 67
2445 67
2445 67
2445 67
2445 67
2445 67
2445 67
2445 67
2445 67
2445 67
2445 67
2445 67
2445 67
2445 67
2445 67
2445 66
2445 67
2445 67
2445 67
2445 67
2445 67
2445 67
2445 67
2445 67
2445 67
2445 67
2445 66
2445 66
2445 67
2445 66
2445 67
2445 67
2445 67
2445 66
2445 67
2445 67
2450 65
2450 65
2450 65
2450 65
2450 66
2450 65
2450 65
2450 65
2450 65
2450 65
2450 65
2450 65
2450 66
2450 65
2450 66
2450 66
2450 65
2450 65
2450 65
2450 66
2450 65
2450 65
2450 65
2450 65
2450 65
2450 65
2450 65
2450 65
2450 65
2450 66
2450 65
2450 65
2450 65
2450 65
2450 65
2450 65
2450 65
2450 65
2450 65
2450 65
2450 65
2450 65
2450 65
2450 65
2450 65
2450 65
2450 65
2450 65
2450 66
2450 65
2450 65
2450 66
2450 65
2450 65
2450 66
2450 65
2450 66
2450 65
2450 65
2450 65
2450 65
2450 66
2450 65
2450 65
2450 65
2450 65
2450 65
2450 65
2450 65
2450 65
2450 65
2450 65
2450 65
2450 66
2450 65
2450 65
2450 65
2450 65
2450 65
2450 66
2450 65
2450 66
2450 65
2450 66
2450 65
2450 65
2450 66
2450 65
2450 65
2450 65
2450 65
2450 66
2450 65
2450 66
2450 65
2450 65
2450 65
2450 65
2450 65
2450 65
2455 63
2455 64
2455 64
2455 64
2455 64
2455 63
2455 63
2455 63
2455 63
2455 64
2455 64
2455 64
2455 63
2455 64
2455 63
2455 63
2455 63
2455 64
2455 64
2455 63
2455 64
2455 63
2455 64
2455 64
2455 63
2455 63
2455 63
2455 64
2455 63
2455 63
2455 64
2455 64
2455 64
2455 64
2455 63
2455 63
2455 64
2455 63
2455 63
2455 64
2455 63
2455 63
2455 64
2455 63
2455 63
2455 64
2455 63
2455 63
2455 64
2455 63
2455 64
2455 63
2455 63
2455 64
2455 64
2455 63
2455 64
2455 64
2455 64
2455 64
2455 63
2455 64
2455 64
2455 62
2455 64
2455 63
2455 64
2455 64
2455 63
2455 64
2455 64
2455 64
2455 64
2455 64
2455 64
2455 63
2455 64
2455 63
2455 64
2455 63
2455 63
2455 64
2455 63
2455 64
2455 64
2455 64
2455 63
2455 64
2455 63
2455 63
2455 63
2455 64
2455 64
2455 64
2455 64
2455 64
2455 64
2455 63
2455 64
2455 63
2460 62
2460 62
2460 62
2460 62
2460 62
2460 62
2460 62
2460 61
2460 62
2460 62
2460 62
2460 62
2460 62
2460 62
2460 62
2460 62
2460 62
2460 62
2460 62
2460 62
2460 62
2460 62
2460 62
2460 62
2460 62
2460 62
2460 62
2460 62
2460 62
2460 62
2460 62
2460 62
2460 62
2460 62
2460 62
2460 62
2460 62
2460 62
2460 62
2460 62
2460 62
2460 62
2460 62
2460 62
2460 62
2460 62
2460 61
2460 62
2460 62
2460 62
2460 61
2460 62
2460 62
2460 62
2460 62
2460 62
2460 62
2460 62
2460 62
2460 62
2460 62
2460 62
2460 62
2460 62
2460 62
2460 62
2460 62
2460 62
2460 62
2460 62
2460 62
2460 62
2460 62
2460 62
2460 62
2460 62
2460 62
2460 62
2460 62
2460 62
2460 62
2460 62
2460 62
2460 62
2460 62
2460 62
2460 62
2460 62
2460 60
2460 62
2460 62
2460 62
2460 61
2460 62
2460 62
2460 62
2460 62
2460 62
2460 62
2460 62
2465 60
2465 59
2465 60
2465 60
2465 60
2465 59
2465 59
2465 60
2465 59
2465 59
2465 59
2465 60
2465 60
2465 60
2465 59
2465 60
2465 60
2465 60
2465 60
2465 60
2465 60
2465 60
2465 60
2465 60
2465 60
2465 60
2465 60
2465 59
2465 60
2465 60
2465 60
2465 60
2465 60
2465 59
2465 60
2465 60
2465 59
2465 60
2465 59
2465 60
2465 59
2465 60
2465 59
2465 59
2465 60
2465 60
2465 60
2465 60
2465 60
2465 60
2465 60
2465 60
2465 60
2465 60
2465 60
2465 60
2465 59
2465 59
2465 60
2465 60
2465 60
2465 60
2465 59
2465 60
2465 60
2465 60
2465 60
2465 59
2465 59
2465 59
2465 59
2465 60
2465 60
2465 60
2465 59
2465 60
2465 59
2465 59
2465 60
2465 59
2465 60
2465 59
2465 59
2465 58
2465 60
2465 60
2465 59
2465 59
2465 60
2465 59
2465 60
2465 59
2465 60
2465 60
2465 60
2465 60
2465 59
2465 60
2465 60
2465 60
2470 58
2470 58
2470 58
2470 58
2470 58
2470 58
2470 58
2470 58
2470 58
2470 58
2470 58
2470 58
2470 58
2470 58
2470 58
2470 58
2470 58
2470 58
2470 58
2470 58
2470 58
2470 58
2470 58
2470 58
2470 58
2470 58
2470 58
2470 58
2470 58
2470 58
2470 58
2470 58
2470 58
2470 58
2470 58
2470 58
2470 57
2470 58
2470 58
2470 58
2470 58
2470 58
2470 58
2470 58
2470 58
2470 58
2470 58
2470 58
2470 58
2470 58
2470 58
2470 58
2470 58
2470 58
2470 58
2470 58
2470 58
2470 58
2470 58
2470 58
2470 58
2470 58
2470 58
2470 58
2470 58
2470 58
2470 58
2470 58
2470 58
2470 58
2470 58
2470 58
2470 58
2470 58
2470 58
2470 58
2470 58
2470 58
2470 58
2470 58
2470 58
2470 58
2470 58
2470 58
2470 58
2470 58
2470 58
2470 58
2470 58
2470 58
2470 58
2470 58
2470 58
2470 58
2470 58
2470 58
2470 58
2470 58
2470 58
2470 58
2475 57
2475 57
2475 57
2475 57
2475 57
2475 56
2475 57
2475 57
2475 57
2475 57
2475 56
2475 57
2475 57
2475 57
2475 57
2475 56
2475 57
2475 57
2475 57
2475 57
2475 57
2475 57
2475 57
2475 56
2475 57
2475 57
2475 57
2475 57
2475 56
2475 57
2475 57
2475 56
2475 56
2475 57
2475 56
2475 57
2475 56
2475 57
2475 57
2475 56
2475 57
2475 57
2475 57
2475 57
2475 57
2475 57
2475 57
2475 57
2475 57
2475 57
2475 56
2475 57
2475 57
2475 57
2475 57
2475 55
2475 55
2475 55
2475 57
2475 57
2475 57
2475 57
2475 57
2475 57
2475 57
2475 55
2475 56
2475 57
2475 56
2475 57
2475 57
2475 57
2475 56
2475 56
2475 57
2475 57
2475 57
2475 57
2475 57
2475 57
2475 57
2475 57
2475 56
2475 57
2475 57
2475 57
2475 57
2475 57
2475 57
2475 57
2475 57
2475 55
2475 56
2475 57
2475 57
2475 57
2475 57
2475 57
2475 57
2475 56
2480 54
2480 54
2480 54
2480 54
2480 54
2480 54
2480 54
2480 54
2480 54
2480 54
2480 54
2480 54
2480 54
2480 54
2480 54
2480 54
2480 54
2480 54
2480 54
2480 54
2480 54
2480 53
2480 54
2480 54
2480 54
2480 54
2480 54
2480 54
2480 54
2480 54
2480 54
2480 53
2480 54
2480 54
2480 54
2480 54
2480 54
2480 54
2480 54
2480 54
2480 54
2480 54
2480 54
2480 54
2480 54
2480 54
2480 54
2480 54
2480 54
2480 54
2480 54
2480 54
2480 54
2480 54
2480 54
2480 54
2480 54
2480 54
2480 54
2480 54
2480 54
2480 54
2480 54
2480 54
2480 54
2480 54
2480 54
2480 54
2480 54
2480 54
2480 54
2480 54
2480 54
2480 54
2480 54
2480 54
2480 54
2480 54
2480 54
2480 54
2480 54
2480 54
2480 54
2480 54
2480 54
2480 54
2480 54
2480 54
2480 54
2480 54
2480 54
2480 54
2480 54
2480 54
2480 54
2480 54
2480 54
2480 54
2480 54
2480 54
2485 52
2485 52
2485 52
2485 52
2485 52
2485 52
2485 52
2485 52
2485 52
2485 52
2485 52
2485 52
2485 52
2485 52
2485 52
2485 52
2485 52
2485 52
2485 52
2485 52
2485 52
2485 52
2485 52
2485 52
2485 52
2485 52
2485 52
2485 52
2485 52
2485 52
2485 52
2485 52
2485 52
2485 52
2485 52
2485 52
2485 52
2485 52
2485 52
2485 52
2485 52
2485 52
2485 52
2485 52
2485 52
2485 52
2485 52
2485 52
2485 52
2485 52
2485 52
2485 52
2485 52
2485 52
2485 52
2485 52
2485 52
2485 52
2485 52
2485 52
2485 52
2485 52
2485 52
2485 52
2485 52
2485 52
2485 52
2485 52
2485 52
2485 52
2485 52
2485 52
2485 52
2485 52
2485 52
2485 52
2485 52
2485 52
2485 52
2485 52
2485 52
2485 52
2485 52
2485 52
2485 52
2485 52
2485 52
2485 52
2485 52
2485 52
2485 52
2485 52
2485 52
2485 52
2485 52
2485 52
2485 52
2485 52
2485 52
2490 51
2490 51
2490 51
2490 51
2490 51
2490 51
2490 50
2490 51
2490 49
2490 51
2490 51
2490 51
2490 50
2490 50
2490 51
2490 51
2490 49
2490 49
2490 49
2490 49
2490 51
2490 51
2490 51
2490 50
2490 51
2490 51
2490 51
2490 51
2490 51
2490 51
2490 51
2490 51
2490 51
2490 51
2490 51
2490 51
2490 50
2490 51
2490 51
2490 51
2490 51
2490 50
2490 51
2490 51
2490 51
2490 51
2490 51
2490 49
2490 49
2490 50
2490 51
2490 49
2490 51
2490 50
2490 51
2490 51
2490 51
2490 51
2490 51
2490 51
2490 51
2490 51
2490 49
2490 49
2490 51
2490 51
2490 51
2490 51
2490 50
2490 51
2490 51
2490 51
2490 51
2490 51
2490 51
2490 50
2490 51
2490 51
2490 51
2490 51
2490 49
2490 51
2490 51
2490 51
2490 51
2490 51
2490 50
2490 51
2490 51
2490 51
2490 51
2490 51
2490 51
2490 51
2490 51
2490 51
2490 51
2490 51
2490 51
2490 51
2495 48
2495 48
2495 48
2495 48
2495 48
2495 48
2495 49
2495 48
2495 49
2495 48
2495 48
2495 49
2495 48
2495 48
2495 49
2495 48
2495 47
2495 48
2495 48
2495 49
2495 48
2495 48
2495 49
2495 48
2495 48
2495 49
2495 49
2495 48
2495 49
2495 48
2495 49
2495 48
2495 48
2495 48
2495 48
2495 49
2495 49
2495 48
2495 49
2495 48
2495 48
2495 48
2495 48
2495 48
2495 49
2495 48
2495 49
2495 49
2495 48
2495 48
2495 49
2495 49
2495 48
2495 49
2495 49
2495 48
2495 48
2495 48
2495 48
2495 49
2495 49
2495 48
2495 48
2495 49
2495 48
2495 48
2495 48
2495 49
2495 49
2495 48
2495 48
2495 48
2495 49
2495 47
2495 48
2495 48
2495 48
2495 48
2495 49
2495 48
2495 48
2495 48
2495 49
2495 49
2495 48
2495 49
2495 49
2495 48
2495 48
2495 48
2495 48
2495 48
2495 47
2495 47
2495 47
2495 47
2495 48
2495 48
2495 49
2495 48
2500 47
2500 47
2500 46
2500 47
2500 47
2500 47
2500 46
2500 46
2500 47
2500 47
2500 47
2500 47
2500 47
2500 46
2500 47
2500 47
2500 47
2500 46
2500 46
2500 46
2500 46
2500 47
2500 47
2500 46
2500 47
2500 47
2500 47
2500 47
2500 47
2500 47
2500 47
2500 47
2500 47
2500 47
2500 47
2500 46
2500 47
2500 46
2500 47
2500 47
2500 46
2500 47
2500 46
2500 47
2500 47
2500 47
2500 47
2500 47
2500 46
2500 46
2500 47
2500 47
2500 47
2500 47
2500 47
2500 47
2500 47
2500 47
2500 47
2500 46
2500 47
2500 47
2500 47
2500 47
2500 47
2500 47
2500 47
2500 47
2500 47
2500 47
2500 47
2500 47
2500 47
2500 47
2500 47
2500 47
2500 47
2500 47
2500 46
2500 47
2500 46
2500 47
2500 47
2500 47
2500 47
2500 47
2500 47
2500 47
2500 47
2500 47
2500 47
2500 46
2500 47
2500 47
2500 47
2500 47
2500 47
2500 47
2500 46
2505 45
2505 45
2505 45
2505 45
2505 45
2505 45
2505 45
2505 45
2505 45
2505 45
2505 45
2505 45
2505 45
2505 45
2505 45
2505 45
2505 45
2505 45
2505 45
2505 45
2505 45
2505 45
2505 45
2505 45
2505 45
2505 45
2505 45
2505 45
2505 45
2505 45
2505 45
2505 45
2505 45
2505 45
2505 45
2505 45
2505 45
2505 45
2505 45
2505 45
2505 45
2505 45
2505 45
2505 45
2505 45
2505 45
2505 45
2505 45
2505 45
2505 45
2505 45
2505 45
2505 45
2505 45
2505 45
2505 45
2505 45
2505 45
2505 45
2505 45
2505 45
2505 45
2505 45
2505 45
2505 45
2505 45
2505 45
2505 45
2505 45
2505 45
2505 45
2505 45
2505 45
2505 45
2505 45
2505 45
2505 45
2505 45
2505 45
2505 45
2505 45
2505 45
2505 45
2505 45
2505 45
2505 45
2505 45
2505 45
2505 45
2505 45
2505 45
2505 45
2505 45
2505 45
2505 45
2505 45
2505 45
2505 45
2505 45
2505 46
2510 44
2510 43
2510 43
2510 43
2510 43
2510 43
2510 43
2510 43
2510 43
2510 43
2510 43
2510 43
2510 43
2510 43
2510 43
2510 43
2510 43
2510 43
2510 43
2510 43
2510 43
2510 43
2510 43
2510 43
2510 43
2510 43
2510 43
2510 43
2510 43
2510 43
2510 43
2510 43
2510 43
2510 43
2510 43
2510 43
2510 43
2510 43
2510 43
2510 43
2510 44
2510 43
2510 43
2510 43
2510 43
2510 43
2510 43
2510 43
2510 43
2510 43
2510 43
2510 43
2510 43
2510 43
2510 43
2510 43
2510 43
2510 43
2510 43
2510 43
2510 44
2510 43
2510 43
2510 43
2510 43
2510 43
2510 43
2510 43
2510 43
2510 44
2510 43
2510 43
2510 43
2510 43
2510 43
2510 43
2510 43
2510 44
2510 44
2510 43
2510 43
2510 43
2510 43
2510 43
2510 43
2510 44
2510 43
2510 43
2510 43
2510 43
2510 43
2510 43
2510 43
2510 43
2510 43
2510 43
2510 43
2510 43
2510 43
2510 43
2515 41
2515 41
2515 42
2515 41
2515 42
2515 42
2515 41
2515 42
2515 41
2515 41
2515 42
2515 41
2515 42
2515 42
2515 42
2515 42
2515 41
2515 42
2515 42
2515 41
2515 41
2515 41
2515 41
2515 42
2515 42
2515 41
2515 41
2515 41
2515 42
2515 42
2515 41
2515 41
2515 42
2515 41
2515 42
2515 40
2515 41
2515 41
2515 42
2515 41
2515 42
2515 42
2515 42
2515 41
2515 42
2515 42
2515 41
2515 42
2515 40
2515 42
2515 42
2515 41
2515 41
2515 41
2515 41
2515 42
2515 42
2515 40
2515 40
2515 41
2515 42
2515 41
2515 42
2515 40
2515 40
2515 41
2515 41
2515 42
2515 41
2515 40
2515 42
2515 42
2515 41
2515 42
2515 41
2515 42
2515 41
2515 42
2515 42
2515 42
2515 41
2515 41
2515 42
2515 41
2515 41
2515 42
2515 42
2515 41
2515 41
2515 42
2515 42
2515 41
2515 42
2515 41
2515 41
2515 41
2515 42
2515 42
2515 40
2520 40
2520 38
2520 40
2520 39
2520 40
2520 40
2520 39
2520 40
2520 40
2520 40
2520 40
2520 38
2520 38
2520 38
2520 40
2520 39
2520 40
2520 40
2520 39
2520 40
2520 40
2520 38
2520 38
2520 39
2520 38
2520 40
2520 39
2520 40
2520 39
2520 38
2520 38
2520 40
2520 40
2520 38
2520 40
2520 40
2520 38
2520 40
2520 40
2520 39
2520 38
2520 40
2520 39
2520 38
2520 40
2520 40
2520 38
2520 39
2520 39
2520 38
2520 38
2520 40
2520 39
2520 39
2520 40
2520 40
2520 40
2520 38
2520 40
2520 39
2520 40
2520 38
2520 39
2520 39
2520 40
2520 40
2520 39
2520 39
2520 40
2520 40
2520 40
2520 38
2520 40
2520 40
2520 39
2520 38
2520 40
2520 40
2520 39
2520 39
2520 39
2520 39
2520 38
2520 39
2520 38
2520 40
2520 40
2520 40
2520 39
2520 40
2520 40
2520 39
2520 39
2520 38
2520 40
2520 40
2520 39
2520 39
2520 38
2520 40
2525 37
2525 37
2525 38
2525 37
2525 38
2525 37
2525 37
2525 37
2525 37
2525 38
2525 37
2525 37
2525 37
2525 37
2525 37
2525 37
2525 37
2525 37
2525 37
2525 37
2525 37
2525 37
2525 38
2525 37
2525 37
2525 38
2525 37
2525 35
2525 37
2525 37
2525 37
2525 37
2525 37
2525 37
2525 37
2525 37
2525 37
2525 37
2525 38
2525 37
2525 37
2525 38
2525 39
2525 37
2525 37
2525 38
2525 38
2525 37
2525 37
2525 37
2525 37
2525 37
2525 37
2525 37
2525 39
2525 39
2525 37
2525 37
2525 37
2525 37
2525 37
2525 37
2525 38
2525 37
2525 37
2525 37
2525 37
2525 37
2525 37
2525 37
2525 37
2525 37
2525 38
2525 37
2525 37
2525 37
2525 37
2525 37
2525 38
2525 37
2525 37
2525 38
2525 37
2525 37
2525 37
2525 39
2525 37
2525 37
2525 37
2525 37
2525 37
2525 37
2525 37
2525 37
2525 37
2525 37
2525 37
2525 37
2525 37
2525 37
2530 34
2530 35
2530 35
2530 35
2530 35
2530 35
2530 35
2530 35
2530 34
2530 35
2530 35
2530 34
2530 35
2530 35
2530 34
2530 35
2530 34
2530 35
2530 35
2530 34
2530 35
2530 35
2530 35
2530 34
2530 35
2530 35
2530 35
2530 35
2530 34
2530 35
2530 34
2530 34
2530 34
2530 35
2530 35
2530 35
2530 35
2530 35
2530 34
2530 35
2530 35
2530 34
2530 34
2530 35
2530 34
2530 34
2530 34
2530 35
2530 34
2530 34
2530 35
2530 34
2530 35
2530 34
2530 35
2530 35
2530 35
2530 35
2530 34
2530 35
2530 34
2530 34
2530 35
2530 34
2530 34
2530 33
2530 34
2530 34
2530 34
2530 34
2530 34
2530 34
2530 35
2530 35
2530 35
2530 35
2530 34
2530 34
2530 35
2530 35
2530 35
2530 34
2530 35
2530 34
2530 34
2530 35
2530 35
2530 34
2530 34
2530 35
2530 35
2530 35
2530 34
2530 34
2530 35
2530 34
2530 35
2530 34
2530 35
2530 35
2535 33
2535 33
2535 33
2535 33
2535 33
2535 33
2535 33
2535 33
2535 33
2535 33
2535 33
2535 33
2535 33
2535 33
2535 33
2535 33
2535 33
2535 33
2535 33
2535 33
2535 33
2535 33
2535 33
2535 33
2535 33
2535 33
2535 33
2535 33
2535 33
2535 33
2535 33
2535 33
2535 33
2535 33
2535 33
2535 33
2535 32
2535 33
2535 33
2535 33
2535 33
2535 33
2535 33
2535 33
2535 33
2535 33
2535 33
2535 33
2535 33
2535 33
2535 33
2535 33
2535 33
2535 33
2535 33
2535 33
2535 33
2535 33
2535 33
2535 33
2535 33
2535 33
2535 33
2535 33
2535 33
2535 33
2535 33
2535 33
2535 34
2535 33
2535 33
2535 33
2535 33
2535 33
2535 33
2535 33
2535 33
2535 33
2535 33
2535 33
2535 33
2535 33
2535 33
2535 33
2535 33
2535 33
2535 33
2535 33
2535 33
2535 33
2535 33
2535 33
2535 33
2535 33
2535 33
2535 33
2535 33
2535 33
2535 33
2535 33
2540 31
2540 31
2540 31
2540 31
2540 31
2540 31
2540 31
2540 31
2540 31
2540 31
2540 30
2540 31
2540 31
2540 31
2540 31
2540 31
2540 31
2540 31
2540 31
2540 31
2540 31
2540 31
2540 31
2540 31
2540 31
2540 31
2540 30
2540 31
2540 30
2540 31
2540 31
2540 31
2540 30
2540 31
2540 31
2540 30
2540 31
2540 31
2540 31
2540 31
2540 31
2540 31
2540 31
2540 31
2540 31
2540 31
2540 31
2540 30
2540 30
2540 31
2540 31
2540 31
2540 31
2540 31
2540 31
2540 31
2540 31
2540 31
2540 31
2540 31
2540 31
2540 31
2540 31
2540 31
2540 31
2540 31
2540 31
2540 30
2540 31
2540 31
2540 31
2540 31
2540 31
2540 31
2540 31
2540 30
2540 31
2540 31
2540 31
2540 31
2540 31
2540 31
2540 31
2540 31
2540 31
2540 31
2540 31
2540 31
2540 30
2540 31
2540 31
2540 31
2540 31
2540 31
2540 31
2540 31
2540 31
2540 31
2540 31
2545 30
2545 30
2545 30
2545 30
2545 30
2545 30
2545 29
2545 30
2545 30
2545 29
2545 30
2545 30
2545 30
2545 29
2545 30
2545 30
2545 30
2545 30
2545 30
2545 30
2545 30
2545 29
2545 29
2545 29
2545 29
2545 30
2545 30
2545 29
2545 30
2545 30
2545 30
2545 30
2545 30
2545 30
2545 30
2545 30
2545 30
2545 29
2545 30
2545 30
2545 30
2545 30
2545 30
2545 30
2545 29
2545 29
2545 29
2545 30
2545 29
2545 30
2545 30
2545 28
2545 30
2545 30
2545 30
2545 30
2545 30
2545 30
2545 30
2545 30
2545 29
2545 30
2545 30
2545 30
2545 30
2545 29
2545 30
2545 30
2545 30
2545 30
2545 30
2545 30
2545 29
2545 30
2545 30
2545 29
2545 29
2545 30
2545 30
2545 30
2545 29
2545 30
2545 29
2545 29
2545 30
2545 29
2545 30
2545 30
2545 30
2545 29
2545 29
2545 29
2545 29
2545 29
2545 30
2545 30
2545 29
2545 30
2545 29
2545 30
2550 27
2550 28
2550 27
2550 28
2550 28
2550 27
2550 28
2550 27
2550 28
2550 27
2550 28
2550 28
2550 27
2550 28
2550 28
2550 27
2550 27
2550 27
2550 27
2550 28
2550 28
2550 27
2550 28
2550 27
2550 27
2550 27
2550 28
2550 28
2550 28
2550 27
2550 27
2550 27
2550 27
2550 28
2550 27
2550 28
2550 28
2550 27
2550 28
2550 28
2550 27
2550 27
2550 28
2550 28
2550 27
2550 27
2550 28
2550 27
2550 27
2550 28
2550 27
2550 28
2550 27
2550 27
2550 27
2550 28
2550 27
2550 27
2550 28
2550 27
2550 28
2550 28
2550 27
2550 27
2550 27
2550 28
2550 27
2550 27
2550 27
2550 28
2550 27
2550 28
2550 28
2550 27
2550 28
2550 27
2550 28
2550 28
2550 27
2550 28
2550 27
2550 27
2550 27
2550 27
2550 28
2550 28
2550 27
2550 28
2550 27
2550 28
2550 27
2550 28
2550 27
2550 28
2550 28
2550 27
2550 27
2550 28
2550 28
2550 27
2555 26
2555 26
2555 26
2555 26
2555 26
2555 26
2555 26
2555 26
2555 26
2555 26
2555 26
2555 26
2555 26
2555 26
2555 26
2555 25
2555 26
2555 26
2555 26
2555 26
2555 26
2555 26
2555 26
2555 26
2555 26
2555 26
2555 26
2555 26
2555 26
2555 26
2555 26
2555 26
2555 26
2555 26
2555 26
2555 26
2555 26
2555 26
2555 26
2555 26
2555 26
2555 25
2555 26
2555 26
2555 26
2555 26
2555 26
2555 26
2555 26
2555 26
2555 26
2555 26
2555 26
2555 26
2555 26
2555 26
2555 26
2555 26
2555 26
2555 26
2555 26
2555 26
2555 26
2555 26
2555 26
2555 26
2555 26
2555 26
2555 26
2555 25
2555 26
2555 26
2555 26
2555 26
2555 26
2555 26
2555 26
2555 26
2555 26
2555 26
2555 26
2555 26
2555 26
2555 26
2555 26
2555 26
2555 26
2555 26
2555 26
2555 26
2555 26
2555 25
2555 26
2555 26
2555 26
2555 26
2555 26
2555 26
2555 26
2555 25
2560 25
2560 24
2560 25
2560 25
2560 23
2560 24
2560 25
2560 24
2560 25
2560 23
2560 25
2560 24
2560 23
2560 23
2560 24
2560 25
2560 24
2560 25
2560 25
2560 24
2560 25
2560 24
2560 23
2560 24
2560 23
2560 25
2560 24
2560 23
2560 25
2560 24
2560 25
2560 25
2560 25
2560 23
2560 24
2560 25
2560 25
2560 24
2560 24
2560 24
2560 25
2560 23
2560 25
2560 23
2560 24
2560 25
2560 23
2560 24
2560 24
2560 24
2560 24
2560 25
2560 23
2560 24
2560 23
2560 25
2560 24
2560 23
2560 25
2560 23
2560 25
2560 25
2560 23
2560 25
2560 24
2560 23
2560 23
2560 24
2560 24
2560 24
2560 25
2560 24
2560 23
2560 24
2560 24
2560 25
2560 24
2560 25
2560 25
2560 25
2560 25
2560 25
2560 24
2560 25
2560 24
2560 25
2560 24
2560 23
2560 25
2560 24
2560 24
2560 24
2560 24
2560 23
2560 25
2560 23
2560 25
2560 23
2560 24
2560 23
2565 22
2565 22
2565 22
2565 22
2565 22
2565 22
2565 22
2565 22
2565 22
2565 22
2565 22
2565 22
2565 22
2565 22
2565 23
2565 23
2565 22
2565 23
2565 22
2565 22
2565 22
2565 22
2565 22
2565 22
2565 23
2565 22
2565 22
2565 22
2565 22
2565 22
2565 22
2565 22
2565 22
2565 22
2565 22
2565 22
2565 22
2565 22
2565 22
2565 23
2565 22
2565 22
2565 22
2565 22
2565 22
2565 22
2565 22
2565 22
2565 22
2565 23
2565 22
2565 22
2565 22
2565 22
2565 22
2565 22
2565 22
2565 22
2565 22
2565 22
2565 22
2565 22
2565 22
2565 23
2565 22
2565 22
2565 22
2565 23
2565 22
2565 22
2565 22
2565 22
2565 23
2565 22
2565 22
2565 22
2565 22
2565 23
2565 23
2565 22
2565 22
2565 22
2565 22
2565 22
2565 22
2565 22
2565 22
2565 22
2565 22
2565 23
2565 22
2565 22
2565 22
2565 22
2565 22
2565 22
2565 22
2565 23
2565 22
2565 23
2570 20
2570 20
2570 21
2570 20
2570 21
2570 21
2570 20
2570 20
2570 21
2570 21
2570 20
2570 20
2570 20
2570 20
2570 20
2570 21
2570 20
2570 21
2570 20
2570 20
2570 20
2570 20
2570 21
2570 21
2570 20
2570 20
2570 21
2570 21
2570 20
2570 21
2570 20
2570 21
2570 20
2570 21
2570 20
2570 21
2570 21
2570 21
2570 21
2570 20
2570 20
2570 20
2570 19
2570 21
2570 20
2570 21
2570 20
2570 20
2570 21
2570 20
2570 20
2570 21
2570 21
2570 21
2570 20
2570 21
2570 21
2570 21
2570 21
2570 21
2570 20
2570 21
2570 21
2570 20
2570 20
2570 21
2570 21
2570 21
2570 20
2570 20
2570 21
2570 21
2570 20
2570 21
2570 20
2570 20
2570 20
2570 20
2570 20
2570 21
2570 21
2570 20
2570 21
2570 20
2570 20
2570 20
2570 20
2570 20
2570 20
2570 20
2570 20
2570 20
2570 20
2570 20
2570 21
2570 21
2570 20
2570 20
2570 21
2570 20
2575 19
2575 19
2575 19
2575 19
2575 19
2575 19
2575 19
2575 19
2575 19
2575 19
2575 19
2575 19
2575 19
2575 19
2575 19
2575 19
2575 19
2575 19
2575 19
2575 19
2575 19
2575 19
2575 19
2575 19
2575 19
2575 19
2575 19
2575 19
2575 19
2575 19
2575 19
2575 19
2575 19
2575 19
2575 19
2575 19
2575 19
2575 19
2575 19
2575 19
2575 19
2575 19
2575 19
2575 19
2575 19
2575 19
2575 19
2575 19
2575 19
2575 19
2575 18
2575 19
2575 19
2575 19
2575 19
2575 19
2575 19
2575 19
2575 19
2575 19
2575 19
2575 19
2575 19
2575 19
2575 19
2575 19
2575 19
2575 18
2575 19
2575 19
2575 19
2575 19
2575 19
2575 19
2575 19
2575 19
2575 19
2575 19
2575 19
2575 19
2575 19
2575 19
2575 19
2575 19
2575 19
2575 19
2575 19
2575 19
2575 19
2575 19
2575 19
2575 19
2575 19
2575 19
2575 19
2575 19
2575 19
2575 19
2575 19
2575 19
2580 16
2580 16
2580 15
2580 16
2580 16
2580 16
2580 16
2580 16
2580 16
2580 15
2580 16
2580 16
2580 16
2580 17
2580 16
2580 16
2580 16
2580 16
2580 16
2580 16
2580 15
2580 16
2580 16
2580 16
2580 16
2580 16
2580 16
2580 16
2580 16
2580 16
2580 16
2580 16
2580 16
2580 16
2580 16
2580 16
2580 16
2580 16
2580 16
2580 16
2580 16
2580 16
2580 17
2580 16
2580 17
2580 16
2580 17
2580 16
2580 16
2580 16
2580 16
2580 16
2580 17
2580 16
2580 16
2580 16
2580 16
2580 16
2580 16
2580 16
2580 16
2580 16
2580 16
2580 16
2580 16
2580 16
2580 16
2580 16
2580 16
2580 16
2580 16
2580 16
2580 15
2580 17
2580 16
2580 16
2580 16
2580 16
2580 16
2580 16
2580 16
2580 16
2580 16
2580 16
2580 16
2580 16
2580 15
2580 16
2580 17
2580 16
2580 16
2580 16
2580 16
2580 16
2580 16
2580 17
2580 16
2580 16
2580 16
2580 16
2585 15
2585 14
2585 15
2585 14
2585 15
2585 15
2585 15
2585 15
2585 15
2585 15
2585 15
2585 15
2585 15
2585 14
2585 14
2585 14
2585 15
2585 15
2585 15
2585 15
2585 15
2585 15
2585 15
2585 14
2585 15
2585 15
2585 15
2585 15
2585 15
2585 15
2585 15
2585 14
2585 15
2585 15
2585 15
2585 15
2585 15
2585 15
2585 15
2585 15
2585 14
2585 15
2585 15
2585 15
2585 15
2585 15
2585 15
2585 15
2585 15
2585 14
2585 15
2585 15
2585 15
2585 15
2585 15
2585 15
2585 14
2585 15
2585 15
2585 15
2585 15
2585 15
2585 15
2585 15
2585 15
2585 15
2585 14
2585 15
2585 15
2585 15
2585 14
2585 15
2585 15
2585 15
2585 15
2585 15
2585 15
2585 14
2585 14
2585 15
2585 15
2585 15
2585 15
2585 15
2585 15
2585 15
2585 15
2585 15
2585 15
2585 15
2585 15
2585 14
2585 15
2585 15
2585 14
2585 15
2585 15
2585 15
2585 15
2585 15
2590 13
2590 13
2590 13
2590 13
2590 13
2590 14
2590 13
2590 13
2590 13
2590 13
2590 13
2590 13
2590 13
2590 13
2590 13
2590 13
2590 13
2590 13
2590 13
2590 13
2590 13
2590 13
2590 13
2590 13
2590 13
2590 13
2590 13
2590 13
2590 13
2590 13
2590 13
2590 13
2590 13
2590 13
2590 13
2590 13
2590 13
2590 13
2590 13
2590 13
2590 13
2590 13
2590 14
2590 13
2590 13
2590 13
2590 13
2590 13
2590 13
2590 13
2590 13
2590 13
2590 13
2590 13
2590 13
2590 14
2590 13
2590 13
2590 13
2590 13
2590 13
2590 13
2590 13
2590 13
2590 13
2590 13
2590 13
2590 13
2590 13
2590 13
2590 13
2590 13
2590 13
2590 13
2590 13
2590 13
2590 13
2590 13
2590 13
2590 13
2590 14
2590 13
2590 13
2590 13
2590 13
2590 13
2590 13
2590 13
2590 13
2590 13
2590 13
2590 13
2590 13
2590 13
2590 13
2590 13
2590 13
2590 13
2590 13
2590 13
2595 11
2595 11
2595 11
2595 11
2595 11
2595 11
2595 11
2595 11
2595 11
2595 11
2595 11
2595 11
2595 11
2595 11
2595 11
2595 11
2595 11
2595 11
2595 11
2595 11
2595 11
2595 12
2595 11
2595 11
2595 11
2595 11
2595 11
2595 11
2595 11
2595 11
2595 11
2595 11
2595 11
2595 11
2595 11
2595 11
2595 11
2595 11
2595 11
2595 11
2595 12
2595 11
2595 11
2595 11
2595 11
2595 11
2595 11
2595 11
2595 12
2595 11
2595 11
2595 12
2595 11
2595 11
2595 11
2595 11
2595 11
2595 11
2595 11
2595 11
2595 11
2595 11
2595 11
2595 11
2595 11
2595 11
2595 11
2595 11
2595 11
2595 11
2595 10
2595 11
2595 11
2595 11
2595 11
2595 11
2595 11
2595 11
2595 11
2595 11
2595 11
2595 11
2595 11
2595 11
2595 11
2595 11
2595 11
2595 11
2595 11
2595 11
2595 11
2595 11
2595 11
2595 11
2595 11
2595 11
2595 11
2595 11
2595 11
2595 11
2600 10
2600 9
2600 9
2600 9
2600 9
2600 9
2600 9
2600 9
2600 9
2600 9
2600 9
2600 9
2600 9
2600 9
2600 9
2600 9
2600 9
2600 9
2600 9
2600 9
2600 9
2600 9
2600 9
2600 9
2600 9
2600 9
2600 9
2600 9
2600 9
2600 9
2600 9
2600 9
2600 9
2600 9
2600 9
2600 8
2600 9
2600 9
2600 9
2600 8
2600 9
2600 9
2600 9
2600 9
2600 9
2600 9
2600 9
2600 9
2600 9
2600 9
2600 9
2600 9
2600 9
2600 10
2600 9
2600 9
2600 9
2600 9
2600 9
2600 9
2600 9
2600 9
2600 9
2600 9
2600 9
2600 9
2600 9
2600 9
2600 9
2600 9
2600 9
2600 9
2600 9
2600 9
2600 9
2600 9
2600 9
2600 9
2600 9
2600 9
2600 9
2600 9
2600 9
2600 8
2600 9
2600 9
2600 9
2600 8
2600 9
2600 9
2600 9
2600 9
2600 9
2600 9
2600 9
2600 9
2600 9
2600 9
2600 9
2600 9
2605 8
2605 6
2605 8
2605 7
2605 7
2605 6
2605 6
2605 8
2605 6
2605 6
2605 7
2605 7
2605 7
2605 7
2605 7
2605 7
2605 8
2605 6
2605 8
2605 7
2605 7
2605 8
2605 8
2605 8
2605 8
2605 7
2605 7
2605 6
2605 8
2605 6
2605 7
2605 7
2605 7
2605 7
2605 8
2605 7
2605 7
2605 7
2605 6
2605 7
2605 7
2605 7
2605 8
2605 7
2605 8
2605 8
2605 8
2605 6
2605 6
2605 8
2605 6
2605 7
2605 8
2605 8
2605 7
2605 6
2605 8
2605 6
2605 7
2605 8
2605 7
2605 7
2605 7
2605 6
2605 7
2605 7
2605 7
2605 8
2605 8
2605 8
2605 8
2605 8
2605 6
2605 8
2605 8
2605 7
2605 6
2605 7
2605 7
2605 6
2605 6
2605 6
2605 6
2605 7
2605 6
2605 6
2605 7
2605 7
2605 7
2605 7
2605 7
2605 7
2605 8
2605 7
2605 8
2605 6
2605 8
2605 6
2605 7
2605 6
2610 5
2610 3
2610 5
2610 5
2610 5
2610 5
2610 5
2610 5
2610 5
2610 7
2610 3
2610 5
2610 3
2610 5
2610 3
2610 5
2610 7
2610 5
2610 5
2610 5
2610 7
2610 5
2610 6
2610 5
2610 5
2610 5
2610 5
2610 5
2610 5
2610 7
2610 5
2610 5
2610 5
2610 5
2610 5
2610 5
2610 5
2610 3
2610 5
2610 5
2610 5
2610 5
2610 5
2610 5
2610 3
2610 3
2610 5
2610 5
2610 5
2610 5
2610 5
2610 5
2610 5
2610 5
2610 3
2610 5
2610 5
2610 5
2610 5
2610 5
2610 5
2610 5
2610 5
2610 5
2610 5
2610 5
2610 5
2610 5
2610 7
2610 5
2610 5
2610 5
2610 3
2610 6
2610 5
2610 3
2610 5
2610 7
2610 7
2610 5
2610 5
2610 5
2610 5
2610 5
2610 5
2610 5
2610 7
2610 5
2610 5
2610 7
2610 7
2610 5
2610 5
2610 5
2610 5
2610 3
2610 5
2610 5
2610 3
2610 5
