TOA measurement vs Delay ---- Mon Jun 15 01:06:45 2020
Pixel = 7
config file = config/asic_config_B4.yml
NofIterations = 100
LSBest = 24.013742794415418
mean value = [  0.           0.           0.           0.           0.
   0.           0.           0.           0.           0.
   0.           0.           0.           0.           0.
   0.           0.           0.           0.           0.
   0.         125.87878788 123.94       121.92929293 119.94
 117.96       116.6        114.53       111.69       109.51515152
 107.44       105.87       103.07       101.44444444  99.87
  98.02        95.4         93.27        91.74747475  88.95959596
  87.78        85.94949495  84.14        82.24        79.13
  77.22        75.34        73.92929293  71.11        69.46
  67.43        65.59        62.85        60.77        59.32323232
  56.39        55.32        53.93        52.          49.87
  47.73        45.6         43.67        41.95959596  39.41
  37.89        35.85        34.05050505  31.41414141  29.41
  27.94        25.66666667  24.          22.17        21.3
  19.1         16.19        14.05        12.83        10.50505051
   8.87         6.16         4.14         0.           0.
   0.           0.           0.           0.           0.
   0.           0.           0.           0.           0.
   0.           0.           0.           0.           0.        ]
sigma = [0.         0.         0.         0.         0.         0.
 0.         0.         0.         0.         0.         0.
 0.         0.         0.         0.         0.         0.
 0.         0.         0.         0.45831768 0.58286648 0.84539782
 0.44691535 0.40216083 0.56862407 0.626445   0.63026449 0.64335981
 0.62428626 0.443208   0.456545   0.65670162 0.48624411 0.47215817
 0.6350853  0.67855238 0.52162207 0.76599697 0.54307765 0.38921671
 0.61946213 0.57073053 0.78513269 0.67448746 0.58968918 0.38605817
 0.5111099  0.62588604 0.59028242 0.65209917 0.50083264 0.52955957
 0.65061405 0.61744096 0.67892071 0.38527047 0.49328829 0.50639247
 0.58346665 0.61913919 0.58688443 0.3494351  0.66725807 0.42571508
 0.48045118 0.38921671 0.62174569 0.60434538 0.37380922 0.72648316
 0.28867513 0.51423082 0.54160256 0.43969687 0.48706605 0.38837267
 0.494402   0.57732818 0.443208   0.46661905 0.45136829 0.
 0.         0.         0.         0.         0.         0.
 0.         0.         0.         0.         0.         0.
 0.         0.         0.         0.        ]
Pulse delay   TOA 
2200 125
2300 125
2305 126
2305 126
2305 126
2305 126
2305 126
2305 126
2305 126
2305 126
2305 126
2305 126
2305 126
2305 126
2305 126
2305 126
2305 126
2305 126
2305 126
2305 126
2305 126
2305 126
2305 125
2305 126
2305 124
2305 126
2305 126
2305 125
2305 126
2305 125
2305 126
2305 126
2305 126
2305 126
2305 126
2305 126
2305 126
2305 126
2305 126
2305 125
2305 126
2305 126
2305 126
2305 126
2305 126
2305 126
2305 126
2305 126
2305 126
2305 126
2305 126
2305 126
2305 126
2305 125
2305 126
2305 126
2305 126
2305 125
2305 126
2305 126
2305 126
2305 126
2305 126
2305 126
2305 126
2305 126
2305 126
2305 126
2305 126
2305 126
2305 126
2305 126
2305 126
2305 126
2305 126
2305 125
2305 126
2305 126
2305 126
2305 125
2305 126
2305 126
2305 126
2305 126
2305 126
2305 125
2305 126
2305 126
2305 126
2305 126
2305 126
2305 126
2305 126
2305 126
2305 126
2305 126
2305 126
2305 126
2305 126
2305 125
2305 126
2310 124
2310 124
2310 124
2310 124
2310 124
2310 124
2310 124
2310 124
2310 124
2310 124
2310 124
2310 124
2310 124
2310 124
2310 124
2310 124
2310 120
2310 124
2310 124
2310 124
2310 124
2310 124
2310 124
2310 124
2310 124
2310 124
2310 124
2310 125
2310 124
2310 124
2310 124
2310 124
2310 124
2310 124
2310 124
2310 124
2310 124
2310 124
2310 124
2310 124
2310 124
2310 124
2310 124
2310 124
2310 124
2310 124
2310 124
2310 124
2310 124
2310 124
2310 124
2310 124
2310 124
2310 124
2310 124
2310 124
2310 124
2310 124
2310 124
2310 124
2310 124
2310 124
2310 124
2310 124
2310 124
2310 124
2310 124
2310 124
2310 124
2310 124
2310 124
2310 124
2310 124
2310 124
2310 121
2310 124
2310 124
2310 124
2310 124
2310 124
2310 124
2310 124
2310 124
2310 124
2310 124
2310 124
2310 124
2310 124
2310 124
2310 124
2310 124
2310 124
2310 124
2310 124
2310 124
2310 124
2310 124
2310 124
2310 124
2310 124
2315 122
2315 122
2315 122
2315 122
2315 122
2315 122
2315 122
2315 121
2315 121
2315 122
2315 121
2315 121
2315 123
2315 122
2315 122
2315 122
2315 122
2315 121
2315 121
2315 122
2315 121
2315 122
2315 122
2315 120
2315 122
2315 121
2315 122
2315 123
2315 123
2315 122
2315 122
2315 123
2315 122
2315 122
2315 121
2315 123
2315 121
2315 122
2315 123
2315 123
2315 122
2315 122
2315 122
2315 121
2315 122
2315 123
2315 122
2315 120
2315 120
2315 123
2315 120
2315 122
2315 123
2315 122
2315 121
2315 123
2315 123
2315 122
2315 122
2315 122
2315 123
2315 122
2315 122
2315 122
2315 121
2315 123
2315 122
2315 122
2315 122
2315 122
2315 122
2315 122
2315 123
2315 123
2315 122
2315 122
2315 123
2315 121
2315 122
2315 122
2315 123
2315 122
2315 121
2315 123
2315 122
2315 123
2315 120
2315 123
2315 121
2315 123
2315 121
2315 122
2315 123
2315 122
2315 121
2315 122
2315 122
2315 121
2315 121
2320 120
2320 120
2320 120
2320 120
2320 120
2320 120
2320 118
2320 120
2320 120
2320 120
2320 120
2320 120
2320 120
2320 120
2320 120
2320 120
2320 120
2320 120
2320 120
2320 120
2320 120
2320 120
2320 120
2320 120
2320 120
2320 120
2320 120
2320 120
2320 120
2320 120
2320 120
2320 120
2320 120
2320 118
2320 120
2320 120
2320 120
2320 120
2320 120
2320 120
2320 120
2320 120
2320 120
2320 120
2320 120
2320 120
2320 120
2320 120
2320 120
2320 120
2320 120
2320 120
2320 120
2320 120
2320 120
2320 120
2320 120
2320 120
2320 120
2320 120
2320 120
2320 120
2320 120
2320 120
2320 120
2320 120
2320 120
2320 120
2320 120
2320 120
2320 120
2320 118
2320 120
2320 120
2320 120
2320 120
2320 120
2320 120
2320 120
2320 120
2320 120
2320 120
2320 120
2320 120
2320 120
2320 120
2320 120
2320 120
2320 120
2320 120
2320 120
2320 120
2320 120
2320 120
2320 120
2320 120
2320 120
2320 120
2320 120
2320 120
2325 118
2325 118
2325 118
2325 118
2325 118
2325 118
2325 118
2325 118
2325 118
2325 118
2325 118
2325 118
2325 118
2325 118
2325 118
2325 118
2325 118
2325 118
2325 118
2325 118
2325 118
2325 118
2325 118
2325 118
2325 118
2325 118
2325 118
2325 118
2325 118
2325 118
2325 118
2325 118
2325 118
2325 116
2325 118
2325 118
2325 118
2325 118
2325 118
2325 118
2325 118
2325 118
2325 118
2325 118
2325 118
2325 118
2325 118
2325 118
2325 118
2325 118
2325 118
2325 118
2325 118
2325 118
2325 118
2325 118
2325 118
2325 118
2325 118
2325 118
2325 118
2325 118
2325 118
2325 118
2325 118
2325 118
2325 118
2325 118
2325 118
2325 118
2325 118
2325 118
2325 118
2325 118
2325 118
2325 118
2325 118
2325 118
2325 118
2325 118
2325 118
2325 118
2325 118
2325 118
2325 118
2325 118
2325 116
2325 118
2325 118
2325 118
2325 118
2325 118
2325 118
2325 118
2325 118
2325 118
2325 118
2325 118
2325 118
2325 118
2330 116
2330 117
2330 117
2330 117
2330 117
2330 117
2330 116
2330 117
2330 116
2330 117
2330 117
2330 116
2330 117
2330 117
2330 117
2330 117
2330 116
2330 116
2330 117
2330 117
2330 117
2330 116
2330 117
2330 116
2330 116
2330 117
2330 116
2330 117
2330 117
2330 117
2330 116
2330 116
2330 117
2330 117
2330 117
2330 117
2330 117
2330 117
2330 116
2330 116
2330 116
2330 117
2330 117
2330 117
2330 117
2330 116
2330 116
2330 117
2330 117
2330 117
2330 116
2330 116
2330 116
2330 116
2330 116
2330 117
2330 117
2330 116
2330 116
2330 116
2330 117
2330 116
2330 116
2330 117
2330 116
2330 116
2330 117
2330 116
2330 117
2330 116
2330 117
2330 117
2330 117
2330 116
2330 117
2330 117
2330 116
2330 116
2330 116
2330 117
2330 117
2330 116
2330 117
2330 116
2330 116
2330 117
2330 117
2330 117
2330 117
2330 117
2330 116
2330 116
2330 117
2330 117
2330 117
2330 117
2330 117
2330 117
2330 117
2330 117
2335 115
2335 115
2335 115
2335 115
2335 115
2335 115
2335 115
2335 114
2335 115
2335 114
2335 114
2335 115
2335 114
2335 114
2335 114
2335 114
2335 114
2335 114
2335 112
2335 115
2335 114
2335 115
2335 115
2335 114
2335 115
2335 114
2335 115
2335 114
2335 115
2335 114
2335 114
2335 115
2335 115
2335 114
2335 115
2335 114
2335 114
2335 115
2335 115
2335 115
2335 114
2335 114
2335 114
2335 114
2335 115
2335 115
2335 114
2335 115
2335 115
2335 114
2335 115
2335 114
2335 115
2335 114
2335 115
2335 114
2335 114
2335 114
2335 114
2335 115
2335 114
2335 115
2335 115
2335 114
2335 115
2335 114
2335 115
2335 115
2335 115
2335 114
2335 114
2335 115
2335 114
2335 114
2335 115
2335 114
2335 115
2335 115
2335 114
2335 115
2335 115
2335 115
2335 115
2335 114
2335 114
2335 115
2335 115
2335 115
2335 115
2335 114
2335 115
2335 115
2335 114
2335 115
2335 114
2335 115
2335 115
2335 115
2335 115
2335 115
2340 112
2340 110
2340 112
2340 112
2340 112
2340 111
2340 111
2340 111
2340 112
2340 112
2340 111
2340 111
2340 112
2340 112
2340 112
2340 112
2340 112
2340 111
2340 112
2340 112
2340 112
2340 112
2340 111
2340 112
2340 112
2340 111
2340 112
2340 112
2340 112
2340 112
2340 110
2340 112
2340 112
2340 112
2340 112
2340 111
2340 111
2340 112
2340 112
2340 112
2340 112
2340 112
2340 112
2340 112
2340 112
2340 110
2340 110
2340 112
2340 112
2340 112
2340 112
2340 112
2340 112
2340 111
2340 112
2340 112
2340 112
2340 111
2340 112
2340 110
2340 111
2340 112
2340 112
2340 111
2340 112
2340 111
2340 112
2340 111
2340 112
2340 112
2340 111
2340 112
2340 112
2340 112
2340 112
2340 112
2340 112
2340 112
2340 112
2340 112
2340 112
2340 112
2340 111
2340 112
2340 112
2340 111
2340 111
2340 111
2340 112
2340 112
2340 112
2340 112
2340 112
2340 112
2340 112
2340 112
2340 112
2340 112
2340 112
2340 112
2345 109
2345 110
2345 109
2345 109
2345 109
2345 110
2345 110
2345 109
2345 109
2345 110
2345 110
2345 110
2345 109
2345 109
2345 110
2345 110
2345 110
2345 109
2345 109
2345 109
2345 110
2345 110
2345 110
2345 109
2345 109
2345 110
2345 110
2345 110
2345 110
2345 107
2345 109
2345 109
2345 109
2345 110
2345 110
2345 108
2345 109
2345 109
2345 109
2345 110
2345 109
2345 110
2345 109
2345 110
2345 110
2345 110
2345 110
2345 110
2345 109
2345 109
2345 110
2345 110
2345 110
2345 109
2345 109
2345 110
2345 110
2345 110
2345 110
2345 109
2345 109
2345 109
2345 110
2345 110
2345 110
2345 109
2345 110
2345 110
2345 109
2345 110
2345 109
2345 110
2345 109
2345 109
2345 110
2345 109
2345 110
2345 110
2345 109
2345 110
2345 110
2345 110
2345 109
2345 110
2345 110
2345 110
2345 109
2345 110
2345 109
2345 110
2345 109
2345 109
2345 110
2345 109
2345 110
2345 109
2345 110
2345 110
2345 109
2350 108
2350 108
2350 107
2350 108
2350 107
2350 107
2350 107
2350 107
2350 108
2350 108
2350 108
2350 108
2350 107
2350 108
2350 108
2350 105
2350 107
2350 107
2350 108
2350 108
2350 108
2350 107
2350 107
2350 107
2350 107
2350 107
2350 107
2350 108
2350 108
2350 107
2350 108
2350 107
2350 108
2350 108
2350 107
2350 107
2350 107
2350 107
2350 108
2350 108
2350 108
2350 108
2350 107
2350 108
2350 107
2350 107
2350 108
2350 107
2350 108
2350 108
2350 108
2350 108
2350 108
2350 108
2350 107
2350 108
2350 107
2350 107
2350 108
2350 108
2350 108
2350 108
2350 108
2350 107
2350 107
2350 107
2350 108
2350 108
2350 107
2350 107
2350 107
2350 108
2350 108
2350 108
2350 108
2350 107
2350 108
2350 107
2350 107
2350 107
2350 107
2350 107
2350 107
2350 108
2350 108
2350 107
2350 107
2350 108
2350 107
2350 108
2350 107
2350 107
2350 107
2350 107
2350 107
2350 107
2350 107
2350 107
2350 107
2350 107
2355 105
2355 106
2355 105
2355 105
2355 106
2355 106
2355 106
2355 106
2355 106
2355 106
2355 105
2355 106
2355 106
2355 106
2355 106
2355 106
2355 106
2355 105
2355 105
2355 106
2355 106
2355 106
2355 106
2355 106
2355 106
2355 105
2355 106
2355 106
2355 106
2355 106
2355 105
2355 106
2355 106
2355 106
2355 106
2355 106
2355 106
2355 106
2355 106
2355 106
2355 106
2355 106
2355 106
2355 106
2355 106
2355 106
2355 106
2355 106
2355 106
2355 106
2355 106
2355 106
2355 106
2355 106
2355 106
2355 106
2355 105
2355 106
2355 106
2355 106
2355 105
2355 106
2355 106
2355 106
2355 106
2355 106
2355 106
2355 106
2355 105
2355 106
2355 106
2355 106
2355 106
2355 106
2355 106
2355 106
2355 106
2355 106
2355 106
2355 106
2355 106
2355 106
2355 106
2355 106
2355 106
2355 106
2355 106
2355 106
2355 106
2355 106
2355 106
2355 106
2355 106
2355 106
2355 106
2355 106
2355 106
2355 106
2355 105
2355 105
2360 103
2360 103
2360 103
2360 103
2360 104
2360 103
2360 103
2360 103
2360 103
2360 103
2360 103
2360 103
2360 103
2360 104
2360 103
2360 103
2360 103
2360 103
2360 103
2360 103
2360 103
2360 103
2360 103
2360 103
2360 103
2360 103
2360 103
2360 103
2360 103
2360 103
2360 103
2360 103
2360 104
2360 103
2360 102
2360 103
2360 103
2360 103
2360 103
2360 103
2360 103
2360 103
2360 103
2360 103
2360 103
2360 103
2360 103
2360 103
2360 103
2360 103
2360 103
2360 103
2360 103
2360 103
2360 104
2360 103
2360 102
2360 103
2360 103
2360 103
2360 103
2360 103
2360 103
2360 104
2360 103
2360 104
2360 103
2360 103
2360 102
2360 103
2360 103
2360 103
2360 103
2360 103
2360 103
2360 103
2360 103
2360 103
2360 103
2360 104
2360 103
2360 103
2360 103
2360 103
2360 103
2360 104
2360 103
2360 103
2360 103
2360 103
2360 104
2360 103
2360 104
2360 103
2360 103
2360 103
2360 103
2360 103
2360 103
2360 103
2365 101
2365 102
2365 101
2365 102
2365 100
2365 100
2365 102
2365 102
2365 101
2365 102
2365 101
2365 101
2365 102
2365 102
2365 102
2365 101
2365 101
2365 102
2365 102
2365 101
2365 102
2365 102
2365 102
2365 102
2365 102
2365 101
2365 101
2365 102
2365 102
2365 102
2365 101
2365 102
2365 102
2365 101
2365 102
2365 101
2365 101
2365 102
2365 102
2365 100
2365 101
2365 102
2365 102
2365 102
2365 102
2365 101
2365 102
2365 102
2365 102
2365 102
2365 101
2365 102
2365 101
2365 102
2365 101
2365 101
2365 102
2365 102
2365 101
2365 102
2365 102
2365 102
2365 101
2365 102
2365 100
2365 101
2365 101
2365 102
2365 101
2365 101
2365 101
2365 102
2365 101
2365 102
2365 102
2365 101
2365 101
2365 101
2365 101
2365 101
2365 101
2365 102
2365 101
2365 101
2365 100
2365 101
2365 102
2365 101
2365 101
2365 102
2365 101
2365 101
2365 101
2365 101
2365 101
2365 101
2365 102
2365 102
2365 102
2370 100
2370 100
2370 100
2370 100
2370 100
2370 100
2370 100
2370 100
2370 100
2370 100
2370 100
2370 100
2370 100
2370 99
2370 100
2370 100
2370 100
2370 100
2370 100
2370 100
2370 100
2370 100
2370 100
2370 99
2370 100
2370 99
2370 99
2370 100
2370 100
2370 100
2370 99
2370 100
2370 100
2370 100
2370 100
2370 100
2370 100
2370 100
2370 100
2370 100
2370 100
2370 100
2370 99
2370 100
2370 100
2370 100
2370 100
2370 100
2370 100
2370 100
2370 100
2370 100
2370 100
2370 100
2370 100
2370 100
2370 100
2370 100
2370 100
2370 98
2370 100
2370 99
2370 100
2370 100
2370 100
2370 100
2370 100
2370 100
2370 100
2370 100
2370 98
2370 99
2370 100
2370 100
2370 100
2370 99
2370 100
2370 100
2370 100
2370 100
2370 100
2370 100
2370 100
2370 100
2370 100
2370 100
2370 100
2370 100
2370 100
2370 100
2370 100
2370 100
2370 100
2370 100
2370 100
2370 100
2370 100
2370 100
2370 100
2370 100
2375 98
2375 98
2375 99
2375 98
2375 98
2375 98
2375 98
2375 98
2375 98
2375 98
2375 98
2375 98
2375 98
2375 99
2375 98
2375 98
2375 98
2375 98
2375 98
2375 98
2375 98
2375 98
2375 98
2375 98
2375 98
2375 98
2375 98
2375 98
2375 98
2375 98
2375 98
2375 98
2375 98
2375 98
2375 98
2375 98
2375 98
2375 98
2375 98
2375 98
2375 98
2375 98
2375 98
2375 98
2375 98
2375 98
2375 98
2375 98
2375 98
2375 98
2375 98
2375 98
2375 98
2375 98
2375 99
2375 98
2375 98
2375 98
2375 98
2375 98
2375 98
2375 98
2375 98
2375 98
2375 99
2375 98
2375 98
2375 98
2375 99
2375 99
2375 98
2375 98
2375 98
2375 98
2375 96
2375 98
2375 96
2375 98
2375 98
2375 98
2375 98
2375 98
2375 98
2375 98
2375 98
2375 98
2375 98
2375 98
2375 98
2375 98
2375 98
2375 98
2375 98
2375 98
2375 98
2375 98
2375 98
2375 98
2375 98
2375 98
2380 96
2380 95
2380 96
2380 96
2380 95
2380 96
2380 95
2380 95
2380 96
2380 96
2380 96
2380 95
2380 95
2380 95
2380 96
2380 95
2380 95
2380 96
2380 96
2380 96
2380 95
2380 96
2380 97
2380 96
2380 95
2380 95
2380 96
2380 95
2380 95
2380 95
2380 96
2380 95
2380 95
2380 95
2380 95
2380 96
2380 95
2380 96
2380 95
2380 96
2380 95
2380 95
2380 95
2380 95
2380 95
2380 96
2380 96
2380 95
2380 96
2380 95
2380 95
2380 96
2380 96
2380 95
2380 93
2380 95
2380 96
2380 95
2380 96
2380 96
2380 95
2380 96
2380 95
2380 96
2380 95
2380 95
2380 96
2380 95
2380 96
2380 95
2380 96
2380 95
2380 96
2380 95
2380 95
2380 95
2380 96
2380 95
2380 95
2380 96
2380 95
2380 95
2380 95
2380 96
2380 95
2380 95
2380 96
2380 95
2380 96
2380 95
2380 95
2380 96
2380 95
2380 95
2380 96
2380 95
2380 95
2380 95
2380 96
2380 95
2385 94
2385 94
2385 91
2385 93
2385 94
2385 93
2385 93
2385 93
2385 93
2385 93
2385 94
2385 94
2385 93
2385 93
2385 94
2385 93
2385 93
2385 93
2385 93
2385 93
2385 93
2385 94
2385 93
2385 94
2385 94
2385 94
2385 93
2385 93
2385 94
2385 94
2385 94
2385 93
2385 93
2385 93
2385 93
2385 94
2385 94
2385 94
2385 93
2385 93
2385 92
2385 93
2385 93
2385 93
2385 93
2385 93
2385 93
2385 94
2385 93
2385 94
2385 93
2385 93
2385 93
2385 94
2385 94
2385 93
2385 93
2385 93
2385 94
2385 91
2385 93
2385 93
2385 93
2385 93
2385 92
2385 93
2385 93
2385 93
2385 93
2385 93
2385 94
2385 94
2385 93
2385 94
2385 93
2385 93
2385 94
2385 94
2385 93
2385 93
2385 94
2385 94
2385 93
2385 92
2385 93
2385 93
2385 94
2385 93
2385 94
2385 93
2385 93
2385 93
2385 94
2385 93
2385 93
2385 93
2385 93
2385 94
2385 94
2385 94
2390 92
2390 92
2390 92
2390 91
2390 92
2390 92
2390 92
2390 91
2390 92
2390 91
2390 92
2390 92
2390 92
2390 92
2390 92
2390 92
2390 92
2390 92
2390 92
2390 91
2390 92
2390 92
2390 91
2390 92
2390 92
2390 91
2390 92
2390 91
2390 91
2390 92
2390 92
2390 92
2390 92
2390 92
2390 92
2390 92
2390 91
2390 92
2390 91
2390 91
2390 92
2390 92
2390 92
2390 91
2390 92
2390 92
2390 92
2390 92
2390 92
2390 92
2390 92
2390 92
2390 92
2390 92
2390 91
2390 91
2390 92
2390 92
2390 92
2390 92
2390 92
2390 92
2390 92
2390 91
2390 91
2390 92
2390 92
2390 92
2390 92
2390 92
2390 92
2390 91
2390 92
2390 91
2390 92
2390 92
2390 91
2390 92
2390 92
2390 92
2390 91
2390 92
2390 91
2390 92
2390 91
2390 92
2390 92
2390 92
2390 91
2390 92
2390 92
2390 91
2390 92
2390 92
2390 92
2390 92
2390 92
2390 91
2390 92
2395 89
2395 89
2395 89
2395 89
2395 89
2395 90
2395 88
2395 88
2395 88
2395 89
2395 89
2395 89
2395 90
2395 90
2395 91
2395 89
2395 88
2395 89
2395 88
2395 90
2395 88
2395 90
2395 89
2395 90
2395 89
2395 89
2395 89
2395 89
2395 89
2395 88
2395 89
2395 90
2395 90
2395 88
2395 89
2395 89
2395 88
2395 88
2395 88
2395 88
2395 89
2395 89
2395 89
2395 88
2395 88
2395 89
2395 90
2395 88
2395 88
2395 88
2395 89
2395 89
2395 89
2395 88
2395 89
2395 89
2395 89
2395 89
2395 89
2395 89
2395 90
2395 89
2395 90
2395 88
2395 89
2395 90
2395 89
2395 89
2395 88
2395 88
2395 89
2395 88
2395 89
2395 89
2395 90
2395 88
2395 90
2395 89
2395 88
2395 89
2395 90
2395 89
2395 89
2395 89
2395 90
2395 90
2395 90
2395 88
2395 89
2395 89
2395 89
2395 89
2395 88
2395 89
2395 89
2395 89
2395 90
2395 89
2395 90
2400 87
2400 88
2400 87
2400 88
2400 88
2400 88
2400 88
2400 88
2400 88
2400 88
2400 88
2400 88
2400 88
2400 88
2400 88
2400 88
2400 88
2400 88
2400 88
2400 87
2400 88
2400 88
2400 87
2400 87
2400 87
2400 88
2400 88
2400 88
2400 88
2400 88
2400 88
2400 88
2400 88
2400 87
2400 88
2400 88
2400 88
2400 88
2400 88
2400 88
2400 88
2400 88
2400 88
2400 88
2400 88
2400 88
2400 87
2400 88
2400 86
2400 88
2400 87
2400 88
2400 88
2400 88
2400 88
2400 88
2400 88
2400 88
2400 88
2400 88
2400 88
2400 88
2400 88
2400 88
2400 88
2400 88
2400 88
2400 88
2400 88
2400 88
2400 88
2400 88
2400 88
2400 87
2400 88
2400 88
2400 87
2400 87
2400 87
2400 88
2400 88
2400 86
2400 88
2400 88
2400 88
2400 88
2400 88
2400 88
2400 88
2400 88
2400 88
2400 87
2400 87
2400 87
2400 87
2400 87
2400 88
2400 88
2400 88
2400 88
2405 86
2405 86
2405 86
2405 86
2405 86
2405 86
2405 86
2405 86
2405 86
2405 86
2405 86
2405 86
2405 86
2405 86
2405 86
2405 86
2405 86
2405 86
2405 85
2405 86
2405 86
2405 86
2405 86
2405 85
2405 86
2405 86
2405 86
2405 86
2405 86
2405 86
2405 86
2405 86
2405 86
2405 86
2405 86
2405 86
2405 84
2405 86
2405 86
2405 86
2405 85
2405 86
2405 86
2405 86
2405 86
2405 86
2405 86
2405 86
2405 86
2405 86
2405 86
2405 86
2405 86
2405 86
2405 86
2405 86
2405 86
2405 86
2405 86
2405 86
2405 86
2405 86
2405 86
2405 86
2405 86
2405 86
2405 86
2405 86
2405 86
2405 86
2405 86
2405 86
2405 86
2405 86
2405 86
2405 86
2405 86
2405 86
2405 86
2405 86
2405 86
2405 86
2405 86
2405 86
2405 86
2405 86
2405 86
2405 86
2405 86
2405 86
2405 86
2405 86
2405 86
2405 86
2405 86
2405 86
2405 86
2405 86
2405 86
2410 84
2410 84
2410 83
2410 84
2410 84
2410 84
2410 85
2410 84
2410 84
2410 84
2410 84
2410 84
2410 84
2410 84
2410 83
2410 82
2410 84
2410 84
2410 84
2410 84
2410 84
2410 84
2410 84
2410 84
2410 84
2410 85
2410 84
2410 85
2410 85
2410 84
2410 84
2410 84
2410 84
2410 84
2410 84
2410 85
2410 85
2410 84
2410 84
2410 85
2410 84
2410 85
2410 84
2410 85
2410 84
2410 84
2410 84
2410 84
2410 84
2410 85
2410 84
2410 85
2410 84
2410 84
2410 84
2410 84
2410 83
2410 84
2410 85
2410 84
2410 84
2410 83
2410 85
2410 85
2410 85
2410 84
2410 84
2410 83
2410 84
2410 84
2410 84
2410 85
2410 84
2410 84
2410 84
2410 84
2410 85
2410 84
2410 84
2410 85
2410 84
2410 84
2410 83
2410 84
2410 84
2410 85
2410 85
2410 84
2410 84
2410 84
2410 84
2410 84
2410 84
2410 84
2410 84
2410 85
2410 84
2410 84
2410 84
2410 85
2415 82
2415 83
2415 82
2415 82
2415 83
2415 83
2415 82
2415 82
2415 82
2415 82
2415 82
2415 83
2415 82
2415 82
2415 82
2415 82
2415 81
2415 82
2415 82
2415 82
2415 82
2415 83
2415 81
2415 83
2415 82
2415 82
2415 82
2415 83
2415 83
2415 82
2415 82
2415 82
2415 82
2415 82
2415 83
2415 82
2415 82
2415 83
2415 82
2415 83
2415 82
2415 82
2415 82
2415 82
2415 82
2415 82
2415 82
2415 83
2415 82
2415 82
2415 82
2415 82
2415 82
2415 82
2415 83
2415 82
2415 82
2415 81
2415 82
2415 82
2415 83
2415 82
2415 82
2415 83
2415 82
2415 82
2415 83
2415 83
2415 82
2415 83
2415 82
2415 82
2415 82
2415 82
2415 82
2415 83
2415 82
2415 83
2415 83
2415 82
2415 82
2415 82
2415 83
2415 82
2415 83
2415 82
2415 82
2415 82
2415 82
2415 83
2415 82
2415 83
2415 82
2415 82
2415 82
2415 82
2415 82
2415 82
2415 83
2415 83
2420 80
2420 78
2420 78
2420 79
2420 78
2420 80
2420 80
2420 80
2420 79
2420 80
2420 78
2420 80
2420 79
2420 78
2420 80
2420 78
2420 79
2420 78
2420 79
2420 79
2420 80
2420 79
2420 79
2420 79
2420 80
2420 80
2420 80
2420 79
2420 80
2420 79
2420 79
2420 78
2420 79
2420 80
2420 79
2420 78
2420 79
2420 80
2420 80
2420 79
2420 79
2420 77
2420 80
2420 80
2420 78
2420 79
2420 78
2420 80
2420 80
2420 78
2420 79
2420 79
2420 78
2420 79
2420 79
2420 79
2420 80
2420 79
2420 79
2420 80
2420 79
2420 80
2420 80
2420 79
2420 79
2420 78
2420 79
2420 78
2420 79
2420 78
2420 79
2420 79
2420 78
2420 79
2420 79
2420 78
2420 79
2420 79
2420 80
2420 79
2420 79
2420 79
2420 80
2420 79
2420 79
2420 79
2420 80
2420 79
2420 79
2420 80
2420 80
2420 79
2420 79
2420 80
2420 80
2420 80
2420 80
2420 79
2420 79
2420 80
2425 77
2425 77
2425 77
2425 77
2425 77
2425 77
2425 78
2425 77
2425 77
2425 77
2425 77
2425 77
2425 78
2425 77
2425 78
2425 78
2425 78
2425 78
2425 77
2425 77
2425 77
2425 77
2425 77
2425 77
2425 77
2425 77
2425 77
2425 77
2425 77
2425 77
2425 75
2425 78
2425 77
2425 78
2425 78
2425 77
2425 78
2425 77
2425 77
2425 77
2425 77
2425 77
2425 78
2425 78
2425 78
2425 77
2425 77
2425 77
2425 77
2425 77
2425 77
2425 78
2425 77
2425 77
2425 77
2425 77
2425 78
2425 77
2425 78
2425 77
2425 78
2425 78
2425 75
2425 78
2425 78
2425 77
2425 75
2425 77
2425 76
2425 77
2425 78
2425 77
2425 77
2425 77
2425 77
2425 77
2425 78
2425 77
2425 78
2425 78
2425 77
2425 77
2425 77
2425 77
2425 78
2425 77
2425 77
2425 78
2425 77
2425 77
2425 77
2425 77
2425 77
2425 77
2425 78
2425 77
2425 78
2425 77
2425 78
2425 77
2430 76
2430 75
2430 76
2430 75
2430 75
2430 75
2430 75
2430 75
2430 76
2430 76
2430 75
2430 75
2430 75
2430 75
2430 75
2430 76
2430 76
2430 76
2430 75
2430 75
2430 75
2430 76
2430 76
2430 75
2430 76
2430 75
2430 75
2430 75
2430 75
2430 75
2430 76
2430 75
2430 76
2430 76
2430 75
2430 75
2430 76
2430 75
2430 75
2430 76
2430 75
2430 75
2430 76
2430 75
2430 76
2430 75
2430 76
2430 76
2430 75
2430 75
2430 75
2430 76
2430 74
2430 75
2430 75
2430 76
2430 75
2430 76
2430 75
2430 76
2430 75
2430 75
2430 75
2430 76
2430 76
2430 75
2430 75
2430 75
2430 75
2430 75
2430 76
2430 76
2430 75
2430 75
2430 76
2430 76
2430 75
2430 75
2430 75
2430 75
2430 75
2430 75
2430 75
2430 75
2430 75
2430 76
2430 75
2430 76
2430 75
2430 75
2430 74
2430 76
2430 76
2430 75
2430 75
2430 76
2430 76
2430 75
2430 75
2430 76
2435 74
2435 74
2435 74
2435 74
2435 74
2435 74
2435 74
2435 74
2435 74
2435 74
2435 74
2435 74
2435 74
2435 74
2435 74
2435 74
2435 74
2435 74
2435 74
2435 74
2435 74
2435 74
2435 74
2435 74
2435 74
2435 74
2435 74
2435 74
2435 74
2435 74
2435 74
2435 74
2435 73
2435 73
2435 73
2435 74
2435 73
2435 74
2435 74
2435 74
2435 74
2435 74
2435 74
2435 74
2435 74
2435 74
2435 74
2435 74
2435 74
2435 74
2435 74
2435 74
2435 74
2435 74
2435 74
2435 74
2435 74
2435 74
2435 74
2435 74
2435 74
2435 74
2435 74
2435 74
2435 74
2435 74
2435 73
2435 74
2435 74
2435 74
2435 74
2435 74
2435 73
2435 74
2435 74
2435 74
2435 74
2435 74
2435 74
2435 74
2435 73
2435 74
2435 74
2435 74
2435 74
2435 74
2435 74
2435 74
2435 74
2435 74
2435 74
2435 74
2435 74
2435 74
2435 74
2435 74
2435 74
2435 74
2435 74
2440 71
2440 71
2440 71
2440 71
2440 71
2440 70
2440 71
2440 71
2440 71
2440 71
2440 72
2440 71
2440 72
2440 72
2440 71
2440 71
2440 71
2440 71
2440 71
2440 71
2440 71
2440 72
2440 71
2440 71
2440 71
2440 72
2440 71
2440 71
2440 71
2440 71
2440 71
2440 71
2440 71
2440 71
2440 71
2440 71
2440 72
2440 71
2440 71
2440 71
2440 71
2440 70
2440 71
2440 71
2440 71
2440 71
2440 71
2440 71
2440 71
2440 72
2440 71
2440 71
2440 71
2440 71
2440 72
2440 71
2440 71
2440 71
2440 71
2440 71
2440 71
2440 71
2440 71
2440 72
2440 71
2440 71
2440 71
2440 71
2440 71
2440 71
2440 71
2440 71
2440 71
2440 73
2440 71
2440 71
2440 71
2440 71
2440 71
2440 71
2440 70
2440 71
2440 71
2440 71
2440 72
2440 71
2440 71
2440 71
2440 72
2440 72
2440 71
2440 71
2440 71
2440 71
2440 71
2440 71
2440 71
2440 71
2440 71
2440 71
2445 69
2445 70
2445 69
2445 68
2445 69
2445 69
2445 70
2445 70
2445 70
2445 69
2445 70
2445 70
2445 70
2445 70
2445 69
2445 70
2445 69
2445 69
2445 69
2445 70
2445 70
2445 69
2445 70
2445 69
2445 70
2445 69
2445 69
2445 70
2445 69
2445 69
2445 69
2445 70
2445 69
2445 70
2445 69
2445 70
2445 69
2445 69
2445 70
2445 70
2445 70
2445 70
2445 70
2445 70
2445 69
2445 69
2445 69
2445 69
2445 70
2445 70
2445 69
2445 70
2445 70
2445 69
2445 70
2445 69
2445 69
2445 69
2445 70
2445 70
2445 69
2445 70
2445 69
2445 69
2445 69
2445 69
2445 70
2445 69
2445 69
2445 69
2445 69
2445 70
2445 70
2445 70
2445 70
2445 69
2445 69
2445 70
2445 69
2445 70
2445 69
2445 69
2445 70
2445 69
2445 68
2445 68
2445 70
2445 69
2445 69
2445 70
2445 70
2445 70
2445 70
2445 69
2445 70
2445 70
2445 69
2445 70
2445 70
2445 70
2450 68
2450 68
2450 68
2450 67
2450 68
2450 67
2450 67
2450 67
2450 68
2450 67
2450 68
2450 67
2450 67
2450 67
2450 67
2450 67
2450 67
2450 67
2450 67
2450 68
2450 67
2450 67
2450 68
2450 68
2450 68
2450 68
2450 68
2450 67
2450 68
2450 67
2450 66
2450 68
2450 67
2450 68
2450 67
2450 67
2450 67
2450 68
2450 68
2450 68
2450 68
2450 68
2450 67
2450 67
2450 67
2450 68
2450 68
2450 67
2450 68
2450 68
2450 67
2450 67
2450 68
2450 67
2450 67
2450 68
2450 67
2450 67
2450 68
2450 67
2450 68
2450 67
2450 68
2450 67
2450 67
2450 67
2450 68
2450 68
2450 68
2450 68
2450 67
2450 67
2450 68
2450 68
2450 68
2450 67
2450 68
2450 67
2450 67
2450 67
2450 68
2450 68
2450 67
2450 67
2450 67
2450 67
2450 67
2450 67
2450 68
2450 68
2450 67
2450 67
2450 68
2450 67
2450 67
2450 67
2450 68
2450 68
2450 67
2450 67
2455 65
2455 66
2455 66
2455 66
2455 65
2455 65
2455 66
2455 65
2455 66
2455 66
2455 66
2455 66
2455 65
2455 66
2455 66
2455 65
2455 65
2455 66
2455 65
2455 66
2455 66
2455 66
2455 65
2455 65
2455 65
2455 66
2455 65
2455 66
2455 66
2455 66
2455 66
2455 66
2455 65
2455 66
2455 66
2455 65
2455 66
2455 66
2455 65
2455 65
2455 65
2455 66
2455 65
2455 66
2455 66
2455 66
2455 66
2455 66
2455 65
2455 66
2455 66
2455 66
2455 66
2455 65
2455 66
2455 66
2455 66
2455 64
2455 66
2455 66
2455 66
2455 66
2455 66
2455 66
2455 66
2455 66
2455 66
2455 66
2455 65
2455 66
2455 66
2455 66
2455 66
2455 66
2455 65
2455 66
2455 66
2455 66
2455 66
2455 65
2455 66
2455 65
2455 66
2455 66
2455 65
2455 65
2455 66
2455 63
2455 66
2455 65
2455 66
2455 65
2455 65
2455 64
2455 65
2455 65
2455 65
2455 66
2455 65
2455 65
2460 63
2460 63
2460 62
2460 63
2460 63
2460 63
2460 63
2460 63
2460 63
2460 62
2460 63
2460 63
2460 63
2460 63
2460 63
2460 63
2460 63
2460 63
2460 63
2460 63
2460 63
2460 63
2460 63
2460 63
2460 63
2460 62
2460 63
2460 63
2460 63
2460 62
2460 62
2460 63
2460 63
2460 63
2460 62
2460 63
2460 63
2460 63
2460 63
2460 63
2460 63
2460 62
2460 63
2460 62
2460 64
2460 63
2460 62
2460 62
2460 63
2460 63
2460 62
2460 63
2460 63
2460 63
2460 63
2460 63
2460 63
2460 63
2460 63
2460 63
2460 63
2460 63
2460 63
2460 62
2460 62
2460 64
2460 63
2460 63
2460 63
2460 63
2460 63
2460 62
2460 63
2460 62
2460 63
2460 63
2460 63
2460 63
2460 63
2460 63
2460 63
2460 63
2460 63
2460 63
2460 63
2460 63
2460 63
2460 63
2460 62
2460 63
2460 63
2460 63
2460 62
2460 63
2460 63
2460 63
2460 63
2460 63
2460 63
2460 63
2465 60
2465 61
2465 60
2465 60
2465 61
2465 61
2465 60
2465 60
2465 61
2465 61
2465 61
2465 61
2465 61
2465 60
2465 60
2465 61
2465 61
2465 61
2465 61
2465 61
2465 61
2465 60
2465 61
2465 61
2465 61
2465 59
2465 60
2465 61
2465 61
2465 61
2465 61
2465 61
2465 61
2465 61
2465 61
2465 61
2465 60
2465 61
2465 61
2465 61
2465 61
2465 60
2465 61
2465 60
2465 61
2465 61
2465 61
2465 61
2465 61
2465 61
2465 60
2465 61
2465 61
2465 61
2465 61
2465 61
2465 61
2465 61
2465 61
2465 61
2465 61
2465 60
2465 61
2465 61
2465 61
2465 60
2465 61
2465 60
2465 61
2465 60
2465 61
2465 60
2465 61
2465 61
2465 61
2465 61
2465 61
2465 61
2465 60
2465 61
2465 61
2465 61
2465 60
2465 60
2465 61
2465 61
2465 61
2465 61
2465 61
2465 61
2465 61
2465 61
2465 61
2465 61
2465 61
2465 61
2465 61
2465 61
2465 61
2465 61
2470 59
2470 59
2470 60
2470 59
2470 60
2470 59
2470 59
2470 59
2470 60
2470 59
2470 59
2470 59
2470 59
2470 59
2470 59
2470 59
2470 59
2470 59
2470 60
2470 60
2470 60
2470 60
2470 60
2470 60
2470 59
2470 60
2470 59
2470 60
2470 59
2470 60
2470 60
2470 60
2470 59
2470 60
2470 59
2470 59
2470 60
2470 59
2470 59
2470 59
2470 59
2470 59
2470 59
2470 59
2470 59
2470 59
2470 60
2470 59
2470 60
2470 59
2470 59
2470 59
2470 59
2470 59
2470 59
2470 59
2470 59
2470 59
2470 60
2470 59
2470 59
2470 60
2470 59
2470 59
2470 59
2470 59
2470 60
2470 59
2470 59
2470 56
2470 60
2470 60
2470 60
2470 59
2470 59
2470 59
2470 59
2470 59
2470 60
2470 59
2470 59
2470 59
2470 60
2470 59
2470 59
2470 59
2470 59
2470 60
2470 60
2470 60
2470 59
2470 60
2470 60
2470 59
2470 60
2470 59
2470 60
2470 60
2470 60
2475 57
2475 57
2475 56
2475 57
2475 56
2475 56
2475 56
2475 56
2475 56
2475 57
2475 57
2475 56
2475 56
2475 56
2475 57
2475 57
2475 56
2475 56
2475 56
2475 56
2475 56
2475 58
2475 57
2475 57
2475 56
2475 56
2475 57
2475 56
2475 56
2475 58
2475 56
2475 56
2475 56
2475 56
2475 57
2475 57
2475 57
2475 56
2475 57
2475 57
2475 56
2475 56
2475 57
2475 57
2475 56
2475 57
2475 56
2475 57
2475 56
2475 56
2475 56
2475 56
2475 56
2475 57
2475 56
2475 57
2475 56
2475 57
2475 56
2475 56
2475 56
2475 57
2475 56
2475 56
2475 57
2475 57
2475 56
2475 56
2475 56
2475 57
2475 57
2475 56
2475 56
2475 56
2475 57
2475 56
2475 56
2475 56
2475 56
2475 57
2475 56
2475 56
2475 57
2475 56
2475 56
2475 56
2475 58
2475 56
2475 56
2475 56
2475 57
2475 57
2475 56
2475 56
2475 56
2475 56
2475 57
2475 56
2475 56
2475 56
2480 55
2480 56
2480 55
2480 55
2480 55
2480 56
2480 56
2480 55
2480 55
2480 55
2480 55
2480 55
2480 55
2480 56
2480 55
2480 55
2480 56
2480 56
2480 55
2480 55
2480 55
2480 56
2480 56
2480 56
2480 55
2480 56
2480 56
2480 55
2480 55
2480 56
2480 54
2480 55
2480 55
2480 55
2480 55
2480 54
2480 55
2480 56
2480 56
2480 56
2480 56
2480 56
2480 56
2480 56
2480 56
2480 56
2480 55
2480 56
2480 55
2480 55
2480 56
2480 55
2480 55
2480 55
2480 55
2480 56
2480 56
2480 55
2480 55
2480 56
2480 56
2480 54
2480 56
2480 55
2480 55
2480 55
2480 55
2480 55
2480 56
2480 56
2480 55
2480 54
2480 55
2480 56
2480 55
2480 56
2480 54
2480 55
2480 55
2480 55
2480 55
2480 55
2480 56
2480 56
2480 56
2480 55
2480 54
2480 56
2480 54
2480 56
2480 55
2480 55
2480 56
2480 55
2480 55
2480 55
2480 56
2480 55
2480 54
2480 56
2485 54
2485 54
2485 54
2485 54
2485 54
2485 54
2485 54
2485 54
2485 54
2485 54
2485 53
2485 54
2485 54
2485 54
2485 54
2485 54
2485 54
2485 54
2485 54
2485 54
2485 54
2485 54
2485 54
2485 54
2485 54
2485 54
2485 54
2485 54
2485 54
2485 54
2485 54
2485 54
2485 54
2485 54
2485 54
2485 53
2485 54
2485 53
2485 54
2485 54
2485 54
2485 54
2485 54
2485 54
2485 54
2485 54
2485 54
2485 54
2485 54
2485 54
2485 54
2485 54
2485 54
2485 54
2485 54
2485 54
2485 54
2485 54
2485 54
2485 54
2485 54
2485 54
2485 54
2485 54
2485 53
2485 54
2485 54
2485 54
2485 53
2485 54
2485 54
2485 54
2485 54
2485 54
2485 54
2485 54
2485 54
2485 54
2485 54
2485 54
2485 54
2485 54
2485 54
2485 53
2485 54
2485 53
2485 54
2485 54
2485 54
2485 54
2485 54
2485 54
2485 54
2485 54
2485 54
2485 54
2485 54
2485 54
2485 54
2485 54
2490 52
2490 53
2490 53
2490 52
2490 52
2490 52
2490 52
2490 52
2490 52
2490 52
2490 52
2490 52
2490 52
2490 51
2490 51
2490 52
2490 52
2490 52
2490 52
2490 52
2490 52
2490 52
2490 52
2490 52
2490 52
2490 52
2490 52
2490 52
2490 52
2490 52
2490 53
2490 53
2490 52
2490 52
2490 52
2490 52
2490 52
2490 52
2490 52
2490 52
2490 52
2490 52
2490 52
2490 52
2490 53
2490 52
2490 51
2490 52
2490 52
2490 52
2490 52
2490 52
2490 51
2490 52
2490 51
2490 52
2490 52
2490 52
2490 52
2490 51
2490 52
2490 53
2490 52
2490 52
2490 53
2490 52
2490 52
2490 52
2490 52
2490 53
2490 52
2490 52
2490 52
2490 52
2490 52
2490 52
2490 52
2490 52
2490 52
2490 51
2490 52
2490 52
2490 52
2490 52
2490 51
2490 52
2490 52
2490 52
2490 52
2490 52
2490 52
2490 52
2490 52
2490 52
2490 52
2490 52
2490 52
2490 52
2490 52
2490 52
2495 50
2495 50
2495 50
2495 50
2495 50
2495 50
2495 50
2495 49
2495 50
2495 50
2495 50
2495 50
2495 50
2495 49
2495 48
2495 50
2495 50
2495 50
2495 50
2495 50
2495 50
2495 50
2495 50
2495 49
2495 50
2495 50
2495 50
2495 50
2495 50
2495 50
2495 50
2495 50
2495 49
2495 50
2495 50
2495 50
2495 50
2495 49
2495 50
2495 50
2495 50
2495 50
2495 50
2495 50
2495 50
2495 50
2495 49
2495 50
2495 50
2495 50
2495 50
2495 49
2495 50
2495 50
2495 50
2495 50
2495 49
2495 50
2495 49
2495 50
2495 50
2495 50
2495 50
2495 49
2495 49
2495 50
2495 50
2495 50
2495 50
2495 51
2495 49
2495 50
2495 50
2495 50
2495 50
2495 50
2495 50
2495 50
2495 50
2495 50
2495 49
2495 50
2495 50
2495 51
2495 50
2495 50
2495 50
2495 50
2495 50
2495 50
2495 50
2495 50
2495 50
2495 50
2495 50
2495 50
2495 50
2495 50
2495 50
2495 50
2500 48
2500 47
2500 48
2500 48
2500 47
2500 48
2500 48
2500 48
2500 48
2500 47
2500 48
2500 47
2500 48
2500 48
2500 48
2500 47
2500 46
2500 48
2500 47
2500 47
2500 48
2500 48
2500 48
2500 48
2500 48
2500 47
2500 48
2500 46
2500 48
2500 48
2500 47
2500 48
2500 48
2500 48
2500 47
2500 48
2500 48
2500 47
2500 48
2500 48
2500 48
2500 48
2500 48
2500 48
2500 48
2500 47
2500 48
2500 48
2500 48
2500 48
2500 47
2500 48
2500 48
2500 48
2500 48
2500 48
2500 47
2500 48
2500 48
2500 48
2500 48
2500 47
2500 48
2500 48
2500 48
2500 48
2500 48
2500 47
2500 48
2500 48
2500 48
2500 48
2500 47
2500 48
2500 48
2500 48
2500 48
2500 48
2500 48
2500 48
2500 47
2500 48
2500 46
2500 48
2500 48
2500 48
2500 48
2500 48
2500 48
2500 47
2500 47
2500 48
2500 48
2500 48
2500 47
2500 48
2500 48
2500 48
2500 48
2500 48
2505 46
2505 46
2505 46
2505 45
2505 45
2505 45
2505 46
2505 46
2505 46
2505 45
2505 45
2505 45
2505 45
2505 45
2505 46
2505 46
2505 45
2505 46
2505 46
2505 46
2505 46
2505 46
2505 45
2505 45
2505 46
2505 45
2505 46
2505 46
2505 46
2505 46
2505 46
2505 46
2505 45
2505 45
2505 45
2505 45
2505 46
2505 45
2505 45
2505 46
2505 45
2505 45
2505 46
2505 46
2505 45
2505 46
2505 44
2505 46
2505 46
2505 46
2505 46
2505 46
2505 46
2505 46
2505 45
2505 45
2505 46
2505 46
2505 45
2505 46
2505 45
2505 45
2505 46
2505 46
2505 45
2505 44
2505 46
2505 46
2505 45
2505 46
2505 45
2505 46
2505 46
2505 45
2505 46
2505 46
2505 45
2505 46
2505 45
2505 46
2505 46
2505 46
2505 46
2505 46
2505 46
2505 46
2505 46
2505 46
2505 46
2505 46
2505 46
2505 46
2505 46
2505 46
2505 46
2505 44
2505 45
2505 45
2505 46
2505 46
2510 44
2510 44
2510 44
2510 43
2510 43
2510 44
2510 43
2510 44
2510 43
2510 44
2510 43
2510 43
2510 44
2510 44
2510 44
2510 43
2510 44
2510 44
2510 43
2510 44
2510 44
2510 43
2510 44
2510 43
2510 43
2510 44
2510 44
2510 44
2510 44
2510 44
2510 43
2510 44
2510 44
2510 44
2510 44
2510 44
2510 43
2510 43
2510 42
2510 44
2510 43
2510 43
2510 44
2510 44
2510 43
2510 44
2510 44
2510 43
2510 44
2510 43
2510 44
2510 44
2510 44
2510 44
2510 44
2510 44
2510 43
2510 43
2510 43
2510 43
2510 44
2510 44
2510 44
2510 44
2510 44
2510 44
2510 44
2510 43
2510 44
2510 43
2510 44
2510 44
2510 43
2510 44
2510 44
2510 44
2510 43
2510 44
2510 43
2510 44
2510 44
2510 44
2510 43
2510 44
2510 44
2510 44
2510 43
2510 45
2510 44
2510 44
2510 44
2510 44
2510 44
2510 43
2510 43
2510 44
2510 44
2510 44
2510 44
2510 44
2515 42
2515 42
2515 42
2515 42
2515 42
2515 42
2515 42
2515 42
2515 41
2515 42
2515 42
2515 42
2515 42
2515 42
2515 42
2515 42
2515 42
2515 42
2515 42
2515 42
2515 42
2515 42
2515 42
2515 42
2515 42
2515 42
2515 42
2515 42
2515 42
2515 42
2515 42
2515 42
2515 42
2515 42
2515 42
2515 42
2515 42
2515 42
2515 42
2515 42
2515 42
2515 42
2515 42
2515 42
2515 42
2515 42
2515 42
2515 42
2515 42
2515 42
2515 42
2515 42
2515 42
2515 42
2515 42
2515 42
2515 42
2515 42
2515 42
2515 42
2515 42
2515 41
2515 42
2515 42
2515 42
2515 41
2515 42
2515 42
2515 42
2515 42
2515 42
2515 42
2515 42
2515 42
2515 42
2515 42
2515 42
2515 42
2515 42
2515 42
2515 42
2515 42
2515 42
2515 42
2515 41
2515 42
2515 42
2515 42
2515 42
2515 42
2515 42
2515 42
2515 42
2515 42
2515 42
2515 42
2515 42
2515 42
2515 42
2520 40
2520 39
2520 39
2520 39
2520 39
2520 39
2520 39
2520 39
2520 39
2520 39
2520 39
2520 39
2520 39
2520 41
2520 39
2520 39
2520 40
2520 39
2520 40
2520 40
2520 39
2520 39
2520 39
2520 40
2520 40
2520 40
2520 40
2520 40
2520 39
2520 40
2520 39
2520 40
2520 39
2520 39
2520 39
2520 40
2520 39
2520 40
2520 38
2520 40
2520 39
2520 40
2520 39
2520 40
2520 39
2520 39
2520 39
2520 39
2520 40
2520 39
2520 39
2520 40
2520 39
2520 39
2520 39
2520 39
2520 40
2520 40
2520 40
2520 40
2520 40
2520 39
2520 40
2520 40
2520 40
2520 39
2520 39
2520 39
2520 40
2520 41
2520 39
2520 38
2520 40
2520 39
2520 41
2520 40
2520 39
2520 39
2520 40
2520 38
2520 39
2520 40
2520 39
2520 40
2520 39
2520 39
2520 39
2520 40
2520 39
2520 40
2520 40
2520 39
2520 39
2520 39
2520 39
2520 39
2520 40
2520 39
2520 40
2520 40
2525 38
2525 38
2525 38
2525 38
2525 38
2525 38
2525 38
2525 38
2525 38
2525 38
2525 37
2525 38
2525 38
2525 38
2525 37
2525 37
2525 38
2525 38
2525 38
2525 38
2525 38
2525 38
2525 38
2525 38
2525 38
2525 38
2525 38
2525 38
2525 38
2525 38
2525 38
2525 38
2525 38
2525 38
2525 38
2525 38
2525 38
2525 38
2525 38
2525 38
2525 38
2525 38
2525 38
2525 38
2525 38
2525 37
2525 38
2525 38
2525 38
2525 38
2525 38
2525 37
2525 38
2525 38
2525 38
2525 38
2525 38
2525 38
2525 38
2525 38
2525 38
2525 37
2525 37
2525 38
2525 38
2525 38
2525 38
2525 38
2525 38
2525 37
2525 38
2525 38
2525 37
2525 38
2525 38
2525 38
2525 38
2525 38
2525 38
2525 38
2525 38
2525 38
2525 38
2525 38
2525 38
2525 38
2525 38
2525 38
2525 38
2525 38
2525 38
2525 37
2525 38
2525 38
2525 38
2525 38
2525 37
2525 38
2525 38
2525 38
2530 36
2530 36
2530 36
2530 36
2530 35
2530 36
2530 36
2530 35
2530 36
2530 36
2530 36
2530 36
2530 35
2530 36
2530 36
2530 36
2530 36
2530 36
2530 36
2530 36
2530 36
2530 36
2530 36
2530 36
2530 36
2530 36
2530 35
2530 36
2530 36
2530 36
2530 35
2530 36
2530 34
2530 36
2530 36
2530 35
2530 36
2530 36
2530 36
2530 36
2530 36
2530 36
2530 36
2530 36
2530 36
2530 36
2530 36
2530 36
2530 36
2530 36
2530 36
2530 36
2530 36
2530 36
2530 36
2530 36
2530 36
2530 36
2530 36
2530 35
2530 36
2530 36
2530 36
2530 36
2530 36
2530 36
2530 36
2530 36
2530 36
2530 35
2530 36
2530 35
2530 35
2530 36
2530 36
2530 36
2530 36
2530 36
2530 36
2530 36
2530 36
2530 36
2530 36
2530 36
2530 36
2530 36
2530 36
2530 36
2530 36
2530 36
2530 35
2530 36
2530 36
2530 35
2530 36
2530 35
2530 36
2530 36
2530 36
2530 36
2535 34
2535 34
2535 34
2535 35
2535 34
2535 34
2535 34
2535 34
2535 34
2535 35
2535 34
2535 34
2535 34
2535 34
2535 34
2535 34
2535 34
2535 34
2535 34
2535 34
2535 34
2535 34
2535 34
2535 33
2535 34
2535 34
2535 34
2535 34
2535 34
2535 34
2535 34
2535 34
2535 34
2535 34
2535 34
2535 34
2535 34
2535 34
2535 34
2535 34
2535 34
2535 34
2535 34
2535 34
2535 34
2535 34
2535 34
2535 35
2535 34
2535 34
2535 34
2535 34
2535 35
2535 34
2535 34
2535 34
2535 34
2535 34
2535 34
2535 34
2535 34
2535 34
2535 34
2535 34
2535 34
2535 34
2535 34
2535 34
2535 34
2535 34
2535 34
2535 34
2535 34
2535 34
2535 34
2535 34
2535 34
2535 34
2535 34
2535 34
2535 34
2535 34
2535 35
2535 34
2535 34
2535 34
2535 34
2535 34
2535 34
2535 34
2535 34
2535 34
2535 34
2535 34
2535 34
2535 35
2535 34
2535 34
2535 34
2540 31
2540 32
2540 32
2540 31
2540 31
2540 31
2540 32
2540 31
2540 32
2540 32
2540 31
2540 32
2540 31
2540 32
2540 31
2540 32
2540 32
2540 31
2540 32
2540 32
2540 31
2540 32
2540 31
2540 32
2540 31
2540 31
2540 32
2540 32
2540 31
2540 32
2540 32
2540 32
2540 31
2540 31
2540 31
2540 32
2540 32
2540 32
2540 32
2540 31
2540 31
2540 32
2540 32
2540 32
2540 32
2540 31
2540 31
2540 31
2540 31
2540 31
2540 32
2540 30
2540 32
2540 31
2540 31
2540 32
2540 32
2540 31
2540 30
2540 31
2540 31
2540 31
2540 31
2540 31
2540 32
2540 32
2540 32
2540 32
2540 31
2540 32
2540 31
2540 31
2540 32
2540 32
2540 30
2540 32
2540 32
2540 31
2540 32
2540 32
2540 31
2540 31
2540 32
2540 31
2540 31
2540 31
2540 31
2540 31
2540 31
2540 31
2540 31
2540 31
2540 32
2540 31
2540 31
2540 31
2540 32
2540 31
2540 31
2545 30
2545 29
2545 30
2545 30
2545 29
2545 30
2545 30
2545 29
2545 30
2545 29
2545 30
2545 29
2545 29
2545 28
2545 29
2545 29
2545 29
2545 30
2545 30
2545 29
2545 30
2545 30
2545 29
2545 29
2545 30
2545 30
2545 29
2545 30
2545 30
2545 30
2545 30
2545 29
2545 30
2545 30
2545 29
2545 30
2545 30
2545 29
2545 29
2545 29
2545 29
2545 29
2545 29
2545 29
2545 29
2545 29
2545 29
2545 29
2545 29
2545 29
2545 29
2545 30
2545 30
2545 29
2545 29
2545 29
2545 29
2545 30
2545 29
2545 29
2545 30
2545 29
2545 30
2545 29
2545 29
2545 29
2545 30
2545 29
2545 30
2545 29
2545 28
2545 30
2545 30
2545 29
2545 29
2545 29
2545 30
2545 29
2545 29
2545 30
2545 30
2545 30
2545 29
2545 29
2545 30
2545 30
2545 30
2545 30
2545 30
2545 30
2545 29
2545 29
2545 29
2545 29
2545 29
2545 29
2545 29
2545 30
2545 30
2545 30
2550 28
2550 28
2550 28
2550 28
2550 28
2550 28
2550 27
2550 28
2550 28
2550 28
2550 28
2550 28
2550 28
2550 28
2550 28
2550 28
2550 28
2550 28
2550 28
2550 28
2550 28
2550 28
2550 28
2550 28
2550 28
2550 28
2550 28
2550 27
2550 28
2550 28
2550 28
2550 28
2550 28
2550 28
2550 28
2550 28
2550 28
2550 28
2550 28
2550 28
2550 28
2550 28
2550 28
2550 28
2550 28
2550 28
2550 28
2550 28
2550 28
2550 28
2550 28
2550 27
2550 28
2550 28
2550 28
2550 28
2550 28
2550 28
2550 28
2550 28
2550 28
2550 28
2550 28
2550 28
2550 27
2550 28
2550 28
2550 28
2550 28
2550 28
2550 27
2550 28
2550 28
2550 28
2550 28
2550 28
2550 28
2550 28
2550 28
2550 28
2550 28
2550 28
2550 28
2550 28
2550 28
2550 28
2550 28
2550 28
2550 28
2550 28
2550 28
2550 28
2550 28
2550 27
2550 28
2550 28
2550 28
2550 28
2550 28
2550 28
2555 26
2555 24
2555 26
2555 26
2555 26
2555 26
2555 25
2555 26
2555 25
2555 26
2555 26
2555 26
2555 27
2555 26
2555 26
2555 26
2555 26
2555 25
2555 26
2555 25
2555 26
2555 26
2555 25
2555 24
2555 26
2555 26
2555 26
2555 25
2555 26
2555 26
2555 25
2555 25
2555 26
2555 27
2555 26
2555 25
2555 26
2555 26
2555 26
2555 25
2555 25
2555 25
2555 26
2555 26
2555 25
2555 26
2555 26
2555 26
2555 25
2555 25
2555 26
2555 26
2555 26
2555 26
2555 25
2555 26
2555 26
2555 26
2555 25
2555 25
2555 26
2555 27
2555 26
2555 26
2555 25
2555 25
2555 26
2555 25
2555 26
2555 24
2555 24
2555 25
2555 26
2555 26
2555 25
2555 27
2555 25
2555 24
2555 26
2555 25
2555 26
2555 25
2555 26
2555 26
2555 25
2555 26
2555 25
2555 26
2555 26
2555 26
2555 26
2555 26
2555 25
2555 26
2555 26
2555 27
2555 27
2555 26
2555 26
2560 24
2560 24
2560 24
2560 24
2560 24
2560 24
2560 24
2560 24
2560 24
2560 24
2560 24
2560 24
2560 24
2560 24
2560 24
2560 24
2560 24
2560 24
2560 24
2560 24
2560 24
2560 24
2560 24
2560 24
2560 24
2560 24
2560 24
2560 24
2560 24
2560 24
2560 24
2560 24
2560 24
2560 24
2560 24
2560 24
2560 24
2560 24
2560 24
2560 24
2560 24
2560 24
2560 24
2560 24
2560 24
2560 24
2560 24
2560 24
2560 24
2560 24
2560 24
2560 24
2560 24
2560 24
2560 24
2560 24
2560 24
2560 24
2560 24
2560 24
2560 24
2560 24
2560 24
2560 24
2560 24
2560 24
2560 24
2560 24
2560 24
2560 24
2560 24
2560 24
2560 24
2560 24
2560 24
2560 24
2560 24
2560 24
2560 24
2560 24
2560 24
2560 24
2560 24
2560 24
2560 24
2560 24
2560 24
2560 24
2560 24
2560 24
2560 24
2560 24
2560 24
2560 24
2560 24
2560 24
2560 24
2560 24
2560 24
2560 24
2565 22
2565 23
2565 22
2565 22
2565 22
2565 22
2565 22
2565 23
2565 22
2565 22
2565 22
2565 22
2565 22
2565 22
2565 22
2565 22
2565 22
2565 22
2565 22
2565 22
2565 22
2565 22
2565 22
2565 22
2565 22
2565 22
2565 22
2565 23
2565 22
2565 22
2565 22
2565 23
2565 22
2565 24
2565 22
2565 22
2565 22
2565 22
2565 23
2565 22
2565 22
2565 22
2565 24
2565 22
2565 22
2565 22
2565 22
2565 22
2565 22
2565 22
2565 23
2565 22
2565 22
2565 22
2565 23
2565 22
2565 22
2565 22
2565 22
2565 22
2565 22
2565 23
2565 22
2565 22
2565 22
2565 22
2565 22
2565 22
2565 22
2565 22
2565 22
2565 22
2565 22
2565 22
2565 22
2565 22
2565 22
2565 22
2565 23
2565 22
2565 22
2565 22
2565 22
2565 22
2565 22
2565 22
2565 23
2565 22
2565 23
2565 23
2565 22
2565 22
2565 23
2565 22
2565 22
2565 22
2565 22
2565 22
2565 22
2565 22
2570 22
2570 21
2570 21
2570 21
2570 21
2570 21
2570 21
2570 22
2570 21
2570 21
2570 21
2570 21
2570 22
2570 22
2570 21
2570 21
2570 22
2570 22
2570 22
2570 21
2570 21
2570 21
2570 21
2570 21
2570 22
2570 21
2570 21
2570 22
2570 21
2570 21
2570 21
2570 21
2570 21
2570 21
2570 22
2570 21
2570 21
2570 22
2570 22
2570 21
2570 22
2570 21
2570 22
2570 22
2570 21
2570 21
2570 22
2570 22
2570 21
2570 21
2570 21
2570 21
2570 21
2570 21
2570 21
2570 22
2570 21
2570 21
2570 21
2570 21
2570 22
2570 21
2570 21
2570 22
2570 21
2570 22
2570 22
2570 21
2570 21
2570 21
2570 21
2570 21
2570 21
2570 22
2570 21
2570 22
2570 21
2570 22
2570 21
2570 21
2570 22
2570 22
2570 21
2570 21
2570 21
2570 21
2570 21
2570 22
2570 21
2570 21
2570 21
2570 21
2570 21
2570 21
2570 22
2570 21
2570 21
2570 21
2570 22
2570 21
2575 19
2575 20
2575 19
2575 19
2575 19
2575 19
2575 20
2575 19
2575 19
2575 20
2575 19
2575 19
2575 19
2575 19
2575 19
2575 19
2575 19
2575 19
2575 19
2575 19
2575 19
2575 19
2575 19
2575 19
2575 19
2575 19
2575 19
2575 19
2575 19
2575 19
2575 19
2575 19
2575 19
2575 19
2575 20
2575 19
2575 19
2575 20
2575 19
2575 19
2575 19
2575 19
2575 19
2575 19
2575 20
2575 19
2575 19
2575 19
2575 19
2575 19
2575 19
2575 19
2575 19
2575 19
2575 19
2575 19
2575 19
2575 19
2575 19
2575 19
2575 19
2575 19
2575 19
2575 19
2575 20
2575 19
2575 19
2575 19
2575 19
2575 19
2575 19
2575 19
2575 20
2575 19
2575 19
2575 19
2575 19
2575 19
2575 19
2575 18
2575 19
2575 20
2575 19
2575 19
2575 19
2575 19
2575 20
2575 19
2575 19
2575 19
2575 19
2575 19
2575 19
2575 19
2575 19
2575 19
2575 19
2575 19
2575 19
2575 20
2580 16
2580 16
2580 16
2580 17
2580 16
2580 16
2580 16
2580 16
2580 17
2580 16
2580 16
2580 17
2580 17
2580 16
2580 16
2580 16
2580 16
2580 16
2580 17
2580 16
2580 16
2580 17
2580 16
2580 16
2580 16
2580 16
2580 16
2580 16
2580 17
2580 16
2580 16
2580 16
2580 16
2580 16
2580 16
2580 16
2580 16
2580 17
2580 16
2580 17
2580 16
2580 16
2580 16
2580 16
2580 16
2580 16
2580 16
2580 17
2580 16
2580 17
2580 16
2580 17
2580 16
2580 16
2580 16
2580 16
2580 16
2580 16
2580 16
2580 17
2580 16
2580 16
2580 16
2580 16
2580 16
2580 16
2580 16
2580 17
2580 16
2580 16
2580 16
2580 16
2580 17
2580 16
2580 16
2580 16
2580 16
2580 16
2580 16
2580 16
2580 16
2580 16
2580 16
2580 16
2580 16
2580 16
2580 16
2580 16
2580 17
2580 16
2580 16
2580 17
2580 16
2580 16
2580 17
2580 16
2580 16
2580 16
2580 16
2580 17
2585 14
2585 14
2585 14
2585 14
2585 14
2585 14
2585 14
2585 14
2585 14
2585 14
2585 14
2585 14
2585 14
2585 14
2585 14
2585 14
2585 14
2585 14
2585 14
2585 14
2585 14
2585 14
2585 15
2585 14
2585 14
2585 14
2585 14
2585 14
2585 14
2585 14
2585 14
2585 14
2585 14
2585 14
2585 14
2585 14
2585 14
2585 14
2585 14
2585 14
2585 14
2585 14
2585 14
2585 14
2585 14
2585 14
2585 14
2585 14
2585 14
2585 14
2585 14
2585 14
2585 14
2585 14
2585 14
2585 14
2585 14
2585 14
2585 14
2585 14
2585 14
2585 14
2585 14
2585 14
2585 14
2585 14
2585 14
2585 14
2585 14
2585 14
2585 14
2585 14
2585 14
2585 14
2585 14
2585 14
2585 14
2585 14
2585 14
2585 14
2585 16
2585 14
2585 14
2585 14
2585 14
2585 14
2585 14
2585 15
2585 15
2585 14
2585 14
2585 14
2585 14
2585 14
2585 14
2585 14
2585 14
2585 14
2585 14
2585 14
2590 13
2590 13
2590 13
2590 13
2590 14
2590 13
2590 13
2590 13
2590 13
2590 13
2590 12
2590 12
2590 13
2590 13
2590 13
2590 13
2590 13
2590 13
2590 13
2590 13
2590 13
2590 13
2590 13
2590 13
2590 13
2590 12
2590 13
2590 13
2590 13
2590 13
2590 13
2590 13
2590 12
2590 13
2590 12
2590 12
2590 13
2590 13
2590 13
2590 13
2590 12
2590 12
2590 12
2590 13
2590 13
2590 13
2590 12
2590 12
2590 13
2590 13
2590 13
2590 12
2590 13
2590 13
2590 13
2590 13
2590 12
2590 13
2590 13
2590 13
2590 13
2590 12
2590 13
2590 13
2590 13
2590 13
2590 12
2590 13
2590 12
2590 13
2590 13
2590 13
2590 13
2590 13
2590 13
2590 13
2590 13
2590 13
2590 13
2590 13
2590 13
2590 13
2590 13
2590 13
2590 13
2590 13
2590 13
2590 13
2590 13
2590 13
2590 13
2590 13
2590 13
2590 13
2590 13
2590 13
2590 12
2590 13
2590 12
2590 13
2595 10
2595 10
2595 10
2595 11
2595 10
2595 10
2595 11
2595 11
2595 10
2595 11
2595 11
2595 10
2595 10
2595 10
2595 10
2595 11
2595 10
2595 11
2595 10
2595 10
2595 11
2595 10
2595 10
2595 11
2595 10
2595 11
2595 10
2595 10
2595 10
2595 11
2595 10
2595 11
2595 11
2595 11
2595 11
2595 11
2595 11
2595 11
2595 11
2595 10
2595 10
2595 11
2595 10
2595 11
2595 10
2595 10
2595 11
2595 11
2595 11
2595 11
2595 10
2595 11
2595 10
2595 10
2595 11
2595 10
2595 11
2595 11
2595 10
2595 11
2595 11
2595 11
2595 10
2595 11
2595 10
2595 11
2595 11
2595 10
2595 11
2595 11
2595 10
2595 10
2595 11
2595 10
2595 10
2595 10
2595 11
2595 11
2595 10
2595 11
2595 10
2595 11
2595 11
2595 10
2595 10
2595 10
2595 11
2595 11
2595 11
2595 10
2595 11
2595 10
2595 11
2595 10
2595 10
2595 10
2595 10
2595 11
2595 11
2600 9
2600 8
2600 9
2600 9
2600 9
2600 9
2600 9
2600 9
2600 9
2600 9
2600 9
2600 9
2600 9
2600 9
2600 9
2600 8
2600 9
2600 9
2600 9
2600 8
2600 9
2600 9
2600 9
2600 9
2600 9
2600 9
2600 9
2600 9
2600 9
2600 9
2600 8
2600 9
2600 8
2600 9
2600 9
2600 9
2600 9
2600 9
2600 9
2600 8
2600 8
2600 9
2600 8
2600 9
2600 9
2600 9
2600 9
2600 9
2600 8
2600 9
2600 9
2600 9
2600 9
2600 9
2600 9
2600 8
2600 9
2600 9
2600 9
2600 9
2600 9
2600 9
2600 8
2600 9
2600 9
2600 9
2600 9
2600 9
2600 9
2600 8
2600 9
2600 9
2600 9
2600 9
2600 9
2600 9
2600 9
2600 9
2600 9
2600 9
2600 9
2600 9
2600 9
2600 9
2600 9
2600 9
2600 9
2600 9
2600 9
2600 9
2600 9
2600 9
2600 9
2600 9
2600 9
2600 9
2600 9
2600 9
2600 8
2600 9
2605 7
2605 7
2605 6
2605 6
2605 6
2605 6
2605 6
2605 6
2605 6
2605 6
2605 6
2605 6
2605 6
2605 6
2605 7
2605 6
2605 6
2605 6
2605 6
2605 7
2605 7
2605 6
2605 6
2605 6
2605 7
2605 6
2605 6
2605 6
2605 6
2605 6
2605 6
2605 6
2605 6
2605 7
2605 6
2605 6
2605 6
2605 6
2605 6
2605 6
2605 6
2605 6
2605 6
2605 6
2605 6
2605 6
2605 6
2605 6
2605 6
2605 6
2605 6
2605 6
2605 6
2605 7
2605 6
2605 6
2605 6
2605 6
2605 7
2605 7
2605 6
2605 6
2605 7
2605 6
2605 6
2605 6
2605 6
2605 7
2605 6
2605 6
2605 6
2605 7
2605 6
2605 6
2605 6
2605 6
2605 6
2605 6
2605 6
2605 7
2605 6
2605 6
2605 6
2605 6
2605 7
2605 6
2605 6
2605 6
2605 6
2605 6
2605 6
2605 6
2605 6
2605 6
2605 6
2605 6
2605 7
2605 6
2605 6
2605 6
2610 4
2610 4
2610 4
2610 4
2610 4
2610 4
2610 4
2610 4
2610 4
2610 4
2610 4
2610 4
2610 4
2610 4
2610 4
2610 4
2610 4
2610 4
2610 4
2610 4
2610 4
2610 5
2610 4
2610 4
2610 4
2610 4
2610 4
2610 4
2610 4
2610 5
2610 4
2610 4
2610 4
2610 4
2610 4
2610 4
2610 4
2610 4
2610 4
2610 4
2610 4
2610 5
2610 4
2610 4
2610 4
2610 4
2610 4
2610 4
2610 4
2610 4
2610 4
2610 4
2610 4
2610 4
2610 4
2610 4
2610 4
2610 4
2610 4
2610 4
2610 4
2610 4
2610 4
2610 5
2610 5
2610 4
2610 4
2610 4
2610 4
2610 5
2610 5
2610 5
2610 5
2610 4
2610 5
2610 4
2610 5
2610 5
2610 4
2610 4
2610 4
2610 4
2610 4
2610 4
2610 4
2610 4
2610 4
2610 4
2610 4
2610 4
2610 4
2610 4
2610 4
2610 4
2610 5
2610 4
2610 5
2610 4
2610 4
2610 4
2615 6
2615 4
2615 4
2615 9
2615 4
2615 4
2615 4
2615 4
2615 4
2615 4
2615 3
