TOA measurement vs Delay ---- Mon Jun 15 00:50:56 2020
Pixel = 9
config file = config/asic_config_B4.yml
NofIterations = 100
LSBest = 22.641745388600388
mean value = [  0.           0.           0.           0.           0.
   0.           0.           0.           0.           0.
   0.           0.           0.           0.           0.
   0.           0.           0.           0.           0.
   0.           0.           0.           0.           0.
   0.           0.         125.53012048 122.68686869 120.55555556
 119.33       116.97       114.04       112.38       111.01010101
 108.84       106.34343434 104.23       101.90909091  99.95
  96.99        95.46        93.66326531  91.29        88.33
  86.98989899  84.86868687  82.76        80.47        78.65656566
  76.60606061  74.74747475  71.98989899  69.45        67.92929293
  65.85        63.49        61.5         59.34        57.18181818
  55.56        53.42        51.33        49.18181818  47.3
  45.2020202   43.22        41.28        38.09090909  36.09
  34.26262626  32.08        30.7979798   28.13        26.27
  24.16        21.47474747  19.21212121  17.25        15.77
  12.98        10.94         9.01         6.18         3.58510638
   0.           0.           0.           0.           0.
   0.           0.           0.           0.           0.
   0.           0.           0.           0.           0.        ]
sigma = [0.         0.         0.         0.         0.         0.
 0.         0.         0.         0.         0.         0.
 0.         0.         0.         0.         0.         0.
 0.         0.         0.         0.         0.         0.
 0.         0.         0.         0.70788473 0.73541666 0.59198728
 0.77745311 0.59366096 0.63382437 0.56474183 0.59662264 0.54564946
 0.62420238 0.72141066 0.74149602 0.57518113 0.75712174 0.57596296
 0.82099008 0.55608752 0.55175478 0.77355208 0.63199963 0.55293158
 0.57657032 0.65576875 0.66580523 0.55901129 0.74697977 0.67144124
 0.51985867 0.65637896 0.57726366 0.77028133 0.58968918 0.64335981
 0.62428626 0.60575022 0.63595073 0.52201313 0.62716292 0.53380279
 0.612318   0.57002924 0.76825802 0.55247926 0.66227125 0.39614812
 0.66825263 0.58002873 0.78767591 0.48757905 0.57679775 0.60964847
 0.5204165  0.600361   0.53191478 0.52889823 0.64283227 0.72865172
 0.99280648 0.         0.         0.         0.         0.
 0.         0.         0.         0.         0.         0.
 0.         0.         0.         0.        ]
Pulse delay   TOA 
2275 24
2280 20
2285 18
2290 17
2295 15
2300 13
2335 125
2335 126
2335 125
2335 126
2335 124
2335 126
2335 126
2335 126
2335 126
2335 126
2335 126
2335 125
2335 126
2335 125
2335 126
2335 126
2335 125
2335 126
2335 125
2335 124
2335 125
2335 126
2335 126
2335 125
2335 125
2335 126
2335 126
2335 126
2335 126
2335 126
2335 125
2335 124
2335 126
2335 124
2335 125
2335 126
2335 124
2335 126
2335 126
2335 125
2335 126
2335 126
2335 126
2335 126
2335 126
2335 125
2335 125
2335 126
2335 126
2335 126
2335 126
2335 125
2335 126
2335 126
2335 124
2335 126
2335 125
2335 125
2335 124
2335 126
2335 126
2335 125
2335 126
2335 126
2335 126
2335 125
2335 126
2335 126
2335 125
2335 125
2335 125
2335 126
2335 125
2335 126
2335 126
2335 126
2335 125
2335 126
2335 126
2335 126
2335 126
2335 125
2335 126
2340 123
2340 123
2340 123
2340 123
2340 124
2340 122
2340 123
2340 123
2340 123
2340 121
2340 122
2340 123
2340 123
2340 123
2340 123
2340 123
2340 121
2340 121
2340 123
2340 123
2340 123
2340 123
2340 123
2340 123
2340 122
2340 122
2340 123
2340 123
2340 123
2340 122
2340 123
2340 123
2340 121
2340 122
2340 122
2340 123
2340 121
2340 123
2340 121
2340 123
2340 123
2340 123
2340 123
2340 123
2340 123
2340 123
2340 123
2340 123
2340 123
2340 123
2340 122
2340 123
2340 123
2340 123
2340 123
2340 123
2340 123
2340 123
2340 123
2340 122
2340 123
2340 121
2340 122
2340 123
2340 124
2340 123
2340 123
2340 122
2340 122
2340 123
2340 123
2340 123
2340 123
2340 123
2340 123
2340 124
2340 123
2340 123
2340 123
2340 123
2340 123
2340 123
2340 122
2340 123
2340 121
2340 123
2340 123
2340 121
2340 123
2340 123
2340 123
2340 123
2340 123
2340 123
2340 122
2340 123
2340 122
2340 122
2340 123
2345 121
2345 121
2345 121
2345 121
2345 120
2345 120
2345 120
2345 120
2345 121
2345 120
2345 121
2345 121
2345 121
2345 120
2345 120
2345 121
2345 120
2345 121
2345 121
2345 121
2345 120
2345 120
2345 121
2345 120
2345 121
2345 121
2345 121
2345 120
2345 121
2345 120
2345 120
2345 121
2345 120
2345 121
2345 121
2345 120
2345 121
2345 121
2345 120
2345 120
2345 120
2345 120
2345 121
2345 120
2345 120
2345 121
2345 120
2345 122
2345 121
2345 121
2345 121
2345 120
2345 121
2345 120
2345 120
2345 121
2345 121
2345 120
2345 121
2345 121
2345 120
2345 120
2345 120
2345 121
2345 121
2345 120
2345 120
2345 121
2345 121
2345 121
2345 121
2345 120
2345 120
2345 120
2345 120
2345 121
2345 121
2345 121
2345 121
2345 121
2345 121
2345 120
2345 121
2345 120
2345 121
2345 120
2345 121
2345 121
2345 121
2345 121
2345 120
2345 121
2345 120
2345 121
2345 121
2345 120
2345 120
2345 120
2345 120
2350 119
2350 120
2350 120
2350 120
2350 120
2350 120
2350 118
2350 119
2350 119
2350 118
2350 119
2350 120
2350 118
2350 118
2350 119
2350 120
2350 119
2350 119
2350 120
2350 120
2350 118
2350 120
2350 119
2350 120
2350 118
2350 120
2350 119
2350 120
2350 119
2350 120
2350 120
2350 120
2350 120
2350 119
2350 119
2350 119
2350 119
2350 120
2350 119
2350 119
2350 118
2350 120
2350 120
2350 119
2350 119
2350 120
2350 120
2350 118
2350 120
2350 119
2350 120
2350 120
2350 120
2350 120
2350 120
2350 119
2350 120
2350 119
2350 119
2350 119
2350 119
2350 118
2350 120
2350 118
2350 120
2350 118
2350 118
2350 118
2350 119
2350 120
2350 120
2350 120
2350 119
2350 120
2350 120
2350 120
2350 119
2350 120
2350 120
2350 120
2350 119
2350 118
2350 120
2350 120
2350 119
2350 119
2350 120
2350 119
2350 119
2350 118
2350 119
2350 120
2350 119
2350 119
2350 119
2350 120
2350 119
2350 120
2350 120
2350 120
2355 118
2355 117
2355 117
2355 117
2355 117
2355 116
2355 117
2355 117
2355 118
2355 116
2355 117
2355 117
2355 117
2355 117
2355 117
2355 118
2355 117
2355 117
2355 117
2355 116
2355 117
2355 116
2355 117
2355 116
2355 117
2355 117
2355 117
2355 116
2355 117
2355 117
2355 117
2355 116
2355 117
2355 117
2355 117
2355 116
2355 117
2355 117
2355 118
2355 117
2355 117
2355 117
2355 117
2355 117
2355 117
2355 118
2355 117
2355 117
2355 117
2355 117
2355 118
2355 117
2355 117
2355 117
2355 117
2355 117
2355 116
2355 116
2355 118
2355 117
2355 117
2355 117
2355 117
2355 117
2355 116
2355 118
2355 117
2355 118
2355 117
2355 117
2355 116
2355 117
2355 117
2355 118
2355 117
2355 117
2355 117
2355 117
2355 117
2355 117
2355 117
2355 117
2355 117
2355 116
2355 117
2355 117
2355 117
2355 117
2355 117
2355 117
2355 117
2355 117
2355 117
2355 117
2355 116
2355 117
2355 116
2355 118
2355 117
2355 118
2360 114
2360 114
2360 114
2360 114
2360 114
2360 113
2360 114
2360 114
2360 113
2360 114
2360 114
2360 113
2360 114
2360 115
2360 114
2360 114
2360 114
2360 114
2360 114
2360 114
2360 114
2360 115
2360 114
2360 114
2360 114
2360 113
2360 114
2360 115
2360 114
2360 114
2360 114
2360 114
2360 114
2360 115
2360 115
2360 114
2360 114
2360 114
2360 114
2360 114
2360 115
2360 114
2360 114
2360 113
2360 114
2360 114
2360 114
2360 114
2360 114
2360 114
2360 114
2360 114
2360 115
2360 114
2360 113
2360 114
2360 113
2360 115
2360 115
2360 115
2360 114
2360 114
2360 114
2360 114
2360 114
2360 113
2360 113
2360 114
2360 113
2360 114
2360 114
2360 115
2360 114
2360 114
2360 114
2360 115
2360 113
2360 115
2360 115
2360 114
2360 113
2360 115
2360 115
2360 115
2360 114
2360 114
2360 114
2360 114
2360 113
2360 114
2360 115
2360 114
2360 114
2360 114
2360 114
2360 114
2360 114
2360 113
2360 114
2360 114
2365 112
2365 113
2365 112
2365 113
2365 113
2365 112
2365 112
2365 112
2365 113
2365 112
2365 112
2365 112
2365 112
2365 112
2365 112
2365 113
2365 113
2365 112
2365 112
2365 112
2365 112
2365 113
2365 112
2365 113
2365 113
2365 112
2365 113
2365 113
2365 112
2365 112
2365 112
2365 113
2365 112
2365 112
2365 112
2365 112
2365 112
2365 112
2365 112
2365 112
2365 113
2365 113
2365 112
2365 113
2365 112
2365 113
2365 113
2365 112
2365 112
2365 113
2365 112
2365 113
2365 112
2365 113
2365 112
2365 113
2365 112
2365 113
2365 113
2365 112
2365 112
2365 112
2365 112
2365 112
2365 112
2365 113
2365 113
2365 113
2365 112
2365 113
2365 112
2365 112
2365 112
2365 112
2365 112
2365 112
2365 112
2365 112
2365 112
2365 113
2365 113
2365 112
2365 113
2365 113
2365 113
2365 112
2365 112
2365 112
2365 112
2365 112
2365 113
2365 113
2365 113
2365 113
2365 113
2365 112
2365 112
2365 112
2365 112
2365 113
2370 111
2370 111
2370 111
2370 111
2370 111
2370 110
2370 111
2370 111
2370 111
2370 111
2370 112
2370 111
2370 112
2370 111
2370 111
2370 112
2370 111
2370 111
2370 111
2370 111
2370 111
2370 111
2370 111
2370 112
2370 111
2370 112
2370 111
2370 111
2370 111
2370 111
2370 111
2370 111
2370 111
2370 111
2370 111
2370 111
2370 111
2370 111
2370 110
2370 111
2370 112
2370 111
2370 111
2370 111
2370 110
2370 111
2370 111
2370 111
2370 111
2370 111
2370 111
2370 111
2370 111
2370 110
2370 110
2370 111
2370 111
2370 110
2370 111
2370 110
2370 111
2370 111
2370 111
2370 111
2370 111
2370 111
2370 111
2370 112
2370 111
2370 111
2370 111
2370 111
2370 111
2370 111
2370 111
2370 111
2370 110
2370 111
2370 111
2370 112
2370 110
2370 111
2370 112
2370 111
2370 112
2370 110
2370 111
2370 109
2370 112
2370 111
2370 112
2370 111
2370 111
2370 111
2370 111
2370 111
2370 112
2370 111
2370 111
2375 109
2375 109
2375 108
2375 109
2375 109
2375 109
2375 109
2375 109
2375 109
2375 109
2375 109
2375 108
2375 109
2375 109
2375 109
2375 109
2375 109
2375 109
2375 109
2375 109
2375 109
2375 109
2375 109
2375 109
2375 109
2375 109
2375 109
2375 109
2375 108
2375 109
2375 108
2375 109
2375 109
2375 109
2375 109
2375 108
2375 109
2375 108
2375 108
2375 109
2375 109
2375 109
2375 109
2375 109
2375 109
2375 109
2375 109
2375 109
2375 109
2375 109
2375 109
2375 109
2375 108
2375 109
2375 109
2375 109
2375 109
2375 109
2375 108
2375 109
2375 109
2375 108
2375 109
2375 109
2375 109
2375 107
2375 110
2375 109
2375 109
2375 109
2375 109
2375 109
2375 108
2375 110
2375 108
2375 109
2375 108
2375 109
2375 109
2375 109
2375 109
2375 110
2375 108
2375 109
2375 109
2375 109
2375 108
2375 109
2375 109
2375 109
2375 109
2375 109
2375 109
2375 109
2375 109
2375 108
2375 109
2375 109
2375 109
2375 108
2380 107
2380 106
2380 106
2380 107
2380 106
2380 106
2380 106
2380 105
2380 107
2380 107
2380 106
2380 106
2380 106
2380 106
2380 107
2380 107
2380 106
2380 107
2380 107
2380 107
2380 106
2380 106
2380 105
2380 107
2380 106
2380 106
2380 106
2380 107
2380 106
2380 106
2380 106
2380 107
2380 107
2380 107
2380 106
2380 106
2380 106
2380 106
2380 107
2380 107
2380 106
2380 107
2380 107
2380 105
2380 107
2380 106
2380 106
2380 106
2380 107
2380 106
2380 107
2380 107
2380 106
2380 106
2380 106
2380 106
2380 106
2380 106
2380 106
2380 106
2380 106
2380 106
2380 106
2380 106
2380 106
2380 107
2380 106
2380 107
2380 106
2380 107
2380 107
2380 106
2380 107
2380 106
2380 106
2380 107
2380 106
2380 106
2380 106
2380 106
2380 106
2380 107
2380 106
2380 107
2380 106
2380 107
2380 106
2380 107
2380 106
2380 106
2380 106
2380 107
2380 106
2380 108
2380 106
2380 107
2380 107
2380 106
2380 106
2385 105
2385 104
2385 104
2385 105
2385 104
2385 104
2385 104
2385 105
2385 104
2385 105
2385 105
2385 103
2385 104
2385 104
2385 105
2385 104
2385 105
2385 105
2385 104
2385 104
2385 104
2385 104
2385 105
2385 105
2385 104
2385 105
2385 103
2385 105
2385 105
2385 105
2385 104
2385 104
2385 104
2385 104
2385 105
2385 104
2385 104
2385 103
2385 105
2385 104
2385 104
2385 104
2385 104
2385 103
2385 103
2385 104
2385 104
2385 105
2385 103
2385 104
2385 104
2385 104
2385 105
2385 105
2385 103
2385 103
2385 104
2385 104
2385 104
2385 105
2385 104
2385 105
2385 104
2385 104
2385 105
2385 105
2385 104
2385 103
2385 105
2385 104
2385 105
2385 104
2385 104
2385 105
2385 103
2385 104
2385 105
2385 103
2385 105
2385 104
2385 105
2385 103
2385 104
2385 103
2385 105
2385 104
2385 105
2385 105
2385 105
2385 104
2385 105
2385 104
2385 104
2385 104
2385 104
2385 104
2385 105
2385 104
2385 105
2385 104
2390 102
2390 101
2390 101
2390 102
2390 102
2390 103
2390 102
2390 102
2390 101
2390 103
2390 101
2390 102
2390 102
2390 102
2390 103
2390 102
2390 102
2390 103
2390 102
2390 102
2390 102
2390 102
2390 101
2390 103
2390 101
2390 101
2390 102
2390 103
2390 102
2390 102
2390 103
2390 102
2390 101
2390 102
2390 102
2390 102
2390 103
2390 102
2390 101
2390 101
2390 102
2390 101
2390 101
2390 102
2390 103
2390 101
2390 102
2390 101
2390 101
2390 102
2390 102
2390 103
2390 102
2390 102
2390 102
2390 102
2390 102
2390 101
2390 103
2390 102
2390 104
2390 102
2390 102
2390 101
2390 102
2390 102
2390 103
2390 102
2390 101
2390 102
2390 102
2390 102
2390 102
2390 101
2390 102
2390 103
2390 103
2390 102
2390 102
2390 101
2390 101
2390 101
2390 102
2390 103
2390 101
2390 102
2390 102
2390 102
2390 102
2390 101
2390 101
2390 103
2390 102
2390 102
2390 102
2390 101
2390 101
2390 102
2390 102
2395 100
2395 100
2395 101
2395 100
2395 100
2395 100
2395 100
2395 100
2395 101
2395 100
2395 99
2395 100
2395 100
2395 99
2395 100
2395 100
2395 99
2395 100
2395 100
2395 100
2395 100
2395 100
2395 100
2395 100
2395 100
2395 100
2395 99
2395 100
2395 100
2395 99
2395 99
2395 101
2395 100
2395 101
2395 100
2395 99
2395 99
2395 100
2395 99
2395 100
2395 100
2395 101
2395 100
2395 100
2395 100
2395 100
2395 100
2395 99
2395 100
2395 100
2395 100
2395 100
2395 100
2395 100
2395 100
2395 100
2395 100
2395 101
2395 100
2395 100
2395 100
2395 100
2395 100
2395 100
2395 101
2395 100
2395 100
2395 100
2395 100
2395 100
2395 100
2395 99
2395 99
2395 100
2395 101
2395 100
2395 100
2395 100
2395 100
2395 100
2395 100
2395 100
2395 100
2395 100
2395 100
2395 99
2395 100
2395 100
2395 100
2395 99
2395 100
2395 99
2395 100
2395 101
2395 100
2395 101
2395 100
2395 100
2395 100
2395 100
2400 97
2400 97
2400 97
2400 96
2400 98
2400 97
2400 98
2400 98
2400 97
2400 97
2400 97
2400 96
2400 96
2400 98
2400 96
2400 98
2400 97
2400 98
2400 97
2400 98
2400 97
2400 97
2400 97
2400 98
2400 97
2400 97
2400 97
2400 97
2400 96
2400 98
2400 96
2400 96
2400 96
2400 98
2400 97
2400 97
2400 98
2400 98
2400 98
2400 98
2400 96
2400 98
2400 97
2400 98
2400 97
2400 97
2400 97
2400 97
2400 97
2400 97
2400 96
2400 96
2400 96
2400 98
2400 97
2400 96
2400 96
2400 98
2400 97
2400 98
2400 97
2400 96
2400 98
2400 97
2400 98
2400 96
2400 97
2400 96
2400 96
2400 96
2400 98
2400 97
2400 97
2400 97
2400 98
2400 98
2400 97
2400 97
2400 97
2400 97
2400 97
2400 97
2400 97
2400 97
2400 97
2400 97
2400 97
2400 97
2400 96
2400 96
2400 96
2400 97
2400 97
2400 96
2400 97
2400 97
2400 96
2400 96
2400 97
2400 97
2405 95
2405 96
2405 95
2405 95
2405 95
2405 96
2405 96
2405 95
2405 96
2405 96
2405 96
2405 95
2405 96
2405 95
2405 95
2405 95
2405 95
2405 95
2405 96
2405 95
2405 95
2405 95
2405 95
2405 95
2405 96
2405 95
2405 95
2405 96
2405 96
2405 96
2405 95
2405 96
2405 96
2405 95
2405 95
2405 96
2405 95
2405 95
2405 96
2405 96
2405 96
2405 96
2405 95
2405 96
2405 96
2405 96
2405 96
2405 95
2405 95
2405 95
2405 95
2405 96
2405 95
2405 95
2405 95
2405 95
2405 96
2405 96
2405 95
2405 95
2405 95
2405 96
2405 95
2405 96
2405 96
2405 95
2405 96
2405 96
2405 95
2405 95
2405 96
2405 95
2405 96
2405 95
2405 95
2405 96
2405 95
2405 95
2405 96
2405 96
2405 96
2405 95
2405 96
2405 96
2405 95
2405 95
2405 95
2405 95
2405 96
2405 95
2405 96
2405 96
2405 95
2405 96
2405 96
2405 95
2405 96
2405 96
2405 95
2405 95
2410 93
2410 94
2410 92
2410 94
2410 94
2410 93
2410 94
2410 94
2410 94
2410 94
2410 93
2410 95
2410 93
2410 94
2410 92
2410 94
2410 94
2410 94
2410 94
2410 94
2410 95
2410 95
2410 94
2410 94
2410 94
2410 95
2410 94
2410 93
2410 94
2410 94
2410 93
2410 94
2410 95
2410 92
2410 93
2410 95
2410 93
2410 93
2410 94
2410 93
2410 94
2410 94
2410 93
2410 94
2410 94
2410 94
2410 93
2410 93
2410 94
2410 94
2410 94
2410 94
2410 94
2410 92
2410 94
2410 94
2410 94
2410 94
2410 94
2410 95
2410 94
2410 92
2410 95
2410 94
2410 93
2410 95
2410 93
2410 93
2410 94
2410 93
2410 93
2410 95
2410 94
2410 93
2410 94
2410 94
2410 94
2410 95
2410 94
2410 93
2410 93
2410 94
2410 93
2410 94
2410 94
2410 94
2410 94
2410 93
2410 93
2410 92
2410 93
2410 94
2410 93
2410 93
2410 93
2410 93
2410 93
2410 92
2415 90
2415 91
2415 91
2415 92
2415 91
2415 91
2415 91
2415 91
2415 91
2415 92
2415 91
2415 91
2415 92
2415 92
2415 92
2415 91
2415 91
2415 91
2415 91
2415 92
2415 91
2415 92
2415 91
2415 91
2415 91
2415 92
2415 91
2415 91
2415 91
2415 91
2415 92
2415 92
2415 91
2415 91
2415 91
2415 91
2415 92
2415 91
2415 91
2415 92
2415 92
2415 91
2415 92
2415 91
2415 92
2415 91
2415 91
2415 92
2415 91
2415 91
2415 91
2415 91
2415 92
2415 91
2415 91
2415 92
2415 91
2415 91
2415 91
2415 92
2415 91
2415 91
2415 91
2415 92
2415 91
2415 91
2415 91
2415 91
2415 91
2415 91
2415 91
2415 92
2415 92
2415 91
2415 91
2415 91
2415 92
2415 91
2415 91
2415 92
2415 92
2415 91
2415 91
2415 91
2415 92
2415 92
2415 91
2415 91
2415 91
2415 92
2415 91
2415 91
2415 91
2415 91
2415 91
2415 91
2415 92
2415 92
2415 91
2415 91
2420 88
2420 88
2420 88
2420 88
2420 88
2420 89
2420 88
2420 88
2420 89
2420 88
2420 89
2420 88
2420 89
2420 88
2420 88
2420 89
2420 88
2420 88
2420 88
2420 88
2420 89
2420 88
2420 88
2420 88
2420 88
2420 88
2420 88
2420 89
2420 89
2420 89
2420 89
2420 88
2420 88
2420 88
2420 89
2420 88
2420 89
2420 88
2420 89
2420 88
2420 88
2420 88
2420 88
2420 88
2420 89
2420 88
2420 88
2420 88
2420 88
2420 88
2420 88
2420 88
2420 89
2420 88
2420 89
2420 88
2420 89
2420 88
2420 89
2420 88
2420 88
2420 88
2420 88
2420 88
2420 89
2420 89
2420 88
2420 88
2420 88
2420 88
2420 88
2420 89
2420 89
2420 89
2420 89
2420 88
2420 88
2420 88
2420 89
2420 89
2420 89
2420 88
2420 88
2420 89
2420 88
2420 88
2420 89
2420 88
2420 88
2420 88
2420 88
2420 88
2420 89
2420 88
2420 89
2420 88
2420 89
2420 88
2420 89
2420 88
2425 88
2425 86
2425 86
2425 86
2425 88
2425 87
2425 87
2425 86
2425 88
2425 88
2425 88
2425 86
2425 87
2425 86
2425 87
2425 88
2425 87
2425 87
2425 86
2425 86
2425 86
2425 86
2425 88
2425 87
2425 87
2425 86
2425 87
2425 87
2425 87
2425 87
2425 87
2425 87
2425 87
2425 86
2425 86
2425 88
2425 88
2425 86
2425 86
2425 87
2425 87
2425 86
2425 87
2425 88
2425 87
2425 87
2425 88
2425 86
2425 88
2425 87
2425 87
2425 88
2425 87
2425 88
2425 87
2425 87
2425 86
2425 88
2425 87
2425 87
2425 87
2425 87
2425 87
2425 87
2425 88
2425 88
2425 87
2425 87
2425 87
2425 86
2425 88
2425 86
2425 87
2425 88
2425 87
2425 87
2425 86
2425 87
2425 87
2425 87
2425 88
2425 86
2425 86
2425 88
2425 87
2425 88
2425 86
2425 87
2425 86
2425 87
2425 88
2425 86
2425 87
2425 88
2425 88
2425 87
2425 87
2425 87
2425 87
2430 85
2430 85
2430 85
2430 86
2430 85
2430 85
2430 85
2430 86
2430 86
2430 85
2430 85
2430 85
2430 86
2430 84
2430 85
2430 84
2430 85
2430 85
2430 85
2430 85
2430 85
2430 85
2430 85
2430 85
2430 84
2430 84
2430 85
2430 85
2430 85
2430 85
2430 85
2430 85
2430 85
2430 84
2430 85
2430 85
2430 85
2430 86
2430 86
2430 84
2430 84
2430 84
2430 84
2430 85
2430 85
2430 85
2430 84
2430 85
2430 84
2430 85
2430 85
2430 86
2430 85
2430 85
2430 85
2430 84
2430 84
2430 85
2430 85
2430 85
2430 85
2430 85
2430 85
2430 85
2430 84
2430 85
2430 84
2430 85
2430 85
2430 85
2430 85
2430 85
2430 85
2430 84
2430 84
2430 85
2430 85
2430 86
2430 85
2430 85
2430 85
2430 85
2430 85
2430 85
2430 84
2430 84
2430 84
2430 85
2430 85
2430 85
2430 86
2430 84
2430 85
2430 85
2430 86
2430 84
2430 84
2430 85
2430 85
2435 83
2435 83
2435 82
2435 83
2435 82
2435 82
2435 83
2435 83
2435 83
2435 83
2435 83
2435 83
2435 82
2435 83
2435 83
2435 83
2435 82
2435 83
2435 83
2435 83
2435 83
2435 82
2435 83
2435 82
2435 83
2435 83
2435 83
2435 83
2435 83
2435 83
2435 83
2435 82
2435 83
2435 82
2435 82
2435 82
2435 82
2435 82
2435 83
2435 82
2435 83
2435 82
2435 83
2435 83
2435 83
2435 83
2435 83
2435 83
2435 83
2435 82
2435 83
2435 83
2435 83
2435 83
2435 82
2435 82
2435 82
2435 83
2435 82
2435 83
2435 83
2435 83
2435 83
2435 83
2435 83
2435 83
2435 83
2435 83
2435 83
2435 83
2435 83
2435 82
2435 83
2435 83
2435 82
2435 84
2435 83
2435 83
2435 83
2435 83
2435 83
2435 83
2435 83
2435 83
2435 83
2435 82
2435 83
2435 84
2435 83
2435 83
2435 83
2435 82
2435 82
2435 83
2435 83
2435 83
2435 83
2435 83
2435 83
2435 82
2440 80
2440 80
2440 80
2440 80
2440 80
2440 80
2440 81
2440 80
2440 80
2440 80
2440 80
2440 81
2440 81
2440 81
2440 81
2440 80
2440 80
2440 80
2440 80
2440 80
2440 81
2440 81
2440 80
2440 80
2440 80
2440 81
2440 80
2440 80
2440 80
2440 80
2440 81
2440 80
2440 80
2440 80
2440 81
2440 81
2440 81
2440 80
2440 81
2440 81
2440 81
2440 81
2440 81
2440 81
2440 81
2440 81
2440 80
2440 80
2440 80
2440 80
2440 81
2440 80
2440 81
2440 80
2440 81
2440 80
2440 80
2440 81
2440 81
2440 80
2440 80
2440 81
2440 80
2440 80
2440 81
2440 80
2440 81
2440 80
2440 81
2440 81
2440 81
2440 80
2440 80
2440 81
2440 81
2440 81
2440 81
2440 80
2440 81
2440 80
2440 80
2440 80
2440 81
2440 80
2440 81
2440 81
2440 80
2440 80
2440 81
2440 80
2440 80
2440 81
2440 81
2440 81
2440 81
2440 81
2440 81
2440 81
2440 80
2440 80
2445 79
2445 79
2445 79
2445 78
2445 79
2445 79
2445 79
2445 79
2445 77
2445 79
2445 79
2445 78
2445 78
2445 79
2445 79
2445 79
2445 78
2445 78
2445 79
2445 79
2445 79
2445 79
2445 78
2445 80
2445 78
2445 78
2445 79
2445 78
2445 78
2445 78
2445 79
2445 79
2445 79
2445 79
2445 78
2445 79
2445 78
2445 78
2445 79
2445 77
2445 79
2445 79
2445 79
2445 79
2445 79
2445 79
2445 78
2445 78
2445 79
2445 80
2445 79
2445 78
2445 79
2445 79
2445 79
2445 79
2445 78
2445 78
2445 79
2445 79
2445 78
2445 78
2445 79
2445 79
2445 78
2445 79
2445 78
2445 78
2445 78
2445 79
2445 78
2445 79
2445 78
2445 80
2445 79
2445 78
2445 78
2445 78
2445 78
2445 79
2445 79
2445 79
2445 79
2445 79
2445 78
2445 79
2445 79
2445 78
2445 79
2445 79
2445 80
2445 79
2445 79
2445 79
2445 79
2445 78
2445 79
2445 79
2445 79
2450 77
2450 76
2450 77
2450 76
2450 77
2450 76
2450 77
2450 77
2450 76
2450 76
2450 77
2450 77
2450 77
2450 77
2450 76
2450 77
2450 77
2450 77
2450 77
2450 76
2450 77
2450 77
2450 76
2450 76
2450 77
2450 76
2450 77
2450 77
2450 75
2450 77
2450 75
2450 77
2450 77
2450 77
2450 77
2450 76
2450 77
2450 76
2450 77
2450 76
2450 77
2450 77
2450 77
2450 77
2450 77
2450 77
2450 77
2450 75
2450 76
2450 76
2450 77
2450 77
2450 76
2450 77
2450 77
2450 78
2450 77
2450 76
2450 76
2450 77
2450 75
2450 76
2450 77
2450 77
2450 77
2450 76
2450 77
2450 76
2450 77
2450 77
2450 77
2450 77
2450 76
2450 76
2450 77
2450 77
2450 77
2450 76
2450 76
2450 76
2450 76
2450 77
2450 77
2450 77
2450 77
2450 76
2450 76
2450 78
2450 77
2450 76
2450 76
2450 76
2450 77
2450 77
2450 77
2450 77
2450 76
2450 77
2450 77
2455 75
2455 75
2455 74
2455 75
2455 74
2455 74
2455 75
2455 74
2455 75
2455 75
2455 75
2455 75
2455 75
2455 75
2455 75
2455 74
2455 74
2455 74
2455 75
2455 75
2455 75
2455 75
2455 75
2455 75
2455 75
2455 75
2455 75
2455 75
2455 75
2455 74
2455 75
2455 75
2455 75
2455 75
2455 75
2455 75
2455 75
2455 75
2455 75
2455 75
2455 75
2455 74
2455 75
2455 75
2455 75
2455 75
2455 74
2455 74
2455 74
2455 75
2455 74
2455 75
2455 75
2455 75
2455 74
2455 75
2455 74
2455 75
2455 75
2455 75
2455 75
2455 75
2455 75
2455 75
2455 74
2455 75
2455 75
2455 74
2455 75
2455 74
2455 74
2455 75
2455 75
2455 76
2455 75
2455 74
2455 74
2455 74
2455 75
2455 75
2455 74
2455 75
2455 75
2455 75
2455 74
2455 75
2455 75
2455 76
2455 74
2455 75
2455 74
2455 75
2455 75
2455 75
2455 75
2455 74
2455 75
2455 75
2455 75
2460 73
2460 73
2460 72
2460 73
2460 72
2460 71
2460 71
2460 73
2460 73
2460 71
2460 72
2460 72
2460 72
2460 72
2460 72
2460 72
2460 73
2460 73
2460 72
2460 73
2460 72
2460 72
2460 71
2460 72
2460 73
2460 72
2460 71
2460 72
2460 71
2460 71
2460 71
2460 72
2460 71
2460 72
2460 72
2460 73
2460 72
2460 72
2460 72
2460 72
2460 72
2460 73
2460 72
2460 71
2460 73
2460 72
2460 73
2460 71
2460 72
2460 71
2460 71
2460 72
2460 71
2460 72
2460 72
2460 71
2460 72
2460 72
2460 72
2460 71
2460 73
2460 73
2460 73
2460 72
2460 72
2460 71
2460 72
2460 72
2460 72
2460 71
2460 72
2460 71
2460 71
2460 72
2460 72
2460 73
2460 73
2460 73
2460 72
2460 73
2460 72
2460 72
2460 72
2460 71
2460 73
2460 72
2460 72
2460 72
2460 71
2460 72
2460 72
2460 73
2460 72
2460 72
2460 72
2460 71
2460 71
2460 72
2460 73
2465 69
2465 69
2465 69
2465 70
2465 69
2465 69
2465 70
2465 69
2465 69
2465 69
2465 70
2465 70
2465 69
2465 70
2465 70
2465 71
2465 69
2465 69
2465 70
2465 70
2465 69
2465 69
2465 70
2465 69
2465 69
2465 70
2465 69
2465 70
2465 69
2465 70
2465 69
2465 69
2465 69
2465 69
2465 70
2465 70
2465 69
2465 69
2465 70
2465 69
2465 70
2465 69
2465 69
2465 70
2465 71
2465 69
2465 69
2465 69
2465 69
2465 70
2465 69
2465 69
2465 69
2465 70
2465 71
2465 70
2465 69
2465 69
2465 69
2465 69
2465 70
2465 69
2465 69
2465 68
2465 70
2465 70
2465 70
2465 70
2465 69
2465 69
2465 70
2465 70
2465 70
2465 70
2465 70
2465 69
2465 70
2465 69
2465 69
2465 69
2465 69
2465 69
2465 69
2465 70
2465 69
2465 69
2465 70
2465 69
2465 69
2465 70
2465 70
2465 69
2465 70
2465 69
2465 68
2465 70
2465 70
2465 71
2465 70
2465 69
2470 68
2470 68
2470 68
2470 68
2470 68
2470 68
2470 68
2470 68
2470 68
2470 67
2470 68
2470 68
2470 68
2470 67
2470 69
2470 68
2470 69
2470 68
2470 69
2470 68
2470 67
2470 68
2470 68
2470 68
2470 68
2470 68
2470 68
2470 68
2470 69
2470 68
2470 68
2470 67
2470 68
2470 68
2470 68
2470 67
2470 68
2470 68
2470 68
2470 68
2470 68
2470 68
2470 68
2470 68
2470 67
2470 67
2470 68
2470 68
2470 68
2470 68
2470 67
2470 68
2470 68
2470 68
2470 69
2470 68
2470 67
2470 68
2470 68
2470 68
2470 68
2470 68
2470 68
2470 68
2470 68
2470 68
2470 68
2470 68
2470 68
2470 68
2470 68
2470 68
2470 67
2470 67
2470 68
2470 68
2470 68
2470 68
2470 68
2470 68
2470 68
2470 68
2470 68
2470 68
2470 68
2470 67
2470 68
2470 67
2470 68
2470 68
2470 69
2470 68
2470 68
2470 68
2470 68
2470 68
2470 68
2470 68
2470 68
2475 67
2475 65
2475 66
2475 66
2475 67
2475 65
2475 66
2475 65
2475 66
2475 66
2475 65
2475 66
2475 66
2475 67
2475 65
2475 66
2475 66
2475 66
2475 66
2475 66
2475 65
2475 66
2475 66
2475 66
2475 66
2475 65
2475 66
2475 66
2475 66
2475 66
2475 66
2475 66
2475 66
2475 67
2475 66
2475 66
2475 65
2475 65
2475 67
2475 65
2475 66
2475 66
2475 65
2475 66
2475 65
2475 66
2475 66
2475 66
2475 65
2475 66
2475 66
2475 66
2475 66
2475 65
2475 66
2475 66
2475 64
2475 65
2475 67
2475 66
2475 65
2475 66
2475 66
2475 66
2475 66
2475 65
2475 66
2475 66
2475 65
2475 66
2475 66
2475 66
2475 66
2475 67
2475 66
2475 66
2475 66
2475 66
2475 66
2475 66
2475 66
2475 65
2475 67
2475 66
2475 67
2475 66
2475 65
2475 66
2475 66
2475 66
2475 66
2475 66
2475 66
2475 66
2475 66
2475 65
2475 65
2475 65
2475 66
2475 67
2480 63
2480 64
2480 64
2480 63
2480 64
2480 64
2480 63
2480 63
2480 64
2480 64
2480 63
2480 63
2480 64
2480 63
2480 63
2480 64
2480 64
2480 63
2480 64
2480 63
2480 64
2480 63
2480 63
2480 63
2480 64
2480 63
2480 64
2480 64
2480 63
2480 64
2480 63
2480 64
2480 63
2480 64
2480 63
2480 63
2480 63
2480 64
2480 64
2480 64
2480 64
2480 63
2480 64
2480 64
2480 63
2480 63
2480 64
2480 64
2480 64
2480 63
2480 64
2480 64
2480 64
2480 63
2480 63
2480 64
2480 63
2480 64
2480 64
2480 63
2480 63
2480 64
2480 63
2480 64
2480 64
2480 63
2480 64
2480 63
2480 64
2480 64
2480 63
2480 64
2480 64
2480 64
2480 63
2480 63
2480 63
2480 63
2480 63
2480 63
2480 64
2480 63
2480 64
2480 63
2480 63
2480 64
2480 63
2480 64
2480 63
2480 64
2480 63
2480 64
2480 64
2480 63
2480 63
2480 63
2480 63
2480 63
2480 64
2480 63
2485 60
2485 62
2485 62
2485 61
2485 62
2485 62
2485 61
2485 62
2485 62
2485 62
2485 62
2485 62
2485 61
2485 60
2485 62
2485 61
2485 60
2485 63
2485 61
2485 61
2485 62
2485 63
2485 63
2485 61
2485 61
2485 61
2485 62
2485 63
2485 61
2485 62
2485 61
2485 62
2485 62
2485 62
2485 62
2485 61
2485 61
2485 61
2485 61
2485 62
2485 61
2485 61
2485 60
2485 61
2485 62
2485 62
2485 61
2485 60
2485 61
2485 62
2485 62
2485 61
2485 61
2485 61
2485 62
2485 62
2485 62
2485 61
2485 61
2485 62
2485 62
2485 62
2485 62
2485 61
2485 62
2485 61
2485 62
2485 61
2485 62
2485 63
2485 62
2485 61
2485 62
2485 61
2485 61
2485 61
2485 61
2485 63
2485 62
2485 62
2485 61
2485 61
2485 61
2485 62
2485 61
2485 62
2485 62
2485 62
2485 61
2485 61
2485 61
2485 62
2485 60
2485 61
2485 61
2485 62
2485 62
2485 60
2485 62
2485 62
2490 60
2490 60
2490 60
2490 60
2490 60
2490 60
2490 59
2490 60
2490 59
2490 59
2490 59
2490 59
2490 59
2490 59
2490 60
2490 58
2490 60
2490 59
2490 59
2490 59
2490 59
2490 60
2490 60
2490 59
2490 59
2490 60
2490 60
2490 60
2490 59
2490 60
2490 59
2490 59
2490 59
2490 60
2490 59
2490 60
2490 59
2490 59
2490 59
2490 59
2490 60
2490 60
2490 59
2490 59
2490 59
2490 59
2490 59
2490 59
2490 60
2490 60
2490 60
2490 59
2490 59
2490 60
2490 59
2490 59
2490 60
2490 59
2490 58
2490 59
2490 59
2490 59
2490 59
2490 59
2490 60
2490 59
2490 60
2490 59
2490 59
2490 59
2490 59
2490 59
2490 60
2490 59
2490 59
2490 59
2490 60
2490 59
2490 59
2490 60
2490 59
2490 60
2490 60
2490 60
2490 59
2490 60
2490 59
2490 59
2490 59
2490 60
2490 59
2490 59
2490 59
2490 59
2490 59
2490 60
2490 59
2490 59
2490 60
2490 59
2495 57
2495 57
2495 57
2495 58
2495 57
2495 57
2495 58
2495 58
2495 57
2495 57
2495 57
2495 59
2495 57
2495 59
2495 58
2495 57
2495 57
2495 57
2495 57
2495 57
2495 57
2495 57
2495 57
2495 57
2495 57
2495 58
2495 56
2495 57
2495 59
2495 58
2495 57
2495 57
2495 58
2495 57
2495 57
2495 57
2495 57
2495 57
2495 57
2495 57
2495 57
2495 57
2495 57
2495 57
2495 57
2495 58
2495 57
2495 57
2495 56
2495 57
2495 57
2495 57
2495 57
2495 58
2495 57
2495 56
2495 59
2495 57
2495 57
2495 57
2495 57
2495 57
2495 57
2495 57
2495 58
2495 57
2495 57
2495 57
2495 57
2495 57
2495 57
2495 57
2495 57
2495 57
2495 57
2495 57
2495 57
2495 57
2495 57
2495 57
2495 57
2495 58
2495 57
2495 57
2495 57
2495 57
2495 56
2495 57
2495 58
2495 57
2495 58
2495 58
2495 57
2495 57
2495 57
2495 58
2495 57
2495 57
2495 56
2500 55
2500 55
2500 56
2500 56
2500 56
2500 56
2500 56
2500 56
2500 56
2500 56
2500 56
2500 55
2500 56
2500 56
2500 55
2500 56
2500 55
2500 55
2500 55
2500 55
2500 54
2500 55
2500 55
2500 56
2500 56
2500 56
2500 55
2500 55
2500 55
2500 56
2500 55
2500 54
2500 55
2500 55
2500 55
2500 56
2500 55
2500 56
2500 56
2500 56
2500 56
2500 56
2500 56
2500 56
2500 56
2500 55
2500 55
2500 54
2500 55
2500 56
2500 56
2500 56
2500 55
2500 56
2500 56
2500 55
2500 56
2500 56
2500 55
2500 56
2500 55
2500 56
2500 56
2500 56
2500 56
2500 55
2500 56
2500 55
2500 55
2500 56
2500 56
2500 55
2500 56
2500 56
2500 56
2500 56
2500 55
2500 55
2500 56
2500 55
2500 56
2500 55
2500 55
2500 56
2500 55
2500 56
2500 55
2500 56
2500 56
2500 55
2500 56
2500 56
2500 55
2500 56
2500 56
2500 56
2500 56
2500 56
2500 56
2500 56
2505 53
2505 53
2505 54
2505 54
2505 54
2505 53
2505 53
2505 53
2505 53
2505 54
2505 53
2505 52
2505 54
2505 53
2505 53
2505 53
2505 53
2505 54
2505 54
2505 54
2505 53
2505 54
2505 53
2505 53
2505 54
2505 54
2505 54
2505 54
2505 52
2505 54
2505 54
2505 54
2505 53
2505 54
2505 53
2505 53
2505 53
2505 54
2505 53
2505 54
2505 53
2505 54
2505 54
2505 53
2505 54
2505 53
2505 54
2505 53
2505 53
2505 53
2505 54
2505 53
2505 53
2505 54
2505 54
2505 53
2505 54
2505 54
2505 54
2505 53
2505 53
2505 53
2505 54
2505 53
2505 54
2505 53
2505 53
2505 53
2505 53
2505 54
2505 54
2505 54
2505 53
2505 54
2505 53
2505 53
2505 53
2505 53
2505 53
2505 53
2505 53
2505 53
2505 54
2505 54
2505 54
2505 53
2505 53
2505 53
2505 54
2505 54
2505 54
2505 53
2505 54
2505 53
2505 53
2505 54
2505 54
2505 53
2505 53
2505 53
2510 51
2510 51
2510 51
2510 51
2510 52
2510 51
2510 51
2510 52
2510 51
2510 52
2510 52
2510 51
2510 51
2510 53
2510 51
2510 51
2510 51
2510 51
2510 51
2510 51
2510 51
2510 51
2510 51
2510 52
2510 51
2510 52
2510 51
2510 51
2510 51
2510 51
2510 51
2510 52
2510 51
2510 51
2510 51
2510 52
2510 51
2510 50
2510 51
2510 51
2510 52
2510 51
2510 51
2510 52
2510 51
2510 51
2510 51
2510 52
2510 52
2510 52
2510 51
2510 51
2510 51
2510 53
2510 51
2510 51
2510 51
2510 51
2510 52
2510 51
2510 51
2510 51
2510 51
2510 52
2510 52
2510 51
2510 51
2510 51
2510 52
2510 51
2510 51
2510 52
2510 51
2510 52
2510 52
2510 51
2510 51
2510 51
2510 52
2510 52
2510 52
2510 51
2510 52
2510 52
2510 50
2510 52
2510 51
2510 51
2510 52
2510 51
2510 51
2510 52
2510 52
2510 52
2510 51
2510 51
2510 52
2510 50
2510 52
2510 51
2515 49
2515 49
2515 50
2515 49
2515 49
2515 49
2515 49
2515 50
2515 49
2515 49
2515 50
2515 49
2515 49
2515 50
2515 50
2515 49
2515 49
2515 49
2515 49
2515 50
2515 49
2515 49
2515 49
2515 49
2515 49
2515 50
2515 49
2515 49
2515 49
2515 49
2515 50
2515 49
2515 49
2515 48
2515 49
2515 49
2515 49
2515 49
2515 49
2515 49
2515 49
2515 49
2515 49
2515 49
2515 49
2515 50
2515 49
2515 49
2515 49
2515 49
2515 49
2515 49
2515 49
2515 49
2515 49
2515 49
2515 49
2515 49
2515 49
2515 49
2515 49
2515 49
2515 49
2515 49
2515 50
2515 49
2515 49
2515 49
2515 49
2515 49
2515 49
2515 50
2515 50
2515 49
2515 49
2515 50
2515 49
2515 49
2515 49
2515 49
2515 49
2515 49
2515 49
2515 49
2515 49
2515 49
2515 50
2515 49
2515 49
2515 49
2515 49
2515 49
2515 49
2515 51
2515 50
2515 49
2515 49
2515 50
2515 50
2520 48
2520 47
2520 47
2520 48
2520 47
2520 47
2520 47
2520 48
2520 47
2520 47
2520 47
2520 47
2520 47
2520 47
2520 47
2520 48
2520 47
2520 47
2520 48
2520 48
2520 47
2520 47
2520 47
2520 47
2520 47
2520 47
2520 47
2520 48
2520 48
2520 48
2520 47
2520 47
2520 46
2520 47
2520 47
2520 48
2520 47
2520 48
2520 47
2520 47
2520 47
2520 48
2520 48
2520 48
2520 47
2520 47
2520 48
2520 48
2520 47
2520 48
2520 48
2520 47
2520 48
2520 48
2520 47
2520 48
2520 46
2520 47
2520 47
2520 48
2520 47
2520 47
2520 46
2520 47
2520 47
2520 48
2520 47
2520 47
2520 47
2520 47
2520 48
2520 47
2520 46
2520 47
2520 47
2520 47
2520 46
2520 47
2520 48
2520 47
2520 47
2520 48
2520 48
2520 47
2520 47
2520 47
2520 47
2520 48
2520 48
2520 48
2520 47
2520 48
2520 48
2520 47
2520 48
2520 47
2520 47
2520 47
2520 48
2520 48
2525 45
2525 45
2525 45
2525 45
2525 45
2525 46
2525 46
2525 44
2525 45
2525 45
2525 45
2525 45
2525 45
2525 45
2525 46
2525 45
2525 45
2525 45
2525 45
2525 46
2525 45
2525 45
2525 45
2525 45
2525 45
2525 46
2525 45
2525 45
2525 45
2525 45
2525 45
2525 45
2525 46
2525 46
2525 46
2525 45
2525 45
2525 45
2525 45
2525 45
2525 45
2525 46
2525 45
2525 45
2525 45
2525 45
2525 45
2525 46
2525 45
2525 46
2525 45
2525 45
2525 45
2525 46
2525 45
2525 45
2525 45
2525 45
2525 46
2525 46
2525 45
2525 46
2525 45
2525 45
2525 44
2525 45
2525 45
2525 45
2525 45
2525 46
2525 45
2525 45
2525 45
2525 45
2525 45
2525 46
2525 45
2525 45
2525 45
2525 46
2525 45
2525 46
2525 45
2525 45
2525 45
2525 45
2525 46
2525 45
2525 45
2525 46
2525 45
2525 45
2525 45
2525 45
2525 45
2525 45
2525 45
2525 45
2525 46
2530 44
2530 44
2530 43
2530 43
2530 43
2530 43
2530 43
2530 44
2530 43
2530 42
2530 43
2530 43
2530 43
2530 43
2530 43
2530 43
2530 43
2530 43
2530 42
2530 42
2530 43
2530 43
2530 43
2530 44
2530 44
2530 43
2530 44
2530 43
2530 43
2530 43
2530 43
2530 44
2530 44
2530 43
2530 43
2530 43
2530 44
2530 43
2530 43
2530 44
2530 44
2530 43
2530 44
2530 43
2530 43
2530 43
2530 43
2530 43
2530 43
2530 43
2530 45
2530 43
2530 43
2530 43
2530 43
2530 43
2530 43
2530 43
2530 42
2530 44
2530 43
2530 43
2530 43
2530 44
2530 44
2530 43
2530 43
2530 43
2530 43
2530 43
2530 43
2530 43
2530 44
2530 44
2530 42
2530 43
2530 44
2530 44
2530 43
2530 43
2530 43
2530 43
2530 43
2530 44
2530 43
2530 44
2530 44
2530 44
2530 43
2530 43
2530 43
2530 43
2530 43
2530 44
2530 43
2530 43
2530 44
2530 43
2530 43
2530 43
2535 41
2535 42
2535 41
2535 41
2535 41
2535 41
2535 41
2535 41
2535 41
2535 41
2535 42
2535 42
2535 42
2535 41
2535 41
2535 42
2535 41
2535 42
2535 42
2535 41
2535 42
2535 41
2535 41
2535 41
2535 42
2535 40
2535 41
2535 41
2535 41
2535 41
2535 41
2535 41
2535 42
2535 41
2535 42
2535 42
2535 41
2535 42
2535 41
2535 41
2535 42
2535 41
2535 42
2535 42
2535 41
2535 41
2535 41
2535 41
2535 41
2535 41
2535 41
2535 41
2535 41
2535 42
2535 41
2535 41
2535 41
2535 41
2535 41
2535 42
2535 41
2535 41
2535 41
2535 41
2535 42
2535 42
2535 41
2535 41
2535 41
2535 42
2535 41
2535 41
2535 41
2535 41
2535 41
2535 41
2535 41
2535 41
2535 41
2535 42
2535 41
2535 41
2535 41
2535 42
2535 42
2535 41
2535 42
2535 42
2535 42
2535 41
2535 42
2535 40
2535 41
2535 42
2535 41
2535 41
2535 41
2535 41
2535 41
2535 42
2540 38
2540 38
2540 39
2540 38
2540 37
2540 39
2540 38
2540 38
2540 39
2540 38
2540 38
2540 37
2540 39
2540 38
2540 39
2540 39
2540 37
2540 38
2540 38
2540 39
2540 38
2540 37
2540 37
2540 37
2540 38
2540 38
2540 38
2540 39
2540 39
2540 37
2540 38
2540 40
2540 38
2540 38
2540 38
2540 38
2540 38
2540 38
2540 39
2540 38
2540 38
2540 37
2540 38
2540 37
2540 38
2540 38
2540 37
2540 38
2540 39
2540 39
2540 39
2540 38
2540 39
2540 38
2540 39
2540 38
2540 38
2540 39
2540 38
2540 38
2540 38
2540 37
2540 37
2540 39
2540 38
2540 38
2540 37
2540 38
2540 39
2540 37
2540 39
2540 39
2540 37
2540 37
2540 37
2540 38
2540 37
2540 38
2540 39
2540 38
2540 37
2540 38
2540 38
2540 38
2540 39
2540 37
2540 38
2540 38
2540 38
2540 39
2540 38
2540 38
2540 38
2540 39
2540 39
2540 38
2540 39
2540 38
2540 39
2545 36
2545 36
2545 36
2545 37
2545 36
2545 36
2545 36
2545 36
2545 37
2545 36
2545 36
2545 36
2545 36
2545 36
2545 36
2545 36
2545 36
2545 36
2545 36
2545 37
2545 37
2545 36
2545 36
2545 36
2545 35
2545 37
2545 36
2545 36
2545 36
2545 36
2545 37
2545 36
2545 36
2545 35
2545 37
2545 37
2545 36
2545 36
2545 36
2545 36
2545 36
2545 36
2545 36
2545 36
2545 36
2545 36
2545 36
2545 36
2545 36
2545 36
2545 36
2545 35
2545 37
2545 37
2545 36
2545 36
2545 37
2545 36
2545 36
2545 36
2545 36
2545 36
2545 36
2545 36
2545 36
2545 36
2545 36
2545 36
2545 36
2545 36
2545 35
2545 36
2545 36
2545 36
2545 36
2545 35
2545 36
2545 36
2545 37
2545 36
2545 35
2545 36
2545 37
2545 36
2545 37
2545 36
2545 36
2545 36
2545 36
2545 36
2545 36
2545 35
2545 37
2545 36
2545 37
2545 36
2545 36
2545 36
2545 36
2545 36
2550 35
2550 34
2550 34
2550 34
2550 35
2550 34
2550 34
2550 34
2550 35
2550 33
2550 35
2550 34
2550 33
2550 34
2550 35
2550 35
2550 35
2550 34
2550 34
2550 34
2550 34
2550 35
2550 34
2550 35
2550 34
2550 34
2550 35
2550 35
2550 34
2550 33
2550 34
2550 34
2550 34
2550 35
2550 34
2550 35
2550 35
2550 35
2550 35
2550 34
2550 34
2550 35
2550 34
2550 34
2550 34
2550 35
2550 34
2550 33
2550 35
2550 34
2550 34
2550 33
2550 34
2550 34
2550 34
2550 34
2550 33
2550 34
2550 34
2550 35
2550 35
2550 34
2550 35
2550 34
2550 33
2550 34
2550 35
2550 35
2550 35
2550 35
2550 34
2550 35
2550 34
2550 34
2550 34
2550 34
2550 34
2550 34
2550 34
2550 35
2550 34
2550 35
2550 34
2550 34
2550 34
2550 34
2550 34
2550 34
2550 34
2550 34
2550 36
2550 35
2550 34
2550 34
2550 34
2550 34
2550 34
2550 35
2550 34
2555 32
2555 32
2555 32
2555 32
2555 32
2555 33
2555 32
2555 32
2555 32
2555 32
2555 32
2555 32
2555 32
2555 32
2555 32
2555 33
2555 32
2555 32
2555 32
2555 32
2555 32
2555 32
2555 32
2555 32
2555 33
2555 32
2555 32
2555 32
2555 32
2555 32
2555 33
2555 32
2555 32
2555 32
2555 32
2555 32
2555 32
2555 32
2555 32
2555 32
2555 32
2555 32
2555 32
2555 32
2555 33
2555 33
2555 32
2555 32
2555 32
2555 32
2555 32
2555 32
2555 32
2555 32
2555 32
2555 32
2555 32
2555 32
2555 32
2555 32
2555 32
2555 32
2555 32
2555 32
2555 32
2555 32
2555 33
2555 32
2555 32
2555 32
2555 32
2555 32
2555 32
2555 32
2555 32
2555 32
2555 32
2555 32
2555 32
2555 32
2555 32
2555 32
2555 32
2555 32
2555 32
2555 32
2555 32
2555 32
2555 32
2555 32
2555 32
2555 32
2555 32
2555 32
2555 32
2555 32
2555 32
2555 32
2555 32
2555 33
2560 31
2560 32
2560 29
2560 31
2560 31
2560 31
2560 30
2560 31
2560 31
2560 31
2560 31
2560 31
2560 31
2560 30
2560 31
2560 31
2560 31
2560 31
2560 31
2560 30
2560 31
2560 31
2560 31
2560 31
2560 31
2560 31
2560 31
2560 31
2560 31
2560 31
2560 31
2560 30
2560 31
2560 30
2560 31
2560 31
2560 31
2560 31
2560 31
2560 30
2560 31
2560 31
2560 31
2560 29
2560 31
2560 31
2560 30
2560 31
2560 31
2560 28
2560 31
2560 31
2560 31
2560 31
2560 31
2560 30
2560 31
2560 31
2560 31
2560 31
2560 31
2560 31
2560 31
2560 32
2560 31
2560 30
2560 31
2560 30
2560 31
2560 30
2560 30
2560 31
2560 31
2560 31
2560 29
2560 31
2560 31
2560 31
2560 31
2560 31
2560 31
2560 31
2560 30
2560 31
2560 31
2560 31
2560 31
2560 32
2560 31
2560 31
2560 31
2560 31
2560 31
2560 31
2560 31
2560 30
2560 32
2560 31
2560 30
2565 29
2565 29
2565 29
2565 28
2565 29
2565 29
2565 29
2565 29
2565 28
2565 28
2565 28
2565 28
2565 28
2565 28
2565 28
2565 28
2565 29
2565 28
2565 28
2565 28
2565 28
2565 28
2565 28
2565 28
2565 28
2565 28
2565 28
2565 28
2565 28
2565 28
2565 28
2565 29
2565 27
2565 28
2565 29
2565 28
2565 28
2565 28
2565 28
2565 28
2565 28
2565 27
2565 28
2565 28
2565 28
2565 28
2565 28
2565 27
2565 28
2565 28
2565 28
2565 27
2565 28
2565 28
2565 29
2565 28
2565 29
2565 27
2565 28
2565 28
2565 28
2565 28
2565 28
2565 28
2565 28
2565 28
2565 29
2565 28
2565 28
2565 28
2565 28
2565 28
2565 28
2565 29
2565 29
2565 28
2565 28
2565 28
2565 29
2565 28
2565 28
2565 29
2565 28
2565 28
2565 28
2565 28
2565 28
2565 29
2565 27
2565 28
2565 28
2565 29
2565 28
2565 28
2565 28
2565 27
2565 29
2565 28
2565 28
2565 28
2570 26
2570 26
2570 27
2570 27
2570 25
2570 27
2570 27
2570 26
2570 25
2570 26
2570 27
2570 26
2570 26
2570 25
2570 27
2570 25
2570 26
2570 26
2570 26
2570 26
2570 26
2570 27
2570 25
2570 27
2570 27
2570 26
2570 25
2570 27
2570 27
2570 26
2570 27
2570 27
2570 26
2570 26
2570 27
2570 25
2570 27
2570 26
2570 26
2570 26
2570 25
2570 27
2570 25
2570 27
2570 26
2570 27
2570 26
2570 26
2570 27
2570 27
2570 27
2570 27
2570 26
2570 27
2570 26
2570 26
2570 27
2570 27
2570 27
2570 27
2570 26
2570 26
2570 25
2570 27
2570 27
2570 26
2570 27
2570 27
2570 27
2570 26
2570 27
2570 26
2570 25
2570 27
2570 27
2570 26
2570 27
2570 27
2570 26
2570 26
2570 27
2570 26
2570 26
2570 27
2570 25
2570 25
2570 27
2570 25
2570 27
2570 26
2570 25
2570 26
2570 27
2570 27
2570 25
2570 25
2570 26
2570 26
2570 27
2570 26
2575 25
2575 24
2575 24
2575 24
2575 25
2575 25
2575 24
2575 24
2575 24
2575 24
2575 24
2575 24
2575 24
2575 24
2575 24
2575 24
2575 25
2575 24
2575 24
2575 24
2575 24
2575 24
2575 25
2575 25
2575 24
2575 24
2575 25
2575 24
2575 24
2575 24
2575 25
2575 24
2575 25
2575 24
2575 25
2575 24
2575 23
2575 24
2575 24
2575 25
2575 24
2575 24
2575 24
2575 24
2575 24
2575 25
2575 24
2575 24
2575 24
2575 24
2575 24
2575 24
2575 24
2575 25
2575 24
2575 24
2575 24
2575 24
2575 24
2575 24
2575 24
2575 24
2575 24
2575 24
2575 25
2575 24
2575 25
2575 24
2575 24
2575 24
2575 24
2575 24
2575 24
2575 24
2575 24
2575 24
2575 24
2575 24
2575 24
2575 25
2575 24
2575 24
2575 24
2575 24
2575 24
2575 24
2575 25
2575 24
2575 24
2575 24
2575 24
2575 24
2575 24
2575 24
2575 24
2575 24
2575 24
2575 24
2575 24
2575 24
2580 22
2580 22
2580 22
2580 21
2580 22
2580 21
2580 22
2580 22
2580 22
2580 22
2580 22
2580 21
2580 21
2580 21
2580 21
2580 21
2580 21
2580 22
2580 22
2580 21
2580 22
2580 21
2580 22
2580 22
2580 21
2580 21
2580 22
2580 22
2580 22
2580 22
2580 21
2580 22
2580 22
2580 21
2580 22
2580 22
2580 22
2580 21
2580 21
2580 21
2580 22
2580 22
2580 22
2580 21
2580 21
2580 21
2580 21
2580 21
2580 22
2580 22
2580 21
2580 21
2580 21
2580 22
2580 21
2580 22
2580 22
2580 22
2580 22
2580 22
2580 21
2580 22
2580 22
2580 22
2580 21
2580 21
2580 21
2580 21
2580 21
2580 21
2580 21
2580 22
2580 21
2580 22
2580 21
2580 21
2580 21
2580 21
2580 22
2580 21
2580 21
2580 22
2580 21
2580 21
2580 21
2580 22
2580 22
2580 21
2580 21
2580 22
2580 21
2580 22
2580 21
2580 22
2580 21
2580 21
2580 22
2580 21
2580 21
2585 20
2585 19
2585 19
2585 20
2585 18
2585 19
2585 20
2585 19
2585 18
2585 20
2585 19
2585 19
2585 19
2585 19
2585 19
2585 19
2585 20
2585 19
2585 20
2585 19
2585 19
2585 20
2585 19
2585 19
2585 19
2585 19
2585 18
2585 20
2585 20
2585 19
2585 20
2585 20
2585 19
2585 19
2585 20
2585 19
2585 19
2585 19
2585 20
2585 19
2585 19
2585 19
2585 20
2585 19
2585 20
2585 19
2585 19
2585 20
2585 20
2585 19
2585 19
2585 18
2585 20
2585 19
2585 19
2585 19
2585 19
2585 19
2585 19
2585 19
2585 19
2585 19
2585 20
2585 20
2585 19
2585 19
2585 19
2585 20
2585 20
2585 19
2585 19
2585 19
2585 19
2585 19
2585 19
2585 20
2585 20
2585 19
2585 19
2585 19
2585 19
2585 20
2585 18
2585 19
2585 20
2585 20
2585 19
2585 19
2585 19
2585 19
2585 19
2585 19
2585 19
2585 19
2585 18
2585 19
2585 19
2585 19
2585 19
2590 17
2590 17
2590 17
2590 18
2590 18
2590 17
2590 17
2590 17
2590 17
2590 17
2590 17
2590 18
2590 17
2590 17
2590 17
2590 18
2590 17
2590 18
2590 17
2590 17
2590 17
2590 18
2590 17
2590 18
2590 17
2590 17
2590 18
2590 18
2590 17
2590 17
2590 18
2590 17
2590 17
2590 17
2590 17
2590 17
2590 17
2590 17
2590 18
2590 17
2590 17
2590 17
2590 17
2590 17
2590 18
2590 17
2590 17
2590 17
2590 18
2590 17
2590 17
2590 17
2590 18
2590 17
2590 17
2590 18
2590 18
2590 17
2590 17
2590 18
2590 17
2590 17
2590 18
2590 17
2590 18
2590 17
2590 18
2590 17
2590 17
2590 17
2590 17
2590 18
2590 17
2590 17
2590 17
2590 17
2590 17
2590 18
2590 17
2590 17
2590 17
2590 18
2590 17
2590 17
2590 18
2590 17
2590 17
2590 17
2590 17
2590 17
2590 18
2590 17
2590 17
2590 17
2590 17
2590 17
2590 17
2590 17
2590 17
2590 17
2595 16
2595 15
2595 16
2595 16
2595 16
2595 16
2595 17
2595 15
2595 14
2595 16
2595 16
2595 15
2595 16
2595 16
2595 15
2595 16
2595 15
2595 15
2595 16
2595 16
2595 16
2595 16
2595 16
2595 15
2595 15
2595 16
2595 16
2595 16
2595 16
2595 16
2595 16
2595 16
2595 16
2595 15
2595 16
2595 16
2595 15
2595 16
2595 16
2595 16
2595 16
2595 16
2595 16
2595 17
2595 16
2595 16
2595 16
2595 15
2595 16
2595 16
2595 16
2595 16
2595 16
2595 16
2595 15
2595 16
2595 16
2595 15
2595 15
2595 16
2595 15
2595 16
2595 16
2595 16
2595 16
2595 16
2595 16
2595 15
2595 15
2595 15
2595 15
2595 15
2595 16
2595 16
2595 17
2595 17
2595 15
2595 16
2595 16
2595 16
2595 16
2595 16
2595 16
2595 16
2595 16
2595 16
2595 16
2595 16
2595 15
2595 16
2595 16
2595 16
2595 16
2595 16
2595 16
2595 15
2595 16
2595 16
2595 15
2595 15
2600 13
2600 13
2600 14
2600 13
2600 13
2600 12
2600 15
2600 13
2600 13
2600 13
2600 13
2600 12
2600 13
2600 13
2600 13
2600 13
2600 13
2600 13
2600 13
2600 13
2600 13
2600 13
2600 13
2600 13
2600 13
2600 13
2600 14
2600 13
2600 13
2600 13
2600 13
2600 13
2600 13
2600 13
2600 13
2600 13
2600 13
2600 13
2600 13
2600 13
2600 13
2600 13
2600 13
2600 13
2600 13
2600 13
2600 14
2600 12
2600 13
2600 13
2600 13
2600 13
2600 13
2600 13
2600 13
2600 12
2600 14
2600 13
2600 13
2600 13
2600 12
2600 13
2600 14
2600 13
2600 13
2600 13
2600 13
2600 13
2600 13
2600 12
2600 13
2600 13
2600 13
2600 12
2600 13
2600 12
2600 13
2600 13
2600 13
2600 13
2600 13
2600 13
2600 13
2600 13
2600 13
2600 13
2600 13
2600 13
2600 13
2600 13
2600 12
2600 14
2600 13
2600 13
2600 13
2600 13
2600 13
2600 13
2600 13
2600 12
2605 10
2605 11
2605 11
2605 11
2605 11
2605 11
2605 11
2605 12
2605 11
2605 11
2605 11
2605 10
2605 11
2605 11
2605 11
2605 11
2605 10
2605 11
2605 11
2605 11
2605 11
2605 11
2605 11
2605 10
2605 10
2605 11
2605 11
2605 11
2605 11
2605 11
2605 11
2605 12
2605 10
2605 11
2605 11
2605 11
2605 11
2605 11
2605 11
2605 11
2605 10
2605 10
2605 11
2605 11
2605 11
2605 11
2605 11
2605 11
2605 11
2605 11
2605 11
2605 10
2605 11
2605 11
2605 10
2605 13
2605 11
2605 11
2605 11
2605 11
2605 11
2605 11
2605 11
2605 12
2605 10
2605 11
2605 11
2605 11
2605 11
2605 11
2605 11
2605 11
2605 11
2605 11
2605 11
2605 11
2605 11
2605 11
2605 11
2605 11
2605 11
2605 11
2605 11
2605 11
2605 11
2605 11
2605 11
2605 11
2605 11
2605 11
2605 11
2605 11
2605 11
2605 11
2605 10
2605 11
2605 11
2605 11
2605 11
2605 12
2610 9
2610 9
2610 9
2610 9
2610 8
2610 9
2610 9
2610 9
2610 9
2610 9
2610 7
2610 9
2610 9
2610 9
2610 8
2610 9
2610 8
2610 10
2610 9
2610 9
2610 9
2610 9
2610 9
2610 8
2610 9
2610 9
2610 9
2610 9
2610 10
2610 9
2610 9
2610 9
2610 9
2610 9
2610 9
2610 9
2610 9
2610 9
2610 10
2610 8
2610 9
2610 10
2610 10
2610 10
2610 9
2610 9
2610 8
2610 9
2610 9
2610 8
2610 9
2610 8
2610 9
2610 9
2610 9
2610 9
2610 9
2610 10
2610 9
2610 9
2610 10
2610 9
2610 8
2610 9
2610 9
2610 9
2610 10
2610 9
2610 9
2610 10
2610 9
2610 8
2610 10
2610 9
2610 9
2610 10
2610 9
2610 9
2610 9
2610 9
2610 9
2610 10
2610 9
2610 9
2610 8
2610 8
2610 9
2610 10
2610 9
2610 9
2610 10
2610 9
2610 9
2610 9
2610 9
2610 8
2610 9
2610 9
2610 10
2610 9
2615 5
2615 5
2615 6
2615 7
2615 6
2615 6
2615 5
2615 5
2615 5
2615 7
2615 7
2615 7
2615 6
2615 6
2615 5
2615 6
2615 6
2615 6
2615 6
2615 6
2615 7
2615 6
2615 7
2615 5
2615 6
2615 6
2615 6
2615 6
2615 6
2615 7
2615 7
2615 6
2615 6
2615 5
2615 6
2615 6
2615 6
2615 7
2615 6
2615 7
2615 6
2615 7
2615 6
2615 6
2615 6
2615 7
2615 6
2615 6
2615 6
2615 6
2615 6
2615 7
2615 6
2615 6
2615 5
2615 6
2615 6
2615 7
2615 6
2615 5
2615 5
2615 7
2615 6
2615 7
2615 7
2615 6
2615 6
2615 7
2615 5
2615 7
2615 7
2615 7
2615 6
2615 5
2615 7
2615 6
2615 7
2615 6
2615 6
2615 5
2615 7
2615 7
2615 6
2615 6
2615 6
2615 6
2615 6
2615 7
2615 7
2615 5
2615 6
2615 7
2615 7
2615 7
2615 6
2615 6
2615 7
2615 7
2615 7
2615 6
2620 4
2620 3
2620 9
2620 4
2620 3
2620 4
2620 4
2620 3
2620 3
2620 4
2620 5
2620 4
2620 4
2620 3
2620 4
2620 4
2620 3
2620 9
2620 3
2620 4
2620 4
2620 3
2620 4
2620 3
2620 3
2620 3
2620 3
2620 3
2620 4
2620 3
2620 3
2620 4
2620 3
2620 3
2620 3
2620 4
2620 4
2620 3
2620 4
2620 3
2620 4
2620 4
2620 3
2620 4
2620 4
2620 3
2620 3
2620 4
2620 3
2620 3
2620 3
2620 4
2620 3
2620 3
2620 3
2620 3
2620 3
2620 4
2620 4
2620 3
2620 3
2620 3
2620 4
2620 3
2620 4
2620 4
2620 4
2620 4
2620 4
2620 3
2620 4
2620 3
2620 4
2620 3
2620 4
2620 3
2620 4
2620 4
2620 4
2620 3
2620 4
2620 4
2620 3
2620 4
2620 3
2620 3
2620 3
2620 3
2620 4
2620 3
2620 3
2620 3
2620 3
2620 3
