TOA measurement vs Delay ---- Mon Jun 15 01:05:36 2020
Pixel = 6
config file = config/asic_config_B4.yml
NofIterations = 100
LSBest = 23.70797184148057
mean value = [  0.           0.           0.           0.           0.
   0.           0.           0.           0.           0.
   0.           0.           0.           0.           0.
   0.           0.           0.           0.           0.
   0.           0.           0.         125.02061856 120.86734694
 120.02150538 118.         115.96969697 113.74       111.79381443
 110.02040816 107.72164948 105.56842105 103.77083333 102.06185567
 100.98958333  98.3814433   96.55        94.16326531  92.46938776
  89.12244898  86.48        85.71134021  83.27368421  80.84693878
  78.98989899  77.8989899   75.13265306  73.04040404  71.09183673
  69.64583333  68.17525773  65.35051546  63.07291667  61.12121212
  59.19191919  56.47959184  54.03061224  52.42424242  50.87755102
  48.77319588  46.92857143  45.85858586  43.02020202  40.96969697
  39.01052632  37.69473684  36.21428571  33.46391753  31.04166667
  29.24242424  27.30612245  25.12244898  22.69791667  21.86315789
  19.30612245  16.93548387  15.05        13.97959184  11.44444444
   9.12371134   7.17525773   5.58064516   0.           0.
   0.           0.           0.           0.           0.
   0.           0.           0.           0.           0.
   0.           0.           0.           0.           0.        ]
sigma = [ 0.          0.          0.          0.          0.          0.
  0.          0.          0.          0.          0.          0.
  0.          0.          0.          0.          0.          0.
  0.          0.          0.          0.          0.          0.32175575
 12.28631318  0.43634589  0.28867513  0.33573515  0.52510316  0.51732482
  0.32144207  0.58826908  0.57328169  0.5492261   0.37598255  0.30600898
  0.56504658  0.75553513  0.53025236  0.59397339  0.4367935   0.8080429
  0.6886477   0.53114452  0.50376894  0.44084285  0.41730132  0.44540943
  0.3494351   0.4555792   0.55862865  0.49849208  0.55766272  0.46198827
  0.43572133  0.48828224  0.57698946  0.33616732  0.79411865  0.4367935
  0.50862299  0.41239305  0.45249256  0.32113429  0.39130823  0.44610761
  0.54351715  0.5016978   0.57622165  0.3796014   0.51670888  0.58013891
  0.4367935   0.93674738  0.51440021  0.54382426  0.50121254  0.36170891
  0.32144207  0.59198728  0.43788147  0.55709067  0.57169021  0.
  0.          0.          0.          0.          0.          0.
  0.          0.          0.          0.          0.          0.
  0.          0.          0.          0.        ]
Pulse delay   TOA 
2200 112
2250 0
2260 19
2265 17
2270 15
2275 14
2280 43
2310 126
2310 126
2315 125
2315 125
2315 125
2315 125
2315 125
2315 125
2315 125
2315 125
2315 125
2315 125
2315 125
2315 125
2315 125
2315 125
2315 125
2315 125
2315 125
2315 125
2315 125
2315 125
2315 125
2315 125
2315 125
2315 125
2315 125
2315 125
2315 125
2315 125
2315 125
2315 125
2315 125
2315 125
2315 125
2315 125
2315 125
2315 125
2315 126
2315 125
2315 125
2315 125
2315 125
2315 125
2315 125
2315 125
2315 125
2315 125
2315 125
2315 125
2315 125
2315 125
2315 125
2315 125
2315 125
2315 125
2315 125
2315 125
2315 125
2315 125
2315 125
2315 125
2315 126
2315 125
2315 125
2315 125
2315 125
2315 125
2315 125
2315 125
2315 125
2315 125
2315 125
2315 125
2315 125
2315 125
2315 125
2315 125
2315 125
2315 125
2315 125
2315 125
2315 125
2315 125
2315 125
2315 125
2315 125
2315 125
2315 125
2315 125
2315 125
2315 125
2315 125
2315 125
2315 125
2315 125
2315 125
2315 125
2315 125
2320 0
2320 122
2320 122
2320 122
2320 122
2320 122
2320 122
2320 122
2320 123
2320 122
2320 122
2320 123
2320 122
2320 122
2320 122
2320 122
2320 122
2320 122
2320 122
2320 123
2320 123
2320 122
2320 122
2320 122
2320 122
2320 122
2320 122
2320 122
2320 122
2320 122
2320 123
2320 123
2320 123
2320 122
2320 121
2320 121
2320 122
2320 122
2320 123
2320 122
2320 122
2320 122
2320 123
2320 122
2320 122
2320 121
2320 122
2320 122
2320 122
2320 122
2320 122
2320 121
2320 123
2320 122
2320 122
2320 123
2320 122
2320 122
2320 122
2320 122
2320 122
2320 122
2320 122
2320 122
2320 122
2320 123
2320 122
2320 122
2320 122
2320 122
2320 123
2320 123
2320 122
2320 122
2320 122
2320 123
2320 122
2320 121
2320 122
2320 122
2320 122
2320 123
2320 121
2320 122
2320 121
2320 122
2320 121
2320 122
2320 123
2320 122
2320 122
2320 122
2320 122
2320 122
2320 123
2320 123
2320 122
2320 122
2325 120
2325 120
2325 120
2325 120
2325 120
2325 120
2325 120
2325 120
2325 120
2325 121
2325 120
2325 120
2325 120
2325 120
2325 120
2325 120
2325 120
2325 120
2325 118
2325 120
2325 120
2325 120
2325 120
2325 120
2325 120
2325 120
2325 120
2325 120
2325 120
2325 120
2325 119
2325 120
2325 120
2325 120
2325 120
2325 120
2325 120
2325 121
2325 120
2325 120
2325 120
2325 120
2325 120
2325 120
2325 121
2325 120
2325 120
2325 120
2325 120
2325 121
2325 120
2325 120
2325 120
2325 120
2325 120
2325 120
2325 120
2325 120
2325 120
2325 120
2325 120
2325 120
2325 120
2325 120
2325 120
2325 120
2325 120
2325 120
2325 120
2325 121
2325 120
2325 120
2325 120
2325 120
2325 120
2325 120
2325 120
2325 120
2325 120
2325 120
2325 120
2325 120
2325 120
2325 120
2325 120
2325 120
2325 120
2325 120
2325 120
2325 120
2325 120
2325 120
2325 120
2330 118
2330 118
2330 118
2330 118
2330 118
2330 118
2330 118
2330 118
2330 118
2330 118
2330 118
2330 118
2330 118
2330 118
2330 118
2330 118
2330 118
2330 118
2330 118
2330 118
2330 118
2330 118
2330 118
2330 118
2330 118
2330 118
2330 118
2330 118
2330 118
2330 118
2330 118
2330 118
2330 118
2330 118
2330 118
2330 118
2330 118
2330 118
2330 118
2330 118
2330 118
2330 118
2330 118
2330 118
2330 118
2330 118
2330 118
2330 118
2330 118
2330 118
2330 118
2330 118
2330 118
2330 118
2330 118
2330 118
2330 118
2330 118
2330 118
2330 118
2330 118
2330 118
2330 118
2330 118
2330 118
2330 118
2330 118
2330 118
2330 118
2330 118
2330 118
2330 118
2330 118
2330 118
2330 118
2330 118
2330 118
2330 118
2330 118
2330 118
2330 118
2330 118
2330 118
2330 118
2330 118
2330 118
2330 118
2330 118
2330 118
2330 118
2330 118
2330 118
2330 118
2330 118
2330 118
2335 116
2335 116
2335 116
2335 116
2335 116
2335 116
2335 116
2335 116
2335 116
2335 116
2335 116
2335 116
2335 116
2335 116
2335 116
2335 116
2335 116
2335 116
2335 116
2335 116
2335 116
2335 116
2335 116
2335 116
2335 116
2335 116
2335 116
2335 116
2335 116
2335 116
2335 116
2335 116
2335 116
2335 116
2335 116
2335 116
2335 116
2335 116
2335 116
2335 116
2335 116
2335 116
2335 116
2335 116
2335 116
2335 115
2335 116
2335 116
2335 116
2335 116
2335 116
2335 116
2335 116
2335 116
2335 115
2335 116
2335 116
2335 116
2335 116
2335 116
2335 116
2335 116
2335 116
2335 116
2335 116
2335 116
2335 116
2335 116
2335 116
2335 116
2335 116
2335 116
2335 116
2335 116
2335 116
2335 116
2335 116
2335 116
2335 116
2335 116
2335 116
2335 116
2335 116
2335 116
2335 116
2335 116
2335 116
2335 116
2335 116
2335 116
2335 116
2335 116
2335 116
2335 116
2335 116
2335 116
2335 115
2335 116
2335 116
2340 114
2340 114
2340 114
2340 114
2340 113
2340 114
2340 114
2340 113
2340 114
2340 114
2340 114
2340 113
2340 114
2340 114
2340 113
2340 114
2340 114
2340 114
2340 114
2340 114
2340 114
2340 113
2340 114
2340 114
2340 114
2340 114
2340 114
2340 114
2340 114
2340 114
2340 114
2340 114
2340 114
2340 114
2340 113
2340 113
2340 114
2340 114
2340 114
2340 113
2340 113
2340 114
2340 113
2340 114
2340 114
2340 113
2340 114
2340 113
2340 114
2340 114
2340 114
2340 114
2340 114
2340 114
2340 113
2340 114
2340 114
2340 113
2340 114
2340 114
2340 114
2340 114
2340 114
2340 114
2340 114
2340 114
2340 113
2340 114
2340 113
2340 113
2340 114
2340 114
2340 114
2340 114
2340 113
2340 114
2340 114
2340 114
2340 114
2340 114
2340 113
2340 113
2340 114
2340 114
2340 114
2340 114
2340 114
2340 114
2340 114
2340 113
2340 114
2340 113
2340 113
2340 113
2340 114
2340 114
2340 114
2340 113
2340 113
2340 114
2345 112
2345 112
2345 112
2345 112
2345 112
2345 112
2345 112
2345 111
2345 112
2345 112
2345 112
2345 111
2345 112
2345 112
2345 112
2345 112
2345 111
2345 112
2345 111
2345 111
2345 111
2345 112
2345 112
2345 112
2345 112
2345 112
2345 112
2345 112
2345 111
2345 112
2345 111
2345 112
2345 112
2345 112
2345 112
2345 112
2345 113
2345 112
2345 112
2345 112
2345 112
2345 112
2345 111
2345 112
2345 112
2345 112
2345 112
2345 111
2345 111
2345 112
2345 112
2345 111
2345 112
2345 112
2345 112
2345 112
2345 112
2345 112
2345 112
2345 111
2345 112
2345 112
2345 112
2345 111
2345 112
2345 112
2345 112
2345 111
2345 112
2345 111
2345 111
2345 112
2345 112
2345 112
2345 111
2345 112
2345 112
2345 112
2345 112
2345 112
2345 112
2345 112
2345 112
2345 111
2345 112
2345 111
2345 112
2345 112
2345 112
2345 112
2345 112
2345 112
2345 111
2345 112
2345 112
2345 112
2345 112
2350 110
2350 110
2350 110
2350 110
2350 110
2350 110
2350 110
2350 110
2350 110
2350 110
2350 110
2350 110
2350 110
2350 110
2350 110
2350 111
2350 110
2350 110
2350 110
2350 110
2350 110
2350 110
2350 110
2350 110
2350 110
2350 110
2350 110
2350 111
2350 110
2350 110
2350 110
2350 110
2350 110
2350 110
2350 110
2350 110
2350 110
2350 110
2350 110
2350 110
2350 110
2350 110
2350 110
2350 110
2350 110
2350 110
2350 110
2350 110
2350 110
2350 110
2350 110
2350 110
2350 110
2350 110
2350 110
2350 110
2350 110
2350 110
2350 110
2350 110
2350 110
2350 110
2350 110
2350 110
2350 110
2350 110
2350 110
2350 110
2350 110
2350 110
2350 110
2350 110
2350 110
2350 110
2350 110
2350 110
2350 110
2350 110
2350 110
2350 110
2350 110
2350 110
2350 110
2350 110
2350 110
2350 110
2350 110
2350 110
2350 110
2350 110
2350 110
2350 110
2350 110
2350 110
2350 110
2350 110
2350 110
2350 110
2355 108
2355 108
2355 108
2355 108
2355 107
2355 107
2355 108
2355 108
2355 109
2355 108
2355 107
2355 108
2355 107
2355 107
2355 107
2355 108
2355 107
2355 107
2355 107
2355 108
2355 108
2355 107
2355 107
2355 108
2355 108
2355 108
2355 108
2355 107
2355 108
2355 109
2355 108
2355 108
2355 108
2355 108
2355 107
2355 108
2355 108
2355 108
2355 108
2355 108
2355 108
2355 108
2355 107
2355 108
2355 108
2355 108
2355 108
2355 108
2355 108
2355 108
2355 107
2355 108
2355 108
2355 108
2355 107
2355 107
2355 108
2355 107
2355 108
2355 107
2355 107
2355 109
2355 108
2355 107
2355 108
2355 108
2355 107
2355 108
2355 108
2355 108
2355 108
2355 107
2355 108
2355 108
2355 108
2355 107
2355 108
2355 108
2355 108
2355 108
2355 107
2355 108
2355 108
2355 108
2355 107
2355 108
2355 107
2355 108
2355 108
2355 108
2355 108
2355 107
2355 108
2355 107
2355 108
2355 108
2355 107
2360 106
2360 105
2360 106
2360 106
2360 105
2360 105
2360 105
2360 106
2360 106
2360 106
2360 105
2360 106
2360 105
2360 106
2360 105
2360 106
2360 106
2360 106
2360 106
2360 106
2360 106
2360 106
2360 106
2360 106
2360 105
2360 106
2360 106
2360 106
2360 106
2360 106
2360 106
2360 106
2360 105
2360 106
2360 106
2360 105
2360 105
2360 106
2360 105
2360 105
2360 106
2360 105
2360 106
2360 105
2360 105
2360 105
2360 105
2360 106
2360 106
2360 106
2360 105
2360 105
2360 105
2360 105
2360 105
2360 105
2360 106
2360 106
2360 105
2360 105
2360 106
2360 105
2360 105
2360 105
2360 106
2360 105
2360 105
2360 106
2360 106
2360 106
2360 106
2360 105
2360 105
2360 106
2360 106
2360 106
2360 106
2360 105
2360 106
2360 106
2360 106
2360 105
2360 105
2360 106
2360 105
2360 105
2360 106
2360 106
2360 106
2360 106
2360 105
2360 105
2360 106
2360 106
2360 105
2365 104
2365 104
2365 104
2365 104
2365 104
2365 104
2365 104
2365 104
2365 103
2365 103
2365 104
2365 104
2365 104
2365 104
2365 103
2365 104
2365 104
2365 103
2365 104
2365 104
2365 103
2365 103
2365 104
2365 104
2365 103
2365 104
2365 104
2365 104
2365 103
2365 105
2365 104
2365 104
2365 104
2365 104
2365 103
2365 104
2365 104
2365 104
2365 104
2365 104
2365 104
2365 104
2365 103
2365 103
2365 104
2365 104
2365 103
2365 104
2365 104
2365 104
2365 104
2365 104
2365 104
2365 104
2365 104
2365 104
2365 104
2365 103
2365 104
2365 104
2365 103
2365 104
2365 103
2365 104
2365 104
2365 103
2365 104
2365 103
2365 104
2365 103
2365 104
2365 105
2365 104
2365 103
2365 104
2365 104
2365 104
2365 104
2365 103
2365 104
2365 103
2365 104
2365 104
2365 104
2365 104
2365 104
2365 104
2365 103
2365 104
2365 103
2365 104
2365 103
2365 104
2365 104
2365 104
2365 104
2370 102
2370 102
2370 102
2370 102
2370 102
2370 102
2370 102
2370 102
2370 102
2370 102
2370 102
2370 103
2370 102
2370 102
2370 102
2370 102
2370 102
2370 102
2370 102
2370 102
2370 103
2370 102
2370 102
2370 102
2370 102
2370 102
2370 102
2370 102
2370 102
2370 102
2370 102
2370 102
2370 102
2370 102
2370 102
2370 102
2370 102
2370 102
2370 102
2370 102
2370 102
2370 102
2370 102
2370 102
2370 102
2370 102
2370 102
2370 102
2370 102
2370 102
2370 103
2370 102
2370 102
2370 102
2370 102
2370 102
2370 102
2370 102
2370 102
2370 102
2370 102
2370 102
2370 102
2370 102
2370 102
2370 102
2370 102
2370 102
2370 103
2370 102
2370 102
2370 102
2370 102
2370 102
2370 102
2370 102
2370 102
2370 102
2370 102
2370 102
2370 102
2370 102
2370 102
2370 102
2370 102
2370 102
2370 102
2370 102
2370 102
2370 102
2370 103
2370 103
2370 102
2370 102
2370 102
2370 102
2370 102
2375 101
2375 101
2375 101
2375 101
2375 101
2375 101
2375 101
2375 101
2375 101
2375 101
2375 101
2375 101
2375 101
2375 101
2375 101
2375 101
2375 101
2375 101
2375 101
2375 101
2375 101
2375 101
2375 101
2375 101
2375 101
2375 101
2375 101
2375 101
2375 101
2375 101
2375 101
2375 101
2375 101
2375 101
2375 100
2375 101
2375 101
2375 101
2375 101
2375 101
2375 101
2375 101
2375 101
2375 101
2375 101
2375 101
2375 101
2375 101
2375 101
2375 101
2375 101
2375 101
2375 101
2375 101
2375 101
2375 101
2375 101
2375 101
2375 101
2375 101
2375 101
2375 101
2375 101
2375 101
2375 101
2375 101
2375 101
2375 101
2375 101
2375 101
2375 101
2375 101
2375 101
2375 101
2375 101
2375 101
2375 101
2375 101
2375 101
2375 101
2375 101
2375 101
2375 101
2375 101
2375 101
2375 101
2375 101
2375 101
2375 101
2375 101
2375 101
2375 101
2375 101
2375 101
2375 101
2375 101
2380 98
2380 98
2380 99
2380 98
2380 98
2380 99
2380 98
2380 98
2380 98
2380 98
2380 98
2380 98
2380 99
2380 99
2380 98
2380 98
2380 99
2380 98
2380 98
2380 98
2380 98
2380 98
2380 98
2380 99
2380 99
2380 98
2380 98
2380 98
2380 98
2380 99
2380 98
2380 99
2380 98
2380 98
2380 99
2380 98
2380 99
2380 99
2380 98
2380 99
2380 98
2380 99
2380 98
2380 99
2380 99
2380 98
2380 99
2380 99
2380 98
2380 98
2380 99
2380 98
2380 99
2380 99
2380 99
2380 99
2380 98
2380 98
2380 98
2380 98
2380 98
2380 98
2380 98
2380 98
2380 98
2380 98
2380 98
2380 99
2380 99
2380 98
2380 98
2380 99
2380 99
2380 98
2380 98
2380 99
2380 99
2380 98
2380 98
2380 98
2380 98
2380 99
2380 99
2380 99
2380 99
2380 99
2380 98
2380 98
2380 98
2380 98
2380 99
2380 98
2380 98
2380 98
2380 99
2380 99
2380 98
2385 97
2385 95
2385 97
2385 97
2385 95
2385 97
2385 96
2385 97
2385 97
2385 96
2385 97
2385 97
2385 95
2385 96
2385 97
2385 97
2385 97
2385 97
2385 96
2385 97
2385 97
2385 95
2385 95
2385 97
2385 95
2385 97
2385 96
2385 95
2385 96
2385 97
2385 96
2385 97
2385 96
2385 97
2385 96
2385 96
2385 97
2385 95
2385 97
2385 96
2385 97
2385 97
2385 97
2385 97
2385 97
2385 97
2385 97
2385 96
2385 97
2385 95
2385 95
2385 97
2385 97
2385 97
2385 97
2385 97
2385 97
2385 97
2385 97
2385 97
2385 97
2385 97
2385 96
2385 97
2385 97
2385 96
2385 97
2385 96
2385 97
2385 97
2385 97
2385 97
2385 97
2385 97
2385 97
2385 97
2385 96
2385 97
2385 97
2385 97
2385 96
2385 96
2385 97
2385 97
2385 97
2385 96
2385 97
2385 95
2385 96
2385 97
2385 97
2385 95
2385 97
2385 97
2385 97
2385 97
2385 97
2385 96
2385 97
2385 97
2390 95
2390 94
2390 94
2390 95
2390 95
2390 93
2390 94
2390 94
2390 94
2390 95
2390 95
2390 95
2390 94
2390 94
2390 94
2390 94
2390 95
2390 94
2390 94
2390 94
2390 94
2390 94
2390 94
2390 94
2390 94
2390 94
2390 95
2390 94
2390 95
2390 94
2390 94
2390 94
2390 94
2390 95
2390 94
2390 94
2390 95
2390 94
2390 94
2390 94
2390 94
2390 93
2390 94
2390 94
2390 94
2390 94
2390 94
2390 94
2390 94
2390 94
2390 94
2390 95
2390 94
2390 94
2390 95
2390 94
2390 94
2390 94
2390 95
2390 94
2390 94
2390 94
2390 94
2390 94
2390 94
2390 94
2390 94
2390 94
2390 94
2390 94
2390 94
2390 94
2390 94
2390 94
2390 94
2390 94
2390 94
2390 95
2390 94
2390 94
2390 94
2390 94
2390 94
2390 94
2390 94
2390 94
2390 94
2390 94
2390 93
2390 94
2390 95
2390 95
2390 94
2390 94
2390 94
2390 94
2390 95
2390 95
2395 92
2395 93
2395 92
2395 92
2395 92
2395 93
2395 93
2395 93
2395 93
2395 92
2395 93
2395 93
2395 93
2395 93
2395 92
2395 92
2395 93
2395 92
2395 92
2395 92
2395 92
2395 92
2395 93
2395 92
2395 93
2395 93
2395 92
2395 92
2395 93
2395 92
2395 93
2395 93
2395 93
2395 92
2395 92
2395 93
2395 93
2395 93
2395 92
2395 92
2395 92
2395 93
2395 93
2395 93
2395 92
2395 93
2395 92
2395 93
2395 92
2395 93
2395 92
2395 92
2395 93
2395 92
2395 92
2395 92
2395 92
2395 93
2395 92
2395 92
2395 93
2395 92
2395 93
2395 92
2395 93
2395 93
2395 92
2395 93
2395 93
2395 92
2395 92
2395 93
2395 93
2395 93
2395 92
2395 93
2395 92
2395 92
2395 93
2395 92
2395 93
2395 93
2395 91
2395 93
2395 92
2395 92
2395 92
2395 93
2395 93
2395 92
2395 92
2395 92
2395 93
2395 92
2395 93
2395 92
2395 92
2395 93
2400 89
2400 89
2400 89
2400 89
2400 89
2400 89
2400 89
2400 89
2400 90
2400 89
2400 89
2400 89
2400 89
2400 90
2400 90
2400 89
2400 89
2400 89
2400 89
2400 90
2400 89
2400 89
2400 89
2400 89
2400 89
2400 89
2400 89
2400 89
2400 89
2400 89
2400 89
2400 89
2400 89
2400 89
2400 89
2400 89
2400 90
2400 89
2400 89
2400 89
2400 89
2400 90
2400 89
2400 90
2400 89
2400 89
2400 89
2400 90
2400 89
2400 89
2400 89
2400 89
2400 89
2400 89
2400 89
2400 89
2400 89
2400 90
2400 89
2400 89
2400 89
2400 89
2400 89
2400 90
2400 89
2400 89
2400 89
2400 89
2400 89
2400 89
2400 89
2400 89
2400 89
2400 89
2400 89
2400 89
2400 89
2400 89
2400 89
2400 89
2400 89
2400 89
2400 89
2400 89
2400 89
2400 89
2400 90
2400 89
2400 89
2400 89
2400 89
2400 89
2400 89
2400 89
2400 90
2400 89
2400 89
2400 89
2405 88
2405 87
2405 86
2405 86
2405 87
2405 86
2405 86
2405 86
2405 86
2405 86
2405 86
2405 86
2405 88
2405 88
2405 86
2405 86
2405 88
2405 86
2405 88
2405 86
2405 86
2405 86
2405 86
2405 86
2405 86
2405 86
2405 88
2405 86
2405 88
2405 86
2405 86
2405 86
2405 86
2405 87
2405 86
2405 86
2405 86
2405 86
2405 87
2405 86
2405 86
2405 88
2405 86
2405 86
2405 86
2405 88
2405 86
2405 86
2405 86
2405 86
2405 88
2405 88
2405 86
2405 88
2405 87
2405 86
2405 86
2405 86
2405 86
2405 87
2405 87
2405 86
2405 86
2405 86
2405 87
2405 86
2405 87
2405 87
2405 87
2405 87
2405 87
2405 86
2405 86
2405 86
2405 86
2405 86
2405 86
2405 86
2405 86
2405 88
2405 87
2405 86
2405 88
2405 86
2405 86
2405 87
2405 86
2405 86
2405 88
2405 86
2405 86
2405 86
2405 88
2405 86
2405 86
2405 86
2405 87
2405 86
2405 86
2405 86
2410 85
2410 86
2410 86
2410 86
2410 84
2410 86
2410 86
2410 86
2410 86
2410 86
2410 85
2410 86
2410 86
2410 84
2410 86
2410 86
2410 86
2410 86
2410 86
2410 86
2410 86
2410 86
2410 86
2410 86
2410 86
2410 86
2410 84
2410 86
2410 86
2410 86
2410 86
2410 86
2410 84
2410 86
2410 85
2410 86
2410 86
2410 86
2410 86
2410 86
2410 86
2410 86
2410 85
2410 86
2410 86
2410 85
2410 84
2410 86
2410 86
2410 86
2410 86
2410 86
2410 84
2410 86
2410 86
2410 86
2410 86
2410 86
2410 86
2410 86
2410 85
2410 84
2410 86
2410 86
2410 86
2410 86
2410 86
2410 86
2410 86
2410 86
2410 86
2410 86
2410 86
2410 85
2410 84
2410 86
2410 86
2410 86
2410 86
2410 86
2410 85
2410 86
2410 86
2410 85
2410 86
2410 86
2410 86
2410 86
2410 86
2410 86
2410 86
2410 85
2410 86
2410 86
2410 86
2410 86
2410 84
2415 83
2415 83
2415 84
2415 83
2415 83
2415 83
2415 83
2415 83
2415 83
2415 83
2415 84
2415 83
2415 84
2415 83
2415 83
2415 83
2415 84
2415 83
2415 84
2415 83
2415 83
2415 83
2415 83
2415 84
2415 83
2415 84
2415 83
2415 84
2415 83
2415 83
2415 83
2415 83
2415 83
2415 84
2415 84
2415 83
2415 83
2415 83
2415 84
2415 83
2415 83
2415 84
2415 83
2415 83
2415 83
2415 83
2415 83
2415 83
2415 83
2415 83
2415 83
2415 84
2415 83
2415 84
2415 84
2415 84
2415 83
2415 84
2415 83
2415 83
2415 83
2415 83
2415 84
2415 83
2415 83
2415 84
2415 83
2415 83
2415 84
2415 83
2415 83
2415 83
2415 83
2415 83
2415 84
2415 83
2415 83
2415 83
2415 83
2415 83
2415 83
2415 83
2415 83
2415 84
2415 83
2415 84
2415 84
2415 83
2415 83
2415 83
2415 83
2415 84
2415 84
2415 83
2415 83
2420 80
2420 81
2420 81
2420 81
2420 81
2420 81
2420 81
2420 81
2420 81
2420 81
2420 81
2420 81
2420 81
2420 81
2420 80
2420 81
2420 80
2420 81
2420 81
2420 81
2420 81
2420 81
2420 81
2420 81
2420 81
2420 81
2420 81
2420 81
2420 80
2420 81
2420 81
2420 81
2420 81
2420 81
2420 81
2420 81
2420 81
2420 81
2420 81
2420 81
2420 80
2420 81
2420 80
2420 81
2420 80
2420 81
2420 81
2420 81
2420 81
2420 81
2420 81
2420 81
2420 81
2420 81
2420 81
2420 81
2420 81
2420 81
2420 80
2420 80
2420 81
2420 81
2420 81
2420 81
2420 81
2420 80
2420 81
2420 81
2420 80
2420 81
2420 81
2420 82
2420 81
2420 81
2420 80
2420 81
2420 81
2420 81
2420 81
2420 81
2420 81
2420 81
2420 81
2420 81
2420 80
2420 81
2420 81
2420 81
2420 80
2420 80
2420 80
2420 81
2420 81
2420 80
2420 81
2420 82
2420 81
2420 81
2425 79
2425 79
2425 79
2425 80
2425 79
2425 79
2425 79
2425 79
2425 79
2425 80
2425 79
2425 79
2425 79
2425 79
2425 79
2425 79
2425 78
2425 79
2425 79
2425 80
2425 79
2425 79
2425 78
2425 79
2425 79
2425 79
2425 79
2425 79
2425 79
2425 79
2425 79
2425 79
2425 79
2425 79
2425 79
2425 79
2425 79
2425 79
2425 79
2425 79
2425 79
2425 79
2425 79
2425 79
2425 79
2425 79
2425 79
2425 79
2425 79
2425 79
2425 79
2425 79
2425 79
2425 79
2425 79
2425 79
2425 79
2425 79
2425 78
2425 79
2425 79
2425 79
2425 79
2425 79
2425 79
2425 79
2425 79
2425 79
2425 79
2425 79
2425 79
2425 79
2425 79
2425 79
2425 79
2425 79
2425 79
2425 80
2425 79
2425 79
2425 79
2425 79
2425 80
2425 79
2425 78
2425 79
2425 78
2425 79
2425 79
2425 79
2425 79
2425 79
2425 78
2425 79
2425 79
2425 79
2425 79
2425 79
2425 79
2430 78
2430 78
2430 77
2430 78
2430 78
2430 78
2430 78
2430 78
2430 78
2430 78
2430 78
2430 78
2430 78
2430 78
2430 77
2430 78
2430 78
2430 78
2430 78
2430 78
2430 78
2430 78
2430 78
2430 78
2430 78
2430 78
2430 78
2430 78
2430 78
2430 78
2430 78
2430 78
2430 78
2430 77
2430 78
2430 78
2430 78
2430 78
2430 78
2430 78
2430 78
2430 78
2430 78
2430 78
2430 78
2430 78
2430 78
2430 78
2430 78
2430 78
2430 78
2430 78
2430 78
2430 78
2430 78
2430 78
2430 78
2430 78
2430 78
2430 78
2430 77
2430 78
2430 78
2430 78
2430 77
2430 78
2430 78
2430 77
2430 78
2430 77
2430 78
2430 78
2430 77
2430 78
2430 78
2430 78
2430 78
2430 78
2430 78
2430 78
2430 77
2430 78
2430 78
2430 78
2430 78
2430 78
2430 77
2430 78
2430 78
2430 78
2430 78
2430 78
2430 78
2430 78
2430 78
2430 78
2430 78
2430 78
2430 78
2435 75
2435 75
2435 75
2435 75
2435 75
2435 75
2435 75
2435 75
2435 75
2435 75
2435 75
2435 75
2435 75
2435 75
2435 75
2435 75
2435 75
2435 75
2435 75
2435 75
2435 76
2435 75
2435 75
2435 76
2435 75
2435 75
2435 75
2435 75
2435 75
2435 75
2435 75
2435 75
2435 75
2435 76
2435 75
2435 75
2435 75
2435 75
2435 75
2435 75
2435 76
2435 75
2435 75
2435 75
2435 75
2435 75
2435 75
2435 75
2435 75
2435 75
2435 75
2435 75
2435 75
2435 75
2435 76
2435 75
2435 76
2435 75
2435 75
2435 75
2435 76
2435 76
2435 75
2435 75
2435 75
2435 75
2435 75
2435 76
2435 75
2435 75
2435 75
2435 75
2435 75
2435 75
2435 75
2435 76
2435 75
2435 75
2435 75
2435 75
2435 75
2435 75
2435 75
2435 75
2435 75
2435 76
2435 75
2435 75
2435 75
2435 75
2435 76
2435 75
2435 75
2435 75
2435 75
2435 75
2435 76
2435 75
2440 73
2440 73
2440 73
2440 73
2440 73
2440 73
2440 73
2440 73
2440 73
2440 73
2440 73
2440 73
2440 73
2440 73
2440 73
2440 73
2440 74
2440 73
2440 73
2440 73
2440 73
2440 73
2440 73
2440 73
2440 73
2440 73
2440 73
2440 73
2440 73
2440 73
2440 73
2440 73
2440 73
2440 73
2440 73
2440 73
2440 73
2440 73
2440 73
2440 73
2440 73
2440 73
2440 73
2440 73
2440 73
2440 73
2440 73
2440 73
2440 73
2440 73
2440 73
2440 73
2440 74
2440 73
2440 73
2440 73
2440 73
2440 73
2440 73
2440 73
2440 73
2440 73
2440 73
2440 73
2440 73
2440 73
2440 73
2440 73
2440 73
2440 73
2440 73
2440 74
2440 73
2440 73
2440 73
2440 73
2440 73
2440 73
2440 73
2440 73
2440 73
2440 73
2440 73
2440 73
2440 73
2440 73
2440 73
2440 73
2440 73
2440 73
2440 73
2440 73
2440 73
2440 73
2440 73
2440 73
2440 74
2440 73
2440 73
2445 70
2445 71
2445 71
2445 71
2445 71
2445 71
2445 71
2445 71
2445 72
2445 71
2445 71
2445 71
2445 72
2445 71
2445 71
2445 71
2445 71
2445 71
2445 71
2445 70
2445 72
2445 71
2445 71
2445 71
2445 71
2445 71
2445 71
2445 71
2445 71
2445 71
2445 71
2445 71
2445 71
2445 71
2445 71
2445 71
2445 71
2445 71
2445 72
2445 71
2445 71
2445 71
2445 71
2445 71
2445 71
2445 71
2445 72
2445 71
2445 71
2445 71
2445 71
2445 71
2445 72
2445 71
2445 71
2445 71
2445 71
2445 71
2445 71
2445 71
2445 72
2445 71
2445 71
2445 71
2445 71
2445 71
2445 71
2445 71
2445 71
2445 71
2445 71
2445 71
2445 71
2445 71
2445 71
2445 71
2445 71
2445 71
2445 71
2445 71
2445 71
2445 72
2445 72
2445 71
2445 72
2445 71
2445 72
2445 71
2445 71
2445 71
2445 71
2445 71
2445 71
2445 71
2445 71
2445 71
2445 71
2445 71
2450 69
2450 70
2450 70
2450 70
2450 69
2450 70
2450 69
2450 69
2450 70
2450 69
2450 70
2450 70
2450 70
2450 70
2450 70
2450 70
2450 70
2450 69
2450 69
2450 70
2450 69
2450 70
2450 70
2450 70
2450 70
2450 70
2450 69
2450 69
2450 69
2450 70
2450 70
2450 69
2450 69
2450 70
2450 69
2450 69
2450 70
2450 70
2450 70
2450 70
2450 70
2450 70
2450 70
2450 69
2450 70
2450 69
2450 70
2450 70
2450 70
2450 69
2450 70
2450 69
2450 70
2450 69
2450 70
2450 69
2450 70
2450 70
2450 70
2450 69
2450 69
2450 69
2450 70
2450 70
2450 70
2450 70
2450 70
2450 70
2450 69
2450 70
2450 70
2450 69
2450 69
2450 70
2450 69
2450 69
2450 70
2450 70
2450 70
2450 70
2450 69
2450 70
2450 70
2450 69
2450 70
2450 70
2450 70
2450 69
2450 70
2450 70
2450 69
2450 70
2450 70
2450 70
2450 69
2450 70
2455 68
2455 69
2455 67
2455 69
2455 69
2455 68
2455 68
2455 68
2455 68
2455 69
2455 68
2455 68
2455 69
2455 68
2455 68
2455 68
2455 68
2455 68
2455 68
2455 68
2455 68
2455 68
2455 68
2455 68
2455 69
2455 69
2455 69
2455 68
2455 69
2455 69
2455 69
2455 68
2455 68
2455 68
2455 68
2455 68
2455 68
2455 68
2455 68
2455 68
2455 68
2455 68
2455 68
2455 68
2455 68
2455 68
2455 68
2455 68
2455 68
2455 68
2455 68
2455 69
2455 69
2455 68
2455 68
2455 68
2455 68
2455 68
2455 68
2455 68
2455 69
2455 68
2455 68
2455 68
2455 68
2455 68
2455 68
2455 68
2455 69
2455 68
2455 68
2455 69
2455 68
2455 68
2455 68
2455 68
2455 68
2455 68
2455 68
2455 68
2455 68
2455 68
2455 68
2455 68
2455 68
2455 69
2455 68
2455 68
2455 68
2455 68
2455 68
2455 68
2455 68
2455 68
2455 68
2455 68
2455 69
2460 66
2460 66
2460 65
2460 66
2460 66
2460 65
2460 65
2460 65
2460 66
2460 65
2460 65
2460 65
2460 65
2460 65
2460 65
2460 65
2460 65
2460 65
2460 65
2460 66
2460 66
2460 65
2460 66
2460 66
2460 66
2460 66
2460 66
2460 65
2460 66
2460 66
2460 65
2460 65
2460 65
2460 66
2460 65
2460 66
2460 65
2460 66
2460 65
2460 65
2460 65
2460 65
2460 65
2460 66
2460 65
2460 65
2460 65
2460 65
2460 65
2460 65
2460 65
2460 66
2460 65
2460 65
2460 65
2460 66
2460 66
2460 65
2460 66
2460 65
2460 66
2460 65
2460 65
2460 65
2460 65
2460 65
2460 66
2460 65
2460 65
2460 65
2460 65
2460 66
2460 65
2460 65
2460 65
2460 66
2460 65
2460 66
2460 65
2460 65
2460 65
2460 66
2460 66
2460 65
2460 66
2460 66
2460 66
2460 65
2460 65
2460 65
2460 65
2460 66
2460 65
2460 65
2460 65
2460 66
2460 65
2465 65
2465 63
2465 63
2465 63
2465 65
2465 63
2465 63
2465 63
2465 63
2465 63
2465 63
2465 63
2465 63
2465 63
2465 63
2465 63
2465 63
2465 63
2465 63
2465 63
2465 63
2465 63
2465 63
2465 63
2465 64
2465 64
2465 63
2465 63
2465 63
2465 63
2465 63
2465 63
2465 63
2465 63
2465 63
2465 63
2465 63
2465 63
2465 63
2465 63
2465 63
2465 63
2465 64
2465 63
2465 63
2465 63
2465 63
2465 63
2465 63
2465 63
2465 63
2465 63
2465 63
2465 63
2465 63
2465 63
2465 63
2465 63
2465 63
2465 63
2465 63
2465 63
2465 63
2465 62
2465 63
2465 63
2465 63
2465 63
2465 63
2465 63
2465 63
2465 63
2465 63
2465 63
2465 63
2465 63
2465 63
2465 63
2465 63
2465 63
2465 63
2465 63
2465 63
2465 63
2465 63
2465 63
2465 64
2465 63
2465 63
2465 63
2465 63
2465 63
2465 63
2465 63
2465 63
2465 63
2470 61
2470 61
2470 61
2470 61
2470 61
2470 61
2470 61
2470 61
2470 61
2470 61
2470 61
2470 61
2470 61
2470 62
2470 61
2470 61
2470 61
2470 62
2470 61
2470 61
2470 61
2470 61
2470 61
2470 61
2470 62
2470 61
2470 61
2470 61
2470 61
2470 61
2470 61
2470 61
2470 61
2470 62
2470 61
2470 61
2470 61
2470 62
2470 62
2470 62
2470 61
2470 61
2470 61
2470 62
2470 61
2470 61
2470 61
2470 61
2470 61
2470 61
2470 61
2470 61
2470 62
2470 61
2470 61
2470 61
2470 61
2470 61
2470 61
2470 61
2470 61
2470 61
2470 62
2470 61
2470 61
2470 61
2470 61
2470 61
2470 61
2470 62
2470 61
2470 61
2470 61
2470 61
2470 61
2470 61
2470 61
2470 61
2470 61
2470 61
2470 61
2470 61
2470 61
2470 61
2470 61
2470 61
2470 61
2470 61
2470 61
2470 61
2470 61
2470 61
2470 61
2470 62
2470 61
2470 61
2470 61
2470 61
2470 61
2475 60
2475 59
2475 59
2475 59
2475 59
2475 59
2475 59
2475 59
2475 59
2475 59
2475 59
2475 59
2475 59
2475 59
2475 59
2475 59
2475 59
2475 59
2475 59
2475 60
2475 59
2475 60
2475 59
2475 59
2475 59
2475 59
2475 59
2475 59
2475 60
2475 59
2475 60
2475 59
2475 59
2475 59
2475 60
2475 60
2475 60
2475 59
2475 59
2475 59
2475 59
2475 59
2475 59
2475 59
2475 59
2475 59
2475 60
2475 59
2475 59
2475 59
2475 59
2475 59
2475 60
2475 59
2475 59
2475 59
2475 59
2475 59
2475 59
2475 59
2475 60
2475 59
2475 59
2475 59
2475 59
2475 59
2475 59
2475 60
2475 59
2475 59
2475 59
2475 59
2475 59
2475 60
2475 59
2475 59
2475 59
2475 59
2475 59
2475 59
2475 59
2475 60
2475 59
2475 60
2475 59
2475 60
2475 59
2475 60
2475 59
2475 59
2475 59
2475 59
2475 59
2475 60
2475 60
2475 59
2475 59
2475 59
2475 59
2480 57
2480 57
2480 56
2480 57
2480 56
2480 56
2480 57
2480 56
2480 56
2480 56
2480 57
2480 57
2480 57
2480 56
2480 56
2480 56
2480 57
2480 56
2480 56
2480 57
2480 57
2480 56
2480 57
2480 56
2480 57
2480 57
2480 57
2480 57
2480 56
2480 56
2480 57
2480 57
2480 56
2480 56
2480 56
2480 57
2480 57
2480 57
2480 57
2480 56
2480 56
2480 56
2480 56
2480 57
2480 57
2480 56
2480 57
2480 57
2480 57
2480 56
2480 56
2480 57
2480 57
2480 57
2480 56
2480 56
2480 57
2480 57
2480 56
2480 56
2480 56
2480 57
2480 57
2480 56
2480 57
2480 57
2480 57
2480 56
2480 56
2480 56
2480 56
2480 56
2480 57
2480 56
2480 56
2480 56
2480 57
2480 57
2480 57
2480 57
2480 56
2480 57
2480 57
2480 56
2480 56
2480 56
2480 56
2480 56
2480 57
2480 56
2480 56
2480 56
2480 57
2480 57
2480 56
2480 56
2480 56
2480 57
2485 54
2485 54
2485 54
2485 54
2485 54
2485 54
2485 54
2485 54
2485 54
2485 54
2485 54
2485 54
2485 55
2485 54
2485 54
2485 54
2485 54
2485 54
2485 54
2485 54
2485 54
2485 54
2485 54
2485 54
2485 54
2485 54
2485 54
2485 54
2485 54
2485 54
2485 54
2485 54
2485 54
2485 54
2485 54
2485 54
2485 54
2485 54
2485 54
2485 54
2485 54
2485 54
2485 54
2485 54
2485 54
2485 54
2485 54
2485 54
2485 54
2485 54
2485 54
2485 54
2485 54
2485 54
2485 54
2485 55
2485 54
2485 54
2485 54
2485 54
2485 54
2485 54
2485 54
2485 54
2485 54
2485 54
2485 54
2485 54
2485 54
2485 54
2485 54
2485 54
2485 54
2485 54
2485 54
2485 54
2485 54
2485 54
2485 54
2485 54
2485 54
2485 54
2485 54
2485 54
2485 54
2485 54
2485 55
2485 54
2485 54
2485 54
2485 54
2485 54
2485 54
2485 54
2485 54
2485 54
2485 54
2485 54
2490 53
2490 52
2490 52
2490 52
2490 52
2490 52
2490 52
2490 52
2490 52
2490 52
2490 52
2490 52
2490 54
2490 53
2490 52
2490 53
2490 54
2490 53
2490 54
2490 52
2490 52
2490 52
2490 52
2490 54
2490 53
2490 52
2490 52
2490 52
2490 52
2490 52
2490 54
2490 52
2490 52
2490 52
2490 52
2490 52
2490 54
2490 52
2490 52
2490 53
2490 54
2490 52
2490 52
2490 53
2490 52
2490 52
2490 52
2490 53
2490 53
2490 52
2490 52
2490 54
2490 52
2490 52
2490 52
2490 52
2490 52
2490 52
2490 52
2490 52
2490 52
2490 52
2490 52
2490 52
2490 52
2490 52
2490 52
2490 52
2490 52
2490 52
2490 52
2490 54
2490 52
2490 52
2490 54
2490 53
2490 54
2490 52
2490 52
2490 53
2490 54
2490 53
2490 52
2490 52
2490 52
2490 54
2490 52
2490 54
2490 54
2490 52
2490 52
2490 52
2490 52
2490 52
2490 52
2490 52
2490 52
2490 52
2490 52
2495 50
2495 51
2495 51
2495 51
2495 51
2495 51
2495 51
2495 51
2495 50
2495 51
2495 51
2495 51
2495 51
2495 50
2495 51
2495 50
2495 51
2495 50
2495 51
2495 51
2495 51
2495 51
2495 50
2495 51
2495 51
2495 51
2495 51
2495 51
2495 51
2495 51
2495 50
2495 51
2495 51
2495 50
2495 51
2495 51
2495 51
2495 51
2495 51
2495 51
2495 51
2495 51
2495 51
2495 51
2495 51
2495 51
2495 51
2495 51
2495 51
2495 51
2495 51
2495 51
2495 51
2495 51
2495 51
2495 51
2495 51
2495 51
2495 51
2495 51
2495 51
2495 51
2495 51
2495 51
2495 50
2495 51
2495 51
2495 51
2495 50
2495 51
2495 51
2495 51
2495 51
2495 51
2495 51
2495 51
2495 50
2495 51
2495 51
2495 51
2495 51
2495 51
2495 51
2495 51
2495 51
2495 51
2495 51
2495 51
2495 51
2495 51
2495 51
2495 51
2495 51
2495 51
2495 50
2495 51
2495 51
2495 51
2500 48
2500 48
2500 49
2500 48
2500 49
2500 49
2500 49
2500 49
2500 49
2500 49
2500 49
2500 49
2500 48
2500 49
2500 48
2500 48
2500 49
2500 49
2500 49
2500 49
2500 48
2500 48
2500 49
2500 49
2500 48
2500 49
2500 49
2500 49
2500 49
2500 49
2500 49
2500 49
2500 49
2500 49
2500 49
2500 49
2500 49
2500 49
2500 49
2500 49
2500 49
2500 48
2500 48
2500 49
2500 49
2500 49
2500 48
2500 49
2500 49
2500 49
2500 49
2500 49
2500 49
2500 49
2500 49
2500 49
2500 49
2500 49
2500 49
2500 49
2500 49
2500 49
2500 49
2500 49
2500 49
2500 49
2500 49
2500 49
2500 49
2500 49
2500 49
2500 49
2500 48
2500 48
2500 49
2500 49
2500 49
2500 49
2500 49
2500 49
2500 49
2500 48
2500 49
2500 48
2500 48
2500 49
2500 49
2500 48
2500 49
2500 48
2500 49
2500 48
2500 49
2500 48
2500 49
2500 49
2500 48
2505 47
2505 47
2505 47
2505 47
2505 47
2505 47
2505 47
2505 47
2505 46
2505 47
2505 47
2505 47
2505 47
2505 47
2505 47
2505 48
2505 47
2505 47
2505 47
2505 47
2505 47
2505 47
2505 47
2505 47
2505 47
2505 47
2505 47
2505 47
2505 47
2505 47
2505 46
2505 47
2505 47
2505 47
2505 47
2505 47
2505 46
2505 47
2505 47
2505 47
2505 47
2505 47
2505 47
2505 47
2505 47
2505 47
2505 47
2505 47
2505 47
2505 47
2505 47
2505 47
2505 47
2505 47
2505 47
2505 46
2505 47
2505 47
2505 47
2505 46
2505 47
2505 47
2505 47
2505 47
2505 47
2505 47
2505 47
2505 47
2505 46
2505 47
2505 47
2505 47
2505 47
2505 47
2505 47
2505 47
2505 47
2505 47
2505 47
2505 47
2505 47
2505 47
2505 47
2505 46
2505 46
2505 47
2505 47
2505 47
2505 47
2505 47
2505 47
2505 47
2505 47
2505 47
2505 47
2505 47
2505 47
2505 47
2510 46
2510 46
2510 46
2510 46
2510 46
2510 46
2510 46
2510 46
2510 46
2510 45
2510 46
2510 46
2510 46
2510 46
2510 45
2510 46
2510 45
2510 46
2510 46
2510 45
2510 46
2510 46
2510 46
2510 46
2510 46
2510 46
2510 46
2510 46
2510 46
2510 46
2510 46
2510 46
2510 46
2510 46
2510 46
2510 46
2510 46
2510 46
2510 45
2510 46
2510 45
2510 45
2510 46
2510 45
2510 46
2510 46
2510 46
2510 45
2510 46
2510 46
2510 46
2510 46
2510 46
2510 46
2510 46
2510 46
2510 46
2510 45
2510 46
2510 46
2510 46
2510 46
2510 46
2510 46
2510 46
2510 46
2510 45
2510 46
2510 45
2510 46
2510 46
2510 46
2510 46
2510 46
2510 46
2510 46
2510 46
2510 46
2510 46
2510 46
2510 46
2510 46
2510 46
2510 46
2510 46
2510 46
2510 46
2510 46
2510 46
2510 45
2510 46
2510 46
2510 46
2510 46
2510 46
2510 46
2510 46
2510 45
2510 46
2515 43
2515 43
2515 43
2515 43
2515 43
2515 43
2515 43
2515 43
2515 43
2515 43
2515 43
2515 43
2515 43
2515 43
2515 43
2515 43
2515 43
2515 43
2515 43
2515 43
2515 43
2515 43
2515 43
2515 43
2515 43
2515 43
2515 43
2515 43
2515 43
2515 43
2515 43
2515 43
2515 43
2515 43
2515 43
2515 43
2515 43
2515 43
2515 43
2515 43
2515 43
2515 43
2515 44
2515 43
2515 43
2515 43
2515 44
2515 43
2515 43
2515 43
2515 43
2515 43
2515 43
2515 43
2515 43
2515 43
2515 43
2515 43
2515 43
2515 43
2515 43
2515 43
2515 43
2515 43
2515 43
2515 43
2515 43
2515 43
2515 43
2515 43
2515 43
2515 43
2515 43
2515 43
2515 43
2515 43
2515 43
2515 43
2515 43
2515 43
2515 43
2515 43
2515 43
2515 43
2515 43
2515 43
2515 43
2515 43
2515 43
2515 43
2515 43
2515 43
2515 43
2515 43
2515 43
2515 43
2515 43
2515 43
2515 43
2520 41
2520 41
2520 41
2520 41
2520 41
2520 42
2520 41
2520 41
2520 41
2520 41
2520 41
2520 41
2520 41
2520 41
2520 41
2520 41
2520 41
2520 41
2520 41
2520 41
2520 41
2520 41
2520 41
2520 41
2520 41
2520 41
2520 41
2520 41
2520 41
2520 41
2520 41
2520 41
2520 41
2520 41
2520 41
2520 41
2520 41
2520 41
2520 41
2520 41
2520 41
2520 40
2520 40
2520 41
2520 41
2520 41
2520 41
2520 41
2520 41
2520 41
2520 41
2520 41
2520 41
2520 41
2520 41
2520 41
2520 41
2520 41
2520 41
2520 41
2520 41
2520 41
2520 41
2520 41
2520 42
2520 41
2520 41
2520 41
2520 41
2520 41
2520 41
2520 40
2520 41
2520 41
2520 40
2520 41
2520 41
2520 41
2520 41
2520 41
2520 41
2520 41
2520 41
2520 41
2520 41
2520 41
2520 41
2520 41
2520 41
2520 41
2520 41
2520 41
2520 41
2520 41
2520 41
2520 41
2520 41
2520 41
2520 40
2525 39
2525 39
2525 39
2525 39
2525 39
2525 39
2525 39
2525 39
2525 39
2525 39
2525 39
2525 39
2525 39
2525 39
2525 39
2525 39
2525 38
2525 38
2525 39
2525 39
2525 39
2525 39
2525 40
2525 39
2525 39
2525 39
2525 39
2525 39
2525 39
2525 39
2525 38
2525 39
2525 39
2525 39
2525 39
2525 39
2525 39
2525 39
2525 39
2525 39
2525 39
2525 39
2525 39
2525 39
2525 39
2525 39
2525 40
2525 39
2525 39
2525 40
2525 39
2525 38
2525 39
2525 39
2525 39
2525 39
2525 39
2525 39
2525 39
2525 40
2525 40
2525 39
2525 39
2525 39
2525 39
2525 39
2525 39
2525 39
2525 38
2525 39
2525 39
2525 39
2525 39
2525 39
2525 39
2525 39
2525 39
2525 39
2525 39
2525 39
2525 39
2525 39
2525 39
2525 39
2525 39
2525 39
2525 39
2525 39
2525 39
2525 40
2525 39
2525 39
2525 39
2525 39
2525 39
2530 38
2530 38
2530 38
2530 38
2530 38
2530 38
2530 38
2530 38
2530 37
2530 37
2530 38
2530 38
2530 37
2530 38
2530 37
2530 38
2530 38
2530 38
2530 38
2530 38
2530 38
2530 38
2530 37
2530 38
2530 37
2530 37
2530 38
2530 38
2530 37
2530 38
2530 37
2530 38
2530 38
2530 38
2530 38
2530 38
2530 38
2530 38
2530 38
2530 37
2530 38
2530 38
2530 38
2530 37
2530 38
2530 38
2530 37
2530 37
2530 38
2530 38
2530 38
2530 38
2530 37
2530 38
2530 37
2530 38
2530 38
2530 38
2530 37
2530 38
2530 38
2530 38
2530 37
2530 38
2530 37
2530 37
2530 38
2530 38
2530 38
2530 37
2530 37
2530 38
2530 37
2530 38
2530 37
2530 38
2530 38
2530 38
2530 38
2530 37
2530 38
2530 38
2530 38
2530 38
2530 37
2530 37
2530 38
2530 38
2530 38
2530 38
2530 37
2530 38
2530 38
2530 37
2530 37
2535 36
2535 36
2535 36
2535 36
2535 37
2535 37
2535 37
2535 36
2535 36
2535 36
2535 36
2535 36
2535 36
2535 37
2535 36
2535 36
2535 36
2535 36
2535 36
2535 36
2535 36
2535 36
2535 36
2535 37
2535 37
2535 36
2535 37
2535 36
2535 36
2535 36
2535 36
2535 36
2535 37
2535 36
2535 36
2535 36
2535 37
2535 36
2535 36
2535 37
2535 36
2535 36
2535 36
2535 37
2535 36
2535 36
2535 36
2535 36
2535 37
2535 36
2535 36
2535 36
2535 36
2535 36
2535 36
2535 36
2535 36
2535 36
2535 36
2535 36
2535 37
2535 36
2535 36
2535 37
2535 37
2535 36
2535 36
2535 36
2535 36
2535 36
2535 36
2535 37
2535 36
2535 36
2535 36
2535 36
2535 36
2535 37
2535 36
2535 36
2535 36
2535 36
2535 37
2535 36
2535 36
2535 36
2535 36
2535 36
2535 36
2535 36
2535 36
2535 36
2535 37
2535 37
2535 36
2535 36
2535 37
2535 36
2540 34
2540 34
2540 34
2540 33
2540 33
2540 34
2540 33
2540 34
2540 33
2540 33
2540 34
2540 33
2540 34
2540 33
2540 34
2540 33
2540 33
2540 34
2540 33
2540 33
2540 33
2540 33
2540 34
2540 33
2540 34
2540 34
2540 34
2540 34
2540 33
2540 33
2540 33
2540 33
2540 34
2540 33
2540 34
2540 33
2540 33
2540 33
2540 33
2540 34
2540 33
2540 34
2540 34
2540 33
2540 34
2540 33
2540 34
2540 34
2540 33
2540 33
2540 34
2540 34
2540 34
2540 33
2540 34
2540 34
2540 33
2540 33
2540 33
2540 34
2540 33
2540 33
2540 33
2540 34
2540 33
2540 34
2540 33
2540 33
2540 34
2540 34
2540 33
2540 33
2540 34
2540 33
2540 33
2540 34
2540 33
2540 34
2540 33
2540 34
2540 34
2540 34
2540 33
2540 33
2540 33
2540 34
2540 34
2540 34
2540 34
2540 33
2540 34
2540 33
2540 34
2540 33
2540 34
2540 33
2540 33
2545 31
2545 31
2545 31
2545 31
2545 31
2545 31
2545 31
2545 31
2545 31
2545 31
2545 31
2545 31
2545 31
2545 31
2545 31
2545 31
2545 31
2545 31
2545 31
2545 31
2545 31
2545 31
2545 31
2545 31
2545 31
2545 31
2545 31
2545 32
2545 31
2545 31
2545 31
2545 31
2545 31
2545 32
2545 31
2545 31
2545 31
2545 31
2545 32
2545 31
2545 31
2545 31
2545 31
2545 31
2545 31
2545 30
2545 31
2545 31
2545 31
2545 31
2545 31
2545 31
2545 31
2545 31
2545 31
2545 31
2545 31
2545 31
2545 31
2545 31
2545 31
2545 31
2545 31
2545 31
2545 31
2545 31
2545 31
2545 31
2545 31
2545 31
2545 31
2545 31
2545 31
2545 31
2545 31
2545 32
2545 31
2545 31
2545 31
2545 31
2545 31
2545 31
2545 31
2545 31
2545 31
2545 31
2545 31
2545 31
2545 32
2545 31
2545 31
2545 31
2545 31
2545 31
2545 31
2545 31
2550 30
2550 30
2550 30
2550 30
2550 29
2550 30
2550 30
2550 30
2550 29
2550 29
2550 29
2550 29
2550 29
2550 30
2550 29
2550 30
2550 29
2550 30
2550 30
2550 29
2550 29
2550 29
2550 29
2550 29
2550 29
2550 29
2550 29
2550 29
2550 29
2550 29
2550 30
2550 29
2550 29
2550 30
2550 29
2550 29
2550 29
2550 29
2550 29
2550 29
2550 29
2550 29
2550 29
2550 29
2550 29
2550 30
2550 29
2550 29
2550 29
2550 29
2550 29
2550 29
2550 30
2550 29
2550 29
2550 30
2550 29
2550 29
2550 29
2550 29
2550 29
2550 29
2550 29
2550 29
2550 29
2550 29
2550 29
2550 30
2550 29
2550 30
2550 29
2550 29
2550 29
2550 29
2550 30
2550 29
2550 29
2550 29
2550 29
2550 29
2550 29
2550 30
2550 30
2550 29
2550 29
2550 29
2550 30
2550 29
2550 29
2550 29
2550 29
2550 30
2550 29
2550 29
2550 29
2550 29
2550 29
2550 30
2550 29
2555 27
2555 27
2555 28
2555 27
2555 27
2555 27
2555 27
2555 28
2555 27
2555 27
2555 28
2555 27
2555 28
2555 28
2555 27
2555 27
2555 28
2555 28
2555 27
2555 27
2555 27
2555 28
2555 27
2555 28
2555 27
2555 27
2555 27
2555 27
2555 27
2555 27
2555 27
2555 28
2555 27
2555 27
2555 27
2555 28
2555 27
2555 27
2555 27
2555 27
2555 27
2555 27
2555 27
2555 28
2555 27
2555 27
2555 28
2555 27
2555 27
2555 27
2555 27
2555 27
2555 27
2555 27
2555 27
2555 28
2555 28
2555 28
2555 27
2555 27
2555 27
2555 27
2555 27
2555 27
2555 28
2555 27
2555 28
2555 27
2555 27
2555 28
2555 28
2555 28
2555 27
2555 27
2555 27
2555 27
2555 28
2555 29
2555 27
2555 27
2555 27
2555 28
2555 27
2555 27
2555 27
2555 27
2555 28
2555 27
2555 27
2555 27
2555 27
2555 27
2555 27
2555 27
2555 28
2555 28
2555 29
2555 27
2560 25
2560 25
2560 25
2560 25
2560 25
2560 25
2560 25
2560 25
2560 25
2560 25
2560 25
2560 25
2560 25
2560 25
2560 25
2560 25
2560 25
2560 25
2560 25
2560 26
2560 25
2560 25
2560 26
2560 25
2560 25
2560 26
2560 25
2560 25
2560 25
2560 25
2560 25
2560 25
2560 25
2560 25
2560 25
2560 26
2560 25
2560 25
2560 25
2560 25
2560 25
2560 25
2560 25
2560 25
2560 25
2560 25
2560 25
2560 25
2560 25
2560 25
2560 25
2560 25
2560 25
2560 25
2560 25
2560 25
2560 25
2560 25
2560 26
2560 25
2560 25
2560 25
2560 25
2560 26
2560 25
2560 25
2560 25
2560 25
2560 25
2560 25
2560 25
2560 25
2560 25
2560 25
2560 25
2560 25
2560 26
2560 25
2560 25
2560 25
2560 25
2560 26
2560 25
2560 25
2560 26
2560 25
2560 25
2560 26
2560 26
2560 25
2560 25
2560 25
2560 26
2560 25
2560 25
2560 25
2560 25
2560 25
2565 24
2565 22
2565 22
2565 22
2565 24
2565 24
2565 22
2565 22
2565 24
2565 22
2565 22
2565 22
2565 23
2565 22
2565 22
2565 24
2565 24
2565 23
2565 24
2565 23
2565 22
2565 22
2565 22
2565 22
2565 22
2565 22
2565 22
2565 24
2565 22
2565 24
2565 22
2565 22
2565 22
2565 22
2565 24
2565 22
2565 23
2565 22
2565 24
2565 24
2565 22
2565 24
2565 24
2565 24
2565 22
2565 24
2565 23
2565 23
2565 22
2565 22
2565 22
2565 22
2565 22
2565 24
2565 22
2565 22
2565 23
2565 22
2565 22
2565 22
2565 22
2565 22
2565 22
2565 22
2565 22
2565 24
2565 22
2565 24
2565 23
2565 22
2565 23
2565 24
2565 22
2565 22
2565 22
2565 22
2565 22
2565 22
2565 24
2565 22
2565 23
2565 24
2565 22
2565 22
2565 24
2565 23
2565 22
2565 22
2565 22
2565 22
2565 24
2565 24
2565 24
2565 24
2565 24
2565 22
2570 22
2570 22
2570 22
2570 22
2570 22
2570 22
2570 22
2570 22
2570 22
2570 20
2570 22
2570 21
2570 22
2570 21
2570 22
2570 22
2570 22
2570 22
2570 22
2570 22
2570 20
2570 22
2570 22
2570 22
2570 22
2570 22
2570 22
2570 22
2570 22
2570 22
2570 22
2570 22
2570 22
2570 22
2570 22
2570 22
2570 22
2570 22
2570 22
2570 22
2570 22
2570 22
2570 21
2570 22
2570 22
2570 22
2570 22
2570 22
2570 22
2570 21
2570 22
2570 22
2570 22
2570 22
2570 22
2570 22
2570 22
2570 22
2570 22
2570 22
2570 22
2570 22
2570 22
2570 22
2570 22
2570 22
2570 22
2570 22
2570 22
2570 21
2570 22
2570 21
2570 22
2570 22
2570 22
2570 22
2570 22
2570 22
2570 22
2570 22
2570 22
2570 22
2570 22
2570 22
2570 22
2570 22
2570 21
2570 22
2570 22
2570 22
2570 22
2570 22
2570 20
2570 22
2570 22
2575 19
2575 20
2575 19
2575 19
2575 19
2575 19
2575 19
2575 20
2575 19
2575 19
2575 19
2575 19
2575 19
2575 19
2575 19
2575 20
2575 20
2575 19
2575 19
2575 19
2575 19
2575 19
2575 20
2575 19
2575 19
2575 19
2575 20
2575 20
2575 19
2575 19
2575 19
2575 20
2575 19
2575 19
2575 19
2575 19
2575 19
2575 19
2575 19
2575 20
2575 19
2575 20
2575 19
2575 20
2575 20
2575 19
2575 19
2575 19
2575 20
2575 19
2575 19
2575 20
2575 19
2575 20
2575 19
2575 19
2575 19
2575 20
2575 20
2575 19
2575 20
2575 19
2575 20
2575 19
2575 19
2575 19
2575 19
2575 20
2575 19
2575 19
2575 20
2575 20
2575 20
2575 19
2575 19
2575 19
2575 19
2575 19
2575 19
2575 20
2575 19
2575 20
2575 20
2575 19
2575 19
2575 19
2575 19
2575 19
2575 20
2575 19
2575 19
2575 20
2575 20
2575 19
2575 19
2575 20
2575 19
2575 19
2580 17
2580 17
2580 17
2580 17
2580 18
2580 16
2580 17
2580 17
2580 17
2580 17
2580 17
2580 17
2580 17
2580 16
2580 16
2580 16
2580 17
2580 17
2580 17
2580 17
2580 17
2580 17
2580 17
2580 17
2580 17
2580 17
2580 17
2580 17
2580 17
2580 16
2580 17
2580 18
2580 17
2580 17
2580 17
2580 17
2580 17
2580 17
2580 17
2580 16
2580 17
2580 17
2580 17
2580 17
2580 17
2580 17
2580 16
2580 17
2580 17
2580 17
2580 17
2580 17
2580 17
2580 17
2580 18
2580 17
2580 17
2580 17
2580 17
2580 18
2580 17
2580 16
2580 17
2580 18
2580 17
2580 17
2580 17
2580 16
2580 17
2580 17
2580 17
2580 17
2580 17
2580 17
2580 17
2580 17
2580 17
2580 17
2580 17
2580 17
2580 17
2580 17
2580 17
2580 17
2580 17
2580 17
2580 16
2580 16
2580 17
2580 17
2580 17
2580 17
2580 17
2585 15
2585 15
2585 15
2585 15
2585 15
2585 15
2585 15
2585 15
2585 15
2585 15
2585 15
2585 15
2585 15
2585 15
2585 16
2585 15
2585 15
2585 15
2585 15
2585 15
2585 15
2585 15
2585 15
2585 15
2585 15
2585 15
2585 15
2585 15
2585 15
2585 15
2585 15
2585 15
2585 15
2585 15
2585 15
2585 15
2585 15
2585 15
2585 15
2585 15
2585 15
2585 15
2585 15
2585 15
2585 15
2585 15
2585 15
2585 15
2585 15
2585 15
2585 16
2585 15
2585 15
2585 15
2585 15
2585 16
2585 15
2585 15
2585 15
2585 15
2585 15
2585 15
2585 15
2585 15
2585 15
2585 15
2585 15
2585 15
2585 15
2585 15
2585 16
2585 16
2585 15
2585 15
2585 15
2585 15
2585 15
2585 15
2585 15
2585 15
2585 15
2585 15
2585 15
2585 15
2585 15
2585 15
2585 15
2585 15
2585 15
2585 15
2585 15
2585 15
2585 15
2585 15
2585 15
2585 15
2585 15
2585 15
2585 15
2585 15
2590 14
2590 14
2590 14
2590 14
2590 14
2590 14
2590 14
2590 14
2590 14
2590 14
2590 14
2590 14
2590 14
2590 14
2590 14
2590 14
2590 14
2590 14
2590 14
2590 14
2590 14
2590 14
2590 13
2590 14
2590 14
2590 14
2590 14
2590 14
2590 14
2590 14
2590 14
2590 14
2590 14
2590 14
2590 14
2590 14
2590 14
2590 14
2590 14
2590 14
2590 14
2590 14
2590 14
2590 14
2590 14
2590 14
2590 14
2590 14
2590 14
2590 14
2590 14
2590 14
2590 14
2590 14
2590 14
2590 14
2590 14
2590 14
2590 14
2590 14
2590 14
2590 14
2590 14
2590 14
2590 14
2590 14
2590 13
2590 14
2590 14
2590 14
2590 14
2590 14
2590 14
2590 14
2590 14
2590 14
2590 14
2590 14
2590 14
2590 14
2590 14
2590 14
2590 14
2590 14
2590 14
2590 14
2590 14
2590 14
2590 14
2590 14
2590 14
2590 14
2590 14
2590 14
2590 14
2590 14
2590 14
2590 14
2595 12
2595 11
2595 11
2595 11
2595 11
2595 11
2595 11
2595 11
2595 11
2595 13
2595 11
2595 11
2595 12
2595 12
2595 11
2595 11
2595 11
2595 11
2595 11
2595 11
2595 11
2595 11
2595 11
2595 12
2595 11
2595 12
2595 11
2595 11
2595 12
2595 11
2595 11
2595 12
2595 12
2595 12
2595 11
2595 12
2595 12
2595 11
2595 11
2595 12
2595 11
2595 12
2595 12
2595 11
2595 12
2595 11
2595 12
2595 11
2595 12
2595 12
2595 11
2595 12
2595 11
2595 12
2595 12
2595 11
2595 12
2595 11
2595 12
2595 11
2595 11
2595 11
2595 12
2595 11
2595 11
2595 11
2595 11
2595 11
2595 11
2595 12
2595 12
2595 11
2595 11
2595 12
2595 12
2595 11
2595 11
2595 11
2595 12
2595 11
2595 12
2595 12
2595 11
2595 11
2595 12
2595 12
2595 11
2595 12
2595 12
2595 12
2595 11
2595 11
2595 11
2595 12
2595 12
2595 12
2595 12
2595 12
2595 12
2600 9
2600 9
2600 9
2600 9
2600 9
2600 9
2600 10
2600 10
2600 10
2600 9
2600 9
2600 9
2600 9
2600 9
2600 9
2600 10
2600 9
2600 9
2600 9
2600 9
2600 9
2600 10
2600 10
2600 9
2600 9
2600 9
2600 9
2600 10
2600 9
2600 9
2600 9
2600 9
2600 9
2600 9
2600 10
2600 9
2600 9
2600 9
2600 9
2600 9
2600 9
2600 9
2600 9
2600 9
2600 9
2600 9
2600 9
2600 9
2600 9
2600 9
2600 9
2600 9
2600 9
2600 9
2600 9
2600 9
2600 9
2600 9
2600 9
2600 10
2600 9
2600 9
2600 9
2600 9
2600 9
2600 9
2600 10
2600 9
2600 9
2600 9
2600 9
2600 9
2600 9
2600 9
2600 9
2600 9
2600 9
2600 9
2600 9
2600 9
2600 9
2600 9
2600 10
2600 10
2600 9
2600 9
2600 9
2600 9
2600 9
2600 9
2600 9
2600 9
2600 9
2600 9
2600 9
2600 9
2600 9
2605 6
2605 6
2605 7
2605 6
2605 7
2605 7
2605 7
2605 7
2605 8
2605 8
2605 7
2605 7
2605 7
2605 7
2605 8
2605 7
2605 7
2605 7
2605 7
2605 7
2605 7
2605 7
2605 7
2605 7
2605 7
2605 8
2605 7
2605 8
2605 7
2605 7
2605 7
2605 8
2605 7
2605 7
2605 7
2605 7
2605 7
2605 7
2605 7
2605 7
2605 7
2605 7
2605 7
2605 8
2605 7
2605 7
2605 7
2605 6
2605 7
2605 7
2605 7
2605 8
2605 8
2605 7
2605 8
2605 8
2605 7
2605 8
2605 7
2605 7
2605 7
2605 8
2605 7
2605 7
2605 8
2605 7
2605 7
2605 7
2605 7
2605 8
2605 7
2605 7
2605 7
2605 7
2605 8
2605 7
2605 7
2605 7
2605 7
2605 8
2605 7
2605 8
2605 7
2605 7
2605 8
2605 7
2605 7
2605 7
2605 7
2605 7
2605 7
2605 7
2605 8
2605 7
2605 8
2605 7
2605 7
2610 6
2610 6
2610 5
2610 5
2610 5
2610 6
2610 5
2610 5
2610 5
2610 5
2610 6
2610 6
2610 5
2610 6
2610 6
2610 5
2610 5
2610 6
2610 5
2610 6
2610 6
2610 5
2610 5
2610 6
2610 6
2610 6
2610 5
2610 6
2610 6
2610 6
2610 5
2610 6
2610 5
2610 6
2610 6
2610 5
2610 6
2610 5
2610 6
2610 6
2610 6
2610 5
2610 6
2610 6
2610 6
2610 5
2610 5
2610 5
2610 5
2610 6
2610 6
2610 5
2610 6
2610 6
2610 5
2610 6
2610 5
2610 6
2610 6
2610 6
2610 6
2610 6
2610 6
2610 6
2610 5
2610 6
2610 5
2610 6
2610 6
2610 6
2610 6
2610 5
2610 6
2610 5
2610 5
2610 6
2610 6
2610 5
2610 5
2610 5
2610 6
2610 6
2610 6
2610 6
2610 6
2610 5
2610 6
2610 5
2610 6
2610 5
2610 5
2610 6
2610 5
2615 5
2615 5
2615 5
2615 4
2615 5
2615 5
2615 10
2615 5
2615 5
2615 5
2615 5
2615 5
2615 8
2615 5
2615 7
2615 5
2615 6
2615 4
2615 4
2615 5
2615 7
2615 5
2615 4
2615 5
2615 5
2615 11
2615 5
2615 5
2615 6
2615 5
2615 5
2615 5
2615 5
2615 5
2615 5
2615 5
2615 5
2615 13
2615 5
2615 6
2620 0
