TOA measurement vs Delay ---- Mon Jun 15 00:58:41 2020
Pixel = 0
config file = config/asic_config_B4.yml
NofIterations = 100
LSBest = 25.115756275592865
mean value = [  0.           0.           0.           0.           0.
   0.           0.           0.           0.           0.
   0.           0.           0.           0.           0.
   0.           0.           0.         125.75294118 124.17
 121.88       120.63       118.6        116.68       114.51
 112.1        110.89       109.57       106.17171717 104.84
 103.6        101.08        98.78787879  96.49        94.94949495
  93.26        90.89        89.52525253  87.24        85.42
  83.45        81.44        79.90909091  78.25        75.11
  73.76        72.48        70.50505051  68.          66.1010101
  64.04        62.32        59.74        58.03        56.96
  54.85        52.17        50.94        48.96        47.51
  45.89        43.1         41.75757576  40.38        37.87
  35.97        34.26        32.02        30.          27.98989899
  26.48        25.23        22.99        21.07        19.78571429
  17.86        15.64        14.03030303  12.06        10.07
   8.17         6.08080808   4.10204082   0.           0.
   0.           0.           0.           0.           0.
   0.           0.           0.           0.           0.
   0.           0.           0.           0.           0.        ]
sigma = [0.         0.         0.         0.         0.         0.
 0.         0.         0.         0.         0.         0.
 0.         0.         0.         0.         0.         0.
 0.71038596 0.75128778 0.59070579 0.88115455 0.72341781 0.61719797
 0.68791957 0.70237692 0.54884728 0.86512042 0.63826476 0.59810813
 0.85049005 0.64570375 0.657478   0.70230573 0.48197274 0.70408333
 0.44859038 0.78455333 0.69694572 0.69780609 0.70059499 0.6706216
 0.45429286 0.60896086 0.6010269  0.55293158 0.62684395 0.84684486
 0.49328829 0.57944504 0.54930259 0.61719797 0.62907339 0.41525093
 0.49166384 0.53928966 0.5695905  0.37380922 0.5115988  0.61092826
 0.5111099  0.48304589 0.53590119 0.58217981 0.56252407 0.43867224
 0.56190153 0.51277025 0.49492373 0.69077543 0.57700376 0.52955957
 0.48294237 0.43408908 0.5016978  0.63540014 0.56011903 0.3645821
 0.83650065 0.456545   0.47374395 0.48828224 0.41828438 0.
 0.         0.         0.         0.         0.         0.
 0.         0.         0.         0.         0.         0.
 0.         0.         0.         0.        ]
Pulse delay   TOA 
2285 126
2285 126
2285 126
2285 126
2285 126
2285 126
2285 126
2290 126
2290 125
2290 126
2290 126
2290 124
2290 126
2290 126
2290 126
2290 125
2290 126
2290 124
2290 126
2290 125
2290 126
2290 126
2290 126
2290 126
2290 126
2290 126
2290 126
2290 126
2290 126
2290 124
2290 126
2290 126
2290 126
2290 126
2290 125
2290 126
2290 126
2290 126
2290 126
2290 126
2290 126
2290 124
2290 126
2290 126
2290 126
2290 126
2290 126
2290 126
2290 124
2290 126
2290 126
2290 126
2290 126
2290 126
2290 126
2290 126
2290 126
2290 126
2290 126
2290 126
2290 126
2290 126
2290 124
2290 126
2290 126
2290 126
2290 124
2290 126
2290 126
2290 126
2290 126
2290 126
2290 126
2290 126
2290 126
2290 126
2290 126
2290 126
2290 126
2290 126
2290 126
2290 126
2290 126
2290 126
2290 126
2290 126
2290 126
2290 126
2290 126
2290 126
2290 126
2290 123
2295 123
2295 124
2295 124
2295 122
2295 124
2295 124
2295 124
2295 124
2295 125
2295 124
2295 124
2295 124
2295 125
2295 125
2295 123
2295 122
2295 125
2295 124
2295 125
2295 123
2295 124
2295 124
2295 124
2295 124
2295 125
2295 125
2295 124
2295 124
2295 124
2295 124
2295 124
2295 124
2295 125
2295 125
2295 125
2295 125
2295 124
2295 125
2295 123
2295 125
2295 125
2295 125
2295 124
2295 124
2295 124
2295 123
2295 125
2295 125
2295 124
2295 124
2295 124
2295 124
2295 125
2295 124
2295 124
2295 125
2295 124
2295 123
2295 123
2295 124
2295 124
2295 122
2295 124
2295 125
2295 124
2295 124
2295 124
2295 125
2295 125
2295 125
2295 124
2295 124
2295 125
2295 124
2295 124
2295 124
2295 125
2295 125
2295 125
2295 125
2295 124
2295 124
2295 124
2295 124
2295 124
2295 124
2295 124
2295 125
2295 123
2295 124
2295 124
2295 124
2295 124
2295 125
2295 124
2295 124
2295 124
2295 124
2295 124
2295 125
2300 122
2300 122
2300 122
2300 122
2300 122
2300 122
2300 122
2300 121
2300 121
2300 122
2300 122
2300 120
2300 119
2300 122
2300 122
2300 121
2300 121
2300 122
2300 122
2300 122
2300 122
2300 122
2300 122
2300 122
2300 122
2300 122
2300 122
2300 122
2300 122
2300 122
2300 122
2300 122
2300 122
2300 122
2300 121
2300 122
2300 122
2300 122
2300 122
2300 122
2300 122
2300 122
2300 122
2300 122
2300 122
2300 122
2300 122
2300 122
2300 122
2300 122
2300 122
2300 122
2300 122
2300 122
2300 122
2300 122
2300 122
2300 122
2300 122
2300 119
2300 123
2300 122
2300 122
2300 122
2300 122
2300 122
2300 122
2300 122
2300 122
2300 122
2300 122
2300 122
2300 122
2300 122
2300 122
2300 122
2300 122
2300 122
2300 122
2300 122
2300 122
2300 122
2300 122
2300 122
2300 122
2300 122
2300 122
2300 122
2300 122
2300 122
2300 122
2300 122
2300 122
2300 122
2300 122
2300 122
2300 122
2300 122
2300 122
2300 122
2305 121
2305 121
2305 121
2305 119
2305 121
2305 121
2305 120
2305 121
2305 120
2305 120
2305 120
2305 121
2305 121
2305 121
2305 121
2305 121
2305 121
2305 121
2305 121
2305 121
2305 121
2305 121
2305 121
2305 120
2305 121
2305 121
2305 121
2305 121
2305 121
2305 121
2305 121
2305 120
2305 121
2305 121
2305 118
2305 120
2305 119
2305 121
2305 121
2305 121
2305 121
2305 121
2305 121
2305 121
2305 121
2305 121
2305 121
2305 118
2305 121
2305 120
2305 121
2305 121
2305 121
2305 121
2305 121
2305 121
2305 121
2305 120
2305 121
2305 121
2305 121
2305 119
2305 121
2305 121
2305 121
2305 121
2305 121
2305 121
2305 119
2305 121
2305 121
2305 121
2305 121
2305 121
2305 121
2305 121
2305 121
2305 121
2305 121
2305 121
2305 118
2305 120
2305 121
2305 119
2305 121
2305 121
2305 121
2305 121
2305 121
2305 118
2305 121
2305 121
2305 121
2305 121
2305 121
2305 120
2305 121
2305 121
2305 121
2305 117
2310 119
2310 118
2310 119
2310 118
2310 119
2310 119
2310 119
2310 119
2310 118
2310 118
2310 116
2310 119
2310 119
2310 119
2310 118
2310 119
2310 119
2310 116
2310 118
2310 117
2310 118
2310 119
2310 119
2310 119
2310 119
2310 118
2310 119
2310 119
2310 119
2310 119
2310 119
2310 119
2310 119
2310 119
2310 118
2310 118
2310 119
2310 119
2310 116
2310 118
2310 118
2310 118
2310 118
2310 119
2310 118
2310 119
2310 119
2310 119
2310 119
2310 119
2310 119
2310 118
2310 119
2310 119
2310 119
2310 119
2310 119
2310 119
2310 119
2310 119
2310 119
2310 119
2310 119
2310 118
2310 119
2310 118
2310 118
2310 119
2310 119
2310 119
2310 119
2310 118
2310 119
2310 119
2310 119
2310 119
2310 119
2310 119
2310 119
2310 119
2310 119
2310 118
2310 118
2310 119
2310 119
2310 119
2310 118
2310 118
2310 118
2310 119
2310 119
2310 119
2310 118
2310 119
2310 119
2310 118
2310 119
2310 119
2310 118
2310 118
2315 117
2315 116
2315 117
2315 116
2315 116
2315 116
2315 117
2315 117
2315 117
2315 117
2315 117
2315 117
2315 117
2315 117
2315 117
2315 117
2315 117
2315 117
2315 117
2315 117
2315 117
2315 116
2315 117
2315 117
2315 117
2315 117
2315 117
2315 117
2315 117
2315 117
2315 116
2315 117
2315 116
2315 117
2315 117
2315 117
2315 117
2315 117
2315 117
2315 116
2315 116
2315 116
2315 115
2315 117
2315 116
2315 117
2315 117
2315 117
2315 117
2315 117
2315 116
2315 117
2315 117
2315 117
2315 116
2315 117
2315 117
2315 117
2315 115
2315 116
2315 116
2315 117
2315 116
2315 117
2315 116
2315 117
2315 116
2315 116
2315 117
2315 116
2315 115
2315 117
2315 117
2315 117
2315 117
2315 117
2315 117
2315 117
2315 117
2315 117
2315 117
2315 116
2315 117
2315 117
2315 117
2315 117
2315 117
2315 117
2315 117
2315 116
2315 117
2315 115
2315 117
2315 117
2315 117
2315 117
2315 116
2315 117
2315 117
2315 116
2320 114
2320 114
2320 114
2320 115
2320 112
2320 114
2320 114
2320 115
2320 115
2320 115
2320 114
2320 114
2320 115
2320 115
2320 115
2320 114
2320 115
2320 114
2320 115
2320 114
2320 114
2320 114
2320 115
2320 115
2320 115
2320 114
2320 114
2320 115
2320 114
2320 114
2320 115
2320 115
2320 115
2320 115
2320 114
2320 115
2320 115
2320 114
2320 114
2320 114
2320 115
2320 115
2320 114
2320 115
2320 114
2320 115
2320 114
2320 114
2320 114
2320 115
2320 115
2320 114
2320 114
2320 115
2320 114
2320 115
2320 114
2320 115
2320 114
2320 115
2320 114
2320 115
2320 114
2320 114
2320 115
2320 112
2320 115
2320 115
2320 114
2320 115
2320 115
2320 115
2320 114
2320 115
2320 113
2320 115
2320 114
2320 115
2320 114
2320 115
2320 114
2320 115
2320 115
2320 115
2320 115
2320 114
2320 115
2320 114
2320 114
2320 115
2320 115
2320 115
2320 115
2320 115
2320 115
2320 115
2320 115
2320 115
2320 115
2320 115
2325 113
2325 112
2325 112
2325 112
2325 112
2325 112
2325 113
2325 112
2325 112
2325 112
2325 112
2325 112
2325 113
2325 112
2325 112
2325 112
2325 113
2325 111
2325 112
2325 113
2325 112
2325 112
2325 112
2325 113
2325 112
2325 112
2325 112
2325 112
2325 112
2325 112
2325 112
2325 112
2325 112
2325 111
2325 113
2325 112
2325 113
2325 113
2325 112
2325 113
2325 111
2325 112
2325 113
2325 112
2325 113
2325 112
2325 112
2325 112
2325 112
2325 113
2325 111
2325 112
2325 110
2325 112
2325 112
2325 112
2325 112
2325 112
2325 111
2325 112
2325 112
2325 113
2325 112
2325 112
2325 111
2325 112
2325 112
2325 112
2325 112
2325 112
2325 112
2325 112
2325 110
2325 112
2325 113
2325 112
2325 112
2325 113
2325 112
2325 112
2325 112
2325 112
2325 112
2325 113
2325 111
2325 112
2325 112
2325 112
2325 112
2325 113
2325 113
2325 112
2325 112
2325 110
2325 113
2325 113
2325 113
2325 112
2325 113
2325 112
2330 111
2330 111
2330 111
2330 111
2330 111
2330 111
2330 111
2330 111
2330 110
2330 111
2330 111
2330 111
2330 111
2330 111
2330 111
2330 111
2330 111
2330 111
2330 111
2330 112
2330 111
2330 111
2330 111
2330 111
2330 111
2330 111
2330 111
2330 110
2330 111
2330 111
2330 111
2330 111
2330 111
2330 111
2330 111
2330 111
2330 111
2330 111
2330 109
2330 111
2330 111
2330 111
2330 110
2330 109
2330 110
2330 111
2330 111
2330 111
2330 111
2330 111
2330 111
2330 111
2330 111
2330 111
2330 110
2330 111
2330 111
2330 111
2330 111
2330 111
2330 109
2330 111
2330 111
2330 110
2330 110
2330 111
2330 111
2330 111
2330 111
2330 111
2330 111
2330 111
2330 111
2330 111
2330 110
2330 112
2330 111
2330 111
2330 111
2330 111
2330 111
2330 111
2330 111
2330 111
2330 111
2330 111
2330 111
2330 111
2330 111
2330 111
2330 111
2330 111
2330 111
2330 111
2330 111
2330 111
2330 111
2330 111
2330 111
2330 112
2335 110
2335 107
2335 109
2335 110
2335 109
2335 110
2335 109
2335 107
2335 109
2335 110
2335 110
2335 110
2335 109
2335 110
2335 110
2335 110
2335 110
2335 110
2335 110
2335 110
2335 110
2335 110
2335 110
2335 109
2335 110
2335 109
2335 109
2335 110
2335 110
2335 109
2335 110
2335 110
2335 110
2335 110
2335 110
2335 110
2335 110
2335 110
2335 109
2335 110
2335 110
2335 110
2335 109
2335 110
2335 110
2335 110
2335 109
2335 110
2335 109
2335 110
2335 109
2335 109
2335 110
2335 109
2335 110
2335 110
2335 110
2335 110
2335 109
2335 109
2335 110
2335 110
2335 109
2335 110
2335 109
2335 110
2335 110
2335 110
2335 107
2335 109
2335 110
2335 110
2335 110
2335 110
2335 110
2335 110
2335 110
2335 107
2335 110
2335 110
2335 110
2335 110
2335 110
2335 110
2335 110
2335 107
2335 107
2335 110
2335 110
2335 110
2335 110
2335 110
2335 110
2335 110
2335 107
2335 109
2335 110
2335 110
2335 110
2335 110
2340 106
2340 106
2340 106
2340 106
2340 106
2340 107
2340 106
2340 106
2340 107
2340 106
2340 106
2340 107
2340 105
2340 106
2340 106
2340 107
2340 106
2340 107
2340 106
2340 107
2340 106
2340 106
2340 106
2340 106
2340 106
2340 107
2340 106
2340 106
2340 106
2340 107
2340 106
2340 106
2340 106
2340 106
2340 107
2340 106
2340 106
2340 106
2340 106
2340 106
2340 106
2340 107
2340 106
2340 106
2340 106
2340 106
2340 106
2340 106
2340 107
2340 105
2340 106
2340 107
2340 106
2340 106
2340 106
2340 106
2340 106
2340 106
2340 107
2340 107
2340 106
2340 106
2340 104
2340 106
2340 106
2340 107
2340 106
2340 106
2340 106
2340 107
2340 106
2340 106
2340 106
2340 107
2340 106
2340 107
2340 106
2340 106
2340 106
2340 107
2340 107
2340 106
2340 107
2340 106
2340 106
2340 106
2340 106
2340 106
2340 106
2340 105
2340 104
2340 106
2340 106
2340 107
2340 106
2340 106
2340 107
2340 107
2340 106
2345 105
2345 105
2345 105
2345 105
2345 105
2345 105
2345 105
2345 105
2345 103
2345 105
2345 105
2345 105
2345 105
2345 105
2345 105
2345 105
2345 105
2345 105
2345 105
2345 104
2345 105
2345 105
2345 105
2345 105
2345 105
2345 104
2345 104
2345 105
2345 102
2345 105
2345 105
2345 105
2345 105
2345 105
2345 105
2345 105
2345 105
2345 105
2345 105
2345 105
2345 105
2345 104
2345 105
2345 105
2345 105
2345 105
2345 105
2345 105
2345 105
2345 105
2345 105
2345 105
2345 104
2345 105
2345 105
2345 105
2345 105
2345 105
2345 105
2345 105
2345 105
2345 105
2345 105
2345 105
2345 105
2345 105
2345 105
2345 105
2345 105
2345 105
2345 104
2345 105
2345 105
2345 105
2345 102
2345 105
2345 105
2345 105
2345 105
2345 105
2345 105
2345 104
2345 105
2345 105
2345 105
2345 105
2345 105
2345 105
2345 105
2345 105
2345 105
2345 105
2345 105
2345 105
2345 104
2345 105
2345 105
2345 105
2345 105
2345 105
2350 104
2350 104
2350 104
2350 101
2350 101
2350 103
2350 104
2350 103
2350 104
2350 104
2350 104
2350 104
2350 104
2350 104
2350 103
2350 104
2350 104
2350 104
2350 104
2350 104
2350 104
2350 103
2350 104
2350 104
2350 104
2350 104
2350 104
2350 104
2350 103
2350 104
2350 104
2350 103
2350 104
2350 104
2350 104
2350 103
2350 104
2350 104
2350 104
2350 104
2350 104
2350 103
2350 104
2350 104
2350 104
2350 104
2350 103
2350 104
2350 104
2350 104
2350 103
2350 104
2350 104
2350 104
2350 104
2350 104
2350 104
2350 101
2350 104
2350 104
2350 104
2350 104
2350 101
2350 103
2350 104
2350 103
2350 104
2350 103
2350 104
2350 104
2350 104
2350 104
2350 104
2350 103
2350 104
2350 101
2350 104
2350 101
2350 104
2350 104
2350 102
2350 103
2350 104
2350 103
2350 104
2350 104
2350 104
2350 104
2350 104
2350 104
2350 104
2350 104
2350 104
2350 103
2350 104
2350 102
2350 104
2350 104
2350 103
2350 104
2355 101
2355 101
2355 100
2355 102
2355 101
2355 101
2355 102
2355 101
2355 101
2355 101
2355 101
2355 101
2355 101
2355 101
2355 101
2355 101
2355 102
2355 101
2355 101
2355 101
2355 101
2355 101
2355 101
2355 102
2355 101
2355 100
2355 101
2355 101
2355 101
2355 101
2355 101
2355 100
2355 101
2355 101
2355 101
2355 101
2355 102
2355 101
2355 101
2355 102
2355 101
2355 101
2355 101
2355 101
2355 101
2355 102
2355 101
2355 102
2355 101
2355 102
2355 101
2355 101
2355 101
2355 101
2355 101
2355 102
2355 99
2355 100
2355 102
2355 100
2355 101
2355 101
2355 99
2355 101
2355 102
2355 101
2355 102
2355 101
2355 101
2355 101
2355 101
2355 102
2355 101
2355 101
2355 100
2355 101
2355 102
2355 101
2355 101
2355 101
2355 101
2355 101
2355 102
2355 101
2355 101
2355 101
2355 101
2355 102
2355 101
2355 101
2355 101
2355 101
2355 101
2355 101
2355 101
2355 101
2355 102
2355 100
2355 102
2355 101
2360 99
2360 99
2360 99
2360 99
2360 97
2360 99
2360 99
2360 99
2360 99
2360 99
2360 99
2360 99
2360 99
2360 99
2360 99
2360 99
2360 97
2360 99
2360 99
2360 99
2360 99
2360 99
2360 98
2360 99
2360 99
2360 99
2360 98
2360 99
2360 99
2360 98
2360 99
2360 98
2360 96
2360 99
2360 99
2360 99
2360 99
2360 99
2360 99
2360 98
2360 99
2360 100
2360 99
2360 99
2360 98
2360 99
2360 99
2360 99
2360 98
2360 98
2360 99
2360 98
2360 99
2360 98
2360 99
2360 98
2360 99
2360 99
2360 99
2360 99
2360 99
2360 98
2360 100
2360 98
2360 99
2360 98
2360 99
2360 99
2360 99
2360 99
2360 99
2360 99
2360 98
2360 99
2360 99
2360 99
2360 99
2360 99
2360 99
2360 98
2360 100
2360 99
2360 99
2360 99
2360 99
2360 99
2360 99
2360 99
2360 98
2360 99
2360 98
2360 99
2360 99
2360 99
2360 99
2360 99
2360 100
2360 99
2360 99
2365 96
2365 96
2365 97
2365 97
2365 96
2365 97
2365 97
2365 97
2365 96
2365 97
2365 96
2365 97
2365 97
2365 97
2365 97
2365 96
2365 96
2365 95
2365 96
2365 97
2365 97
2365 96
2365 97
2365 97
2365 96
2365 96
2365 96
2365 97
2365 97
2365 97
2365 97
2365 97
2365 97
2365 97
2365 96
2365 97
2365 97
2365 96
2365 96
2365 97
2365 95
2365 96
2365 96
2365 97
2365 97
2365 97
2365 97
2365 97
2365 96
2365 97
2365 97
2365 97
2365 95
2365 96
2365 96
2365 96
2365 97
2365 96
2365 98
2365 96
2365 96
2365 95
2365 96
2365 96
2365 97
2365 96
2365 96
2365 97
2365 96
2365 96
2365 97
2365 96
2365 97
2365 97
2365 96
2365 97
2365 96
2365 97
2365 96
2365 97
2365 96
2365 97
2365 97
2365 97
2365 96
2365 96
2365 97
2365 97
2365 98
2365 96
2365 96
2365 97
2365 97
2365 97
2365 95
2365 95
2365 96
2365 97
2365 96
2365 97
2370 96
2370 95
2370 95
2370 95
2370 95
2370 95
2370 95
2370 95
2370 95
2370 95
2370 95
2370 95
2370 95
2370 95
2370 95
2370 95
2370 95
2370 95
2370 96
2370 95
2370 95
2370 95
2370 95
2370 95
2370 95
2370 95
2370 95
2370 95
2370 96
2370 95
2370 94
2370 95
2370 95
2370 95
2370 95
2370 94
2370 94
2370 95
2370 95
2370 95
2370 94
2370 95
2370 95
2370 95
2370 95
2370 95
2370 95
2370 95
2370 95
2370 95
2370 95
2370 95
2370 95
2370 95
2370 95
2370 95
2370 95
2370 95
2370 95
2370 95
2370 95
2370 95
2370 95
2370 95
2370 95
2370 95
2370 93
2370 95
2370 95
2370 95
2370 95
2370 95
2370 95
2370 95
2370 93
2370 95
2370 95
2370 95
2370 95
2370 95
2370 95
2370 95
2370 95
2370 95
2370 95
2370 95
2370 95
2370 95
2370 95
2370 95
2370 95
2370 95
2370 95
2370 95
2370 95
2370 95
2370 95
2370 95
2370 95
2375 93
2375 91
2375 93
2375 93
2375 94
2375 94
2375 94
2375 94
2375 93
2375 93
2375 93
2375 94
2375 93
2375 93
2375 94
2375 94
2375 93
2375 92
2375 92
2375 94
2375 93
2375 93
2375 93
2375 94
2375 93
2375 93
2375 93
2375 93
2375 93
2375 93
2375 93
2375 94
2375 94
2375 94
2375 93
2375 94
2375 93
2375 93
2375 94
2375 93
2375 93
2375 93
2375 93
2375 93
2375 93
2375 93
2375 93
2375 93
2375 93
2375 93
2375 93
2375 94
2375 91
2375 93
2375 94
2375 93
2375 93
2375 93
2375 93
2375 94
2375 93
2375 94
2375 94
2375 94
2375 93
2375 93
2375 94
2375 93
2375 93
2375 94
2375 93
2375 94
2375 91
2375 93
2375 93
2375 94
2375 93
2375 93
2375 93
2375 94
2375 93
2375 94
2375 93
2375 94
2375 93
2375 93
2375 93
2375 94
2375 93
2375 93
2375 94
2375 94
2375 93
2375 93
2375 94
2375 93
2375 93
2375 94
2375 94
2375 94
2380 91
2380 91
2380 91
2380 91
2380 91
2380 90
2380 91
2380 91
2380 91
2380 91
2380 91
2380 91
2380 91
2380 90
2380 91
2380 91
2380 91
2380 91
2380 91
2380 91
2380 91
2380 91
2380 91
2380 91
2380 91
2380 91
2380 91
2380 91
2380 91
2380 91
2380 91
2380 91
2380 91
2380 91
2380 91
2380 91
2380 91
2380 91
2380 91
2380 91
2380 91
2380 91
2380 91
2380 91
2380 91
2380 90
2380 91
2380 90
2380 91
2380 91
2380 91
2380 90
2380 91
2380 91
2380 91
2380 91
2380 91
2380 91
2380 91
2380 91
2380 91
2380 91
2380 91
2380 90
2380 91
2380 91
2380 91
2380 91
2380 91
2380 91
2380 91
2380 91
2380 91
2380 91
2380 91
2380 91
2380 91
2380 89
2380 90
2380 91
2380 91
2380 91
2380 91
2380 91
2380 91
2380 91
2380 91
2380 90
2380 91
2380 91
2380 91
2380 91
2380 91
2380 91
2380 91
2380 91
2380 91
2380 90
2380 91
2380 91
2385 89
2385 89
2385 90
2385 90
2385 90
2385 89
2385 89
2385 90
2385 90
2385 90
2385 90
2385 87
2385 89
2385 89
2385 90
2385 90
2385 90
2385 87
2385 90
2385 90
2385 87
2385 89
2385 89
2385 89
2385 90
2385 90
2385 89
2385 89
2385 90
2385 90
2385 90
2385 89
2385 90
2385 89
2385 90
2385 89
2385 90
2385 90
2385 90
2385 90
2385 90
2385 90
2385 90
2385 90
2385 90
2385 90
2385 90
2385 89
2385 90
2385 89
2385 89
2385 88
2385 90
2385 90
2385 90
2385 89
2385 87
2385 90
2385 90
2385 89
2385 90
2385 90
2385 89
2385 90
2385 90
2385 90
2385 90
2385 90
2385 89
2385 90
2385 89
2385 90
2385 89
2385 90
2385 90
2385 90
2385 90
2385 90
2385 90
2385 90
2385 89
2385 90
2385 90
2385 89
2385 90
2385 89
2385 90
2385 90
2385 90
2385 90
2385 89
2385 90
2385 89
2385 89
2385 88
2385 89
2385 90
2385 90
2385 89
2390 87
2390 87
2390 87
2390 87
2390 88
2390 88
2390 88
2390 86
2390 86
2390 87
2390 87
2390 88
2390 89
2390 87
2390 88
2390 87
2390 87
2390 87
2390 87
2390 88
2390 87
2390 88
2390 87
2390 88
2390 87
2390 88
2390 88
2390 87
2390 88
2390 87
2390 87
2390 88
2390 87
2390 87
2390 87
2390 87
2390 87
2390 87
2390 88
2390 87
2390 87
2390 87
2390 87
2390 87
2390 86
2390 87
2390 88
2390 88
2390 88
2390 87
2390 88
2390 88
2390 87
2390 87
2390 88
2390 87
2390 88
2390 87
2390 85
2390 87
2390 87
2390 88
2390 88
2390 85
2390 89
2390 87
2390 87
2390 87
2390 88
2390 87
2390 87
2390 87
2390 87
2390 88
2390 87
2390 87
2390 87
2390 87
2390 87
2390 87
2390 87
2390 87
2390 87
2390 87
2390 87
2390 87
2390 87
2390 87
2390 88
2390 87
2390 87
2390 87
2390 87
2390 87
2390 87
2390 88
2390 88
2390 87
2390 87
2390 87
2395 85
2395 85
2395 86
2395 86
2395 86
2395 85
2395 86
2395 85
2395 85
2395 86
2395 86
2395 86
2395 85
2395 85
2395 86
2395 85
2395 85
2395 85
2395 86
2395 85
2395 85
2395 85
2395 85
2395 86
2395 86
2395 86
2395 87
2395 86
2395 86
2395 86
2395 85
2395 85
2395 86
2395 85
2395 85
2395 85
2395 85
2395 86
2395 86
2395 86
2395 85
2395 85
2395 84
2395 85
2395 85
2395 85
2395 86
2395 85
2395 86
2395 85
2395 87
2395 84
2395 85
2395 85
2395 85
2395 85
2395 86
2395 85
2395 85
2395 86
2395 86
2395 85
2395 86
2395 85
2395 84
2395 85
2395 86
2395 86
2395 85
2395 85
2395 85
2395 86
2395 86
2395 86
2395 85
2395 84
2395 84
2395 85
2395 86
2395 85
2395 85
2395 85
2395 86
2395 85
2395 86
2395 84
2395 86
2395 86
2395 85
2395 86
2395 86
2395 85
2395 86
2395 86
2395 86
2395 86
2395 86
2395 86
2395 85
2395 86
2400 83
2400 81
2400 82
2400 83
2400 83
2400 84
2400 84
2400 83
2400 83
2400 84
2400 83
2400 84
2400 84
2400 84
2400 84
2400 84
2400 82
2400 84
2400 84
2400 84
2400 84
2400 83
2400 84
2400 83
2400 83
2400 84
2400 84
2400 83
2400 83
2400 82
2400 84
2400 84
2400 83
2400 84
2400 83
2400 83
2400 83
2400 83
2400 84
2400 84
2400 83
2400 83
2400 84
2400 84
2400 84
2400 84
2400 83
2400 83
2400 84
2400 84
2400 84
2400 84
2400 84
2400 83
2400 84
2400 82
2400 84
2400 83
2400 83
2400 84
2400 83
2400 84
2400 84
2400 83
2400 83
2400 83
2400 83
2400 83
2400 83
2400 83
2400 84
2400 84
2400 83
2400 83
2400 82
2400 83
2400 84
2400 83
2400 84
2400 83
2400 84
2400 84
2400 84
2400 84
2400 84
2400 84
2400 84
2400 83
2400 83
2400 84
2400 84
2400 83
2400 84
2400 83
2400 83
2400 84
2400 84
2400 84
2400 83
2400 84
2405 81
2405 81
2405 82
2405 81
2405 80
2405 82
2405 80
2405 82
2405 81
2405 81
2405 82
2405 82
2405 82
2405 82
2405 82
2405 82
2405 81
2405 81
2405 82
2405 82
2405 82
2405 81
2405 82
2405 81
2405 82
2405 81
2405 82
2405 81
2405 81
2405 82
2405 82
2405 81
2405 82
2405 81
2405 81
2405 81
2405 81
2405 82
2405 80
2405 81
2405 82
2405 81
2405 81
2405 81
2405 82
2405 80
2405 82
2405 82
2405 82
2405 82
2405 81
2405 82
2405 81
2405 82
2405 82
2405 82
2405 82
2405 81
2405 82
2405 81
2405 82
2405 82
2405 81
2405 81
2405 82
2405 81
2405 81
2405 81
2405 82
2405 82
2405 81
2405 82
2405 80
2405 81
2405 81
2405 81
2405 82
2405 82
2405 82
2405 82
2405 82
2405 81
2405 82
2405 81
2405 82
2405 80
2405 81
2405 82
2405 81
2405 81
2405 82
2405 81
2405 82
2405 82
2405 82
2405 81
2405 81
2405 81
2405 82
2405 81
2410 80
2410 80
2410 80
2410 80
2410 80
2410 80
2410 80
2410 80
2410 80
2410 80
2410 80
2410 80
2410 80
2410 79
2410 80
2410 80
2410 80
2410 80
2410 80
2410 80
2410 80
2410 80
2410 80
2410 80
2410 80
2410 78
2410 80
2410 80
2410 80
2410 80
2410 80
2410 80
2410 80
2410 80
2410 80
2410 80
2410 80
2410 80
2410 80
2410 80
2410 80
2410 80
2410 80
2410 80
2410 80
2410 80
2410 80
2410 80
2410 80
2410 80
2410 80
2410 80
2410 80
2410 80
2410 80
2410 80
2410 80
2410 80
2410 80
2410 80
2410 80
2410 80
2410 80
2410 79
2410 80
2410 80
2410 80
2410 80
2410 80
2410 80
2410 80
2410 80
2410 80
2410 80
2410 80
2410 80
2410 80
2410 80
2410 80
2410 79
2410 80
2410 80
2410 80
2410 80
2410 80
2410 79
2410 80
2410 80
2410 80
2410 80
2410 78
2410 79
2410 80
2410 80
2410 80
2410 80
2410 80
2410 80
2410 80
2415 78
2415 78
2415 79
2415 79
2415 78
2415 78
2415 78
2415 79
2415 78
2415 78
2415 79
2415 78
2415 78
2415 77
2415 78
2415 79
2415 78
2415 79
2415 78
2415 78
2415 78
2415 79
2415 78
2415 77
2415 79
2415 78
2415 78
2415 78
2415 78
2415 79
2415 78
2415 78
2415 78
2415 79
2415 78
2415 78
2415 78
2415 78
2415 78
2415 79
2415 79
2415 78
2415 78
2415 78
2415 78
2415 78
2415 79
2415 78
2415 79
2415 79
2415 79
2415 78
2415 79
2415 78
2415 78
2415 78
2415 79
2415 78
2415 78
2415 78
2415 78
2415 78
2415 78
2415 78
2415 78
2415 78
2415 78
2415 79
2415 78
2415 79
2415 78
2415 78
2415 79
2415 79
2415 78
2415 78
2415 78
2415 78
2415 78
2415 79
2415 78
2415 78
2415 79
2415 78
2415 79
2415 78
2415 78
2415 79
2415 76
2415 78
2415 78
2415 78
2415 79
2415 79
2415 78
2415 78
2415 78
2415 78
2415 79
2415 78
2420 75
2420 76
2420 75
2420 74
2420 75
2420 75
2420 75
2420 75
2420 75
2420 76
2420 75
2420 75
2420 75
2420 75
2420 75
2420 75
2420 75
2420 74
2420 75
2420 75
2420 75
2420 75
2420 75
2420 77
2420 76
2420 76
2420 76
2420 75
2420 75
2420 74
2420 75
2420 75
2420 75
2420 75
2420 75
2420 75
2420 76
2420 75
2420 75
2420 75
2420 75
2420 75
2420 74
2420 75
2420 75
2420 75
2420 77
2420 76
2420 75
2420 76
2420 75
2420 76
2420 74
2420 76
2420 75
2420 75
2420 74
2420 75
2420 75
2420 75
2420 75
2420 75
2420 75
2420 75
2420 74
2420 75
2420 75
2420 75
2420 76
2420 76
2420 75
2420 75
2420 76
2420 75
2420 75
2420 75
2420 76
2420 75
2420 75
2420 75
2420 75
2420 75
2420 75
2420 75
2420 75
2420 75
2420 75
2420 75
2420 75
2420 75
2420 75
2420 75
2420 75
2420 75
2420 75
2420 75
2420 75
2420 75
2420 75
2420 75
2425 74
2425 74
2425 74
2425 74
2425 74
2425 74
2425 74
2425 74
2425 74
2425 74
2425 73
2425 72
2425 74
2425 73
2425 74
2425 74
2425 74
2425 74
2425 74
2425 74
2425 74
2425 73
2425 73
2425 74
2425 74
2425 74
2425 74
2425 73
2425 73
2425 73
2425 74
2425 74
2425 74
2425 73
2425 74
2425 73
2425 74
2425 74
2425 73
2425 74
2425 74
2425 74
2425 74
2425 74
2425 74
2425 74
2425 74
2425 74
2425 74
2425 74
2425 74
2425 74
2425 74
2425 74
2425 74
2425 74
2425 73
2425 74
2425 74
2425 74
2425 74
2425 74
2425 74
2425 75
2425 74
2425 74
2425 73
2425 74
2425 73
2425 74
2425 73
2425 74
2425 74
2425 73
2425 74
2425 74
2425 74
2425 74
2425 74
2425 74
2425 74
2425 74
2425 73
2425 74
2425 74
2425 73
2425 74
2425 74
2425 73
2425 74
2425 74
2425 73
2425 74
2425 74
2425 74
2425 73
2425 74
2425 73
2425 73
2425 73
2430 73
2430 72
2430 72
2430 73
2430 72
2430 72
2430 72
2430 73
2430 73
2430 72
2430 73
2430 72
2430 72
2430 73
2430 73
2430 73
2430 72
2430 72
2430 72
2430 72
2430 72
2430 72
2430 72
2430 73
2430 72
2430 73
2430 72
2430 73
2430 72
2430 72
2430 73
2430 73
2430 73
2430 72
2430 73
2430 72
2430 73
2430 73
2430 72
2430 73
2430 73
2430 73
2430 71
2430 72
2430 72
2430 73
2430 71
2430 72
2430 72
2430 72
2430 73
2430 72
2430 72
2430 73
2430 73
2430 72
2430 73
2430 73
2430 73
2430 73
2430 73
2430 72
2430 73
2430 72
2430 72
2430 73
2430 72
2430 73
2430 73
2430 73
2430 72
2430 72
2430 72
2430 72
2430 73
2430 73
2430 72
2430 73
2430 73
2430 72
2430 73
2430 73
2430 73
2430 72
2430 72
2430 72
2430 73
2430 73
2430 73
2430 71
2430 72
2430 73
2430 73
2430 73
2430 73
2430 72
2430 73
2430 73
2430 72
2430 73
2435 71
2435 70
2435 71
2435 69
2435 72
2435 71
2435 71
2435 71
2435 71
2435 70
2435 71
2435 70
2435 70
2435 71
2435 71
2435 71
2435 70
2435 70
2435 71
2435 70
2435 72
2435 71
2435 70
2435 71
2435 71
2435 70
2435 70
2435 70
2435 70
2435 72
2435 70
2435 70
2435 70
2435 71
2435 71
2435 70
2435 72
2435 71
2435 70
2435 70
2435 70
2435 70
2435 70
2435 70
2435 70
2435 68
2435 70
2435 72
2435 70
2435 70
2435 70
2435 71
2435 71
2435 69
2435 70
2435 71
2435 71
2435 70
2435 72
2435 71
2435 71
2435 70
2435 70
2435 69
2435 70
2435 70
2435 72
2435 70
2435 71
2435 70
2435 71
2435 70
2435 71
2435 70
2435 72
2435 71
2435 71
2435 70
2435 69
2435 70
2435 71
2435 72
2435 70
2435 70
2435 70
2435 72
2435 71
2435 72
2435 71
2435 71
2435 71
2435 70
2435 70
2435 70
2435 70
2435 71
2435 71
2435 69
2435 70
2440 69
2440 68
2440 68
2440 68
2440 68
2440 68
2440 68
2440 68
2440 68
2440 68
2440 68
2440 68
2440 68
2440 68
2440 68
2440 68
2440 68
2440 68
2440 68
2440 68
2440 67
2440 68
2440 68
2440 68
2440 68
2440 68
2440 68
2440 68
2440 66
2440 68
2440 68
2440 68
2440 68
2440 68
2440 68
2440 68
2440 68
2440 67
2440 68
2440 68
2440 68
2440 69
2440 68
2440 68
2440 68
2440 68
2440 69
2440 68
2440 68
2440 68
2440 68
2440 68
2440 68
2440 68
2440 68
2440 68
2440 68
2440 68
2440 68
2440 68
2440 68
2440 68
2440 68
2440 69
2440 68
2440 68
2440 68
2440 68
2440 68
2440 68
2440 68
2440 68
2440 68
2440 69
2440 68
2440 68
2440 68
2440 68
2440 68
2440 68
2440 68
2440 68
2440 68
2440 68
2440 69
2440 68
2440 68
2440 68
2440 68
2440 68
2440 68
2440 66
2440 68
2440 68
2440 68
2440 68
2440 68
2440 68
2440 68
2440 68
2445 66
2445 66
2445 66
2445 66
2445 66
2445 65
2445 67
2445 66
2445 66
2445 66
2445 67
2445 67
2445 67
2445 66
2445 67
2445 66
2445 66
2445 64
2445 66
2445 66
2445 66
2445 67
2445 66
2445 66
2445 67
2445 66
2445 66
2445 66
2445 65
2445 66
2445 66
2445 66
2445 66
2445 66
2445 66
2445 66
2445 66
2445 66
2445 66
2445 66
2445 66
2445 66
2445 67
2445 66
2445 67
2445 66
2445 66
2445 67
2445 66
2445 67
2445 65
2445 65
2445 66
2445 66
2445 66
2445 66
2445 66
2445 66
2445 66
2445 66
2445 66
2445 66
2445 66
2445 66
2445 66
2445 66
2445 67
2445 67
2445 66
2445 66
2445 66
2445 65
2445 66
2445 66
2445 66
2445 66
2445 67
2445 66
2445 67
2445 66
2445 66
2445 66
2445 66
2445 66
2445 66
2445 66
2445 66
2445 66
2445 66
2445 66
2445 66
2445 66
2445 66
2445 67
2445 66
2445 67
2445 66
2445 66
2445 66
2450 64
2450 65
2450 64
2450 64
2450 64
2450 64
2450 64
2450 64
2450 64
2450 64
2450 65
2450 64
2450 63
2450 64
2450 62
2450 64
2450 64
2450 64
2450 65
2450 64
2450 63
2450 64
2450 64
2450 65
2450 64
2450 65
2450 65
2450 64
2450 63
2450 64
2450 64
2450 63
2450 65
2450 64
2450 64
2450 64
2450 64
2450 65
2450 64
2450 64
2450 64
2450 64
2450 64
2450 64
2450 64
2450 64
2450 64
2450 64
2450 64
2450 64
2450 63
2450 64
2450 63
2450 64
2450 64
2450 64
2450 64
2450 64
2450 64
2450 64
2450 64
2450 64
2450 64
2450 64
2450 64
2450 65
2450 64
2450 64
2450 64
2450 64
2450 64
2450 64
2450 64
2450 64
2450 64
2450 64
2450 65
2450 64
2450 64
2450 64
2450 64
2450 64
2450 64
2450 64
2450 64
2450 64
2450 64
2450 65
2450 65
2450 64
2450 64
2450 64
2450 64
2450 64
2450 64
2450 64
2450 64
2450 64
2450 64
2450 64
2455 62
2455 62
2455 62
2455 63
2455 62
2455 63
2455 62
2455 62
2455 62
2455 62
2455 62
2455 63
2455 63
2455 62
2455 62
2455 63
2455 63
2455 63
2455 62
2455 62
2455 62
2455 62
2455 61
2455 62
2455 62
2455 62
2455 63
2455 62
2455 62
2455 62
2455 63
2455 62
2455 62
2455 62
2455 63
2455 63
2455 62
2455 63
2455 63
2455 62
2455 61
2455 63
2455 62
2455 62
2455 62
2455 61
2455 62
2455 63
2455 63
2455 62
2455 62
2455 62
2455 62
2455 63
2455 62
2455 61
2455 63
2455 62
2455 62
2455 63
2455 62
2455 63
2455 63
2455 62
2455 62
2455 63
2455 62
2455 63
2455 63
2455 63
2455 62
2455 62
2455 62
2455 62
2455 62
2455 63
2455 62
2455 63
2455 62
2455 62
2455 62
2455 62
2455 63
2455 62
2455 62
2455 63
2455 62
2455 63
2455 63
2455 62
2455 62
2455 63
2455 63
2455 62
2455 63
2455 63
2455 62
2455 62
2455 62
2455 63
2460 60
2460 59
2460 59
2460 60
2460 60
2460 60
2460 60
2460 61
2460 59
2460 61
2460 59
2460 58
2460 60
2460 60
2460 60
2460 60
2460 60
2460 59
2460 60
2460 59
2460 60
2460 60
2460 60
2460 60
2460 59
2460 58
2460 59
2460 60
2460 60
2460 60
2460 60
2460 59
2460 60
2460 60
2460 60
2460 59
2460 60
2460 60
2460 61
2460 60
2460 60
2460 60
2460 60
2460 61
2460 59
2460 60
2460 60
2460 59
2460 60
2460 59
2460 60
2460 60
2460 60
2460 60
2460 60
2460 60
2460 60
2460 60
2460 59
2460 59
2460 60
2460 59
2460 59
2460 59
2460 60
2460 59
2460 60
2460 60
2460 60
2460 60
2460 60
2460 60
2460 60
2460 60
2460 60
2460 60
2460 59
2460 59
2460 60
2460 60
2460 60
2460 60
2460 60
2460 60
2460 60
2460 59
2460 60
2460 60
2460 60
2460 60
2460 59
2460 59
2460 60
2460 59
2460 60
2460 60
2460 60
2460 59
2460 60
2460 60
2465 58
2465 58
2465 58
2465 58
2465 58
2465 58
2465 58
2465 58
2465 58
2465 58
2465 58
2465 58
2465 58
2465 58
2465 58
2465 58
2465 58
2465 58
2465 58
2465 58
2465 58
2465 58
2465 58
2465 58
2465 58
2465 59
2465 58
2465 58
2465 59
2465 58
2465 58
2465 58
2465 58
2465 58
2465 58
2465 58
2465 58
2465 59
2465 58
2465 58
2465 58
2465 58
2465 58
2465 58
2465 58
2465 58
2465 58
2465 58
2465 58
2465 58
2465 58
2465 58
2465 58
2465 57
2465 58
2465 58
2465 58
2465 58
2465 58
2465 58
2465 58
2465 58
2465 58
2465 58
2465 59
2465 58
2465 58
2465 58
2465 58
2465 58
2465 58
2465 58
2465 58
2465 58
2465 59
2465 58
2465 58
2465 58
2465 58
2465 58
2465 58
2465 58
2465 57
2465 58
2465 58
2465 59
2465 57
2465 58
2465 58
2465 58
2465 58
2465 58
2465 58
2465 58
2465 58
2465 58
2465 58
2465 58
2465 58
2465 58
2470 57
2470 57
2470 57
2470 57
2470 55
2470 57
2470 57
2470 57
2470 57
2470 58
2470 57
2470 57
2470 57
2470 57
2470 57
2470 57
2470 57
2470 57
2470 57
2470 57
2470 57
2470 56
2470 57
2470 57
2470 57
2470 57
2470 57
2470 57
2470 57
2470 57
2470 57
2470 57
2470 57
2470 57
2470 57
2470 57
2470 55
2470 57
2470 57
2470 57
2470 57
2470 57
2470 57
2470 57
2470 58
2470 57
2470 57
2470 57
2470 57
2470 57
2470 57
2470 57
2470 57
2470 57
2470 57
2470 57
2470 57
2470 57
2470 57
2470 57
2470 57
2470 57
2470 57
2470 57
2470 57
2470 57
2470 57
2470 57
2470 57
2470 57
2470 57
2470 57
2470 57
2470 57
2470 57
2470 57
2470 57
2470 57
2470 57
2470 57
2470 57
2470 57
2470 57
2470 57
2470 57
2470 57
2470 57
2470 57
2470 57
2470 57
2470 55
2470 57
2470 57
2470 57
2470 57
2470 57
2470 57
2470 57
2470 58
2470 57
2475 55
2475 55
2475 55
2475 55
2475 55
2475 55
2475 55
2475 55
2475 55
2475 55
2475 55
2475 55
2475 55
2475 55
2475 55
2475 55
2475 55
2475 55
2475 55
2475 55
2475 55
2475 55
2475 55
2475 55
2475 54
2475 55
2475 55
2475 55
2475 55
2475 55
2475 55
2475 55
2475 55
2475 55
2475 54
2475 55
2475 55
2475 55
2475 55
2475 55
2475 55
2475 55
2475 54
2475 55
2475 55
2475 55
2475 55
2475 54
2475 55
2475 55
2475 55
2475 55
2475 55
2475 55
2475 55
2475 53
2475 53
2475 55
2475 55
2475 55
2475 55
2475 55
2475 55
2475 55
2475 53
2475 55
2475 55
2475 55
2475 55
2475 55
2475 55
2475 55
2475 55
2475 55
2475 55
2475 55
2475 54
2475 55
2475 54
2475 55
2475 55
2475 55
2475 55
2475 55
2475 55
2475 55
2475 54
2475 55
2475 55
2475 55
2475 55
2475 55
2475 55
2475 55
2475 55
2475 55
2475 53
2475 55
2475 55
2475 55
2480 53
2480 52
2480 52
2480 52
2480 53
2480 52
2480 52
2480 52
2480 52
2480 52
2480 53
2480 52
2480 52
2480 52
2480 52
2480 53
2480 52
2480 53
2480 52
2480 52
2480 52
2480 52
2480 52
2480 53
2480 52
2480 51
2480 52
2480 52
2480 52
2480 52
2480 52
2480 52
2480 51
2480 52
2480 53
2480 52
2480 52
2480 52
2480 53
2480 52
2480 52
2480 52
2480 52
2480 53
2480 52
2480 52
2480 52
2480 52
2480 53
2480 53
2480 52
2480 52
2480 52
2480 52
2480 52
2480 53
2480 52
2480 51
2480 52
2480 52
2480 51
2480 52
2480 52
2480 53
2480 53
2480 52
2480 52
2480 52
2480 52
2480 52
2480 52
2480 52
2480 52
2480 52
2480 53
2480 53
2480 53
2480 53
2480 53
2480 52
2480 51
2480 52
2480 52
2480 52
2480 52
2480 52
2480 52
2480 53
2480 52
2480 53
2480 52
2480 52
2480 52
2480 52
2480 52
2480 52
2480 52
2480 52
2480 53
2480 52
2485 51
2485 50
2485 51
2485 51
2485 51
2485 51
2485 51
2485 51
2485 51
2485 51
2485 51
2485 51
2485 51
2485 51
2485 51
2485 51
2485 51
2485 51
2485 51
2485 51
2485 51
2485 51
2485 51
2485 51
2485 51
2485 51
2485 51
2485 51
2485 51
2485 51
2485 51
2485 51
2485 50
2485 51
2485 51
2485 51
2485 51
2485 50
2485 51
2485 51
2485 51
2485 51
2485 51
2485 51
2485 51
2485 51
2485 51
2485 51
2485 51
2485 51
2485 51
2485 51
2485 51
2485 51
2485 51
2485 51
2485 51
2485 51
2485 51
2485 51
2485 51
2485 51
2485 51
2485 51
2485 51
2485 51
2485 51
2485 51
2485 51
2485 51
2485 51
2485 51
2485 51
2485 51
2485 51
2485 51
2485 51
2485 51
2485 51
2485 51
2485 51
2485 51
2485 50
2485 51
2485 51
2485 51
2485 51
2485 51
2485 51
2485 51
2485 50
2485 51
2485 51
2485 51
2485 51
2485 50
2485 51
2485 51
2485 51
2485 51
2490 49
2490 49
2490 49
2490 50
2490 49
2490 49
2490 49
2490 49
2490 49
2490 49
2490 49
2490 50
2490 49
2490 49
2490 49
2490 49
2490 49
2490 49
2490 49
2490 49
2490 49
2490 49
2490 49
2490 49
2490 48
2490 49
2490 49
2490 48
2490 48
2490 49
2490 49
2490 49
2490 49
2490 50
2490 49
2490 48
2490 49
2490 49
2490 49
2490 49
2490 49
2490 50
2490 49
2490 49
2490 49
2490 49
2490 49
2490 49
2490 49
2490 49
2490 49
2490 49
2490 48
2490 48
2490 49
2490 49
2490 49
2490 49
2490 49
2490 50
2490 48
2490 48
2490 49
2490 49
2490 49
2490 49
2490 49
2490 50
2490 49
2490 49
2490 48
2490 48
2490 49
2490 49
2490 49
2490 49
2490 49
2490 49
2490 48
2490 49
2490 49
2490 49
2490 49
2490 49
2490 49
2490 49
2490 49
2490 49
2490 49
2490 49
2490 49
2490 49
2490 49
2490 49
2490 49
2490 49
2490 49
2490 49
2490 50
2490 49
2495 47
2495 48
2495 48
2495 48
2495 48
2495 48
2495 47
2495 48
2495 47
2495 47
2495 48
2495 48
2495 46
2495 46
2495 47
2495 48
2495 48
2495 48
2495 48
2495 48
2495 48
2495 47
2495 48
2495 48
2495 48
2495 48
2495 47
2495 48
2495 48
2495 47
2495 47
2495 48
2495 47
2495 48
2495 48
2495 47
2495 48
2495 47
2495 48
2495 47
2495 47
2495 47
2495 47
2495 48
2495 48
2495 47
2495 47
2495 48
2495 47
2495 48
2495 47
2495 47
2495 48
2495 48
2495 48
2495 47
2495 48
2495 48
2495 48
2495 47
2495 48
2495 47
2495 48
2495 48
2495 47
2495 48
2495 48
2495 47
2495 47
2495 47
2495 47
2495 47
2495 47
2495 48
2495 47
2495 48
2495 47
2495 47
2495 47
2495 48
2495 48
2495 47
2495 47
2495 47
2495 48
2495 47
2495 47
2495 47
2495 47
2495 48
2495 48
2495 48
2495 47
2495 48
2495 47
2495 48
2495 48
2495 48
2495 47
2495 48
2500 46
2500 43
2500 45
2500 46
2500 46
2500 46
2500 46
2500 46
2500 46
2500 46
2500 46
2500 46
2500 46
2500 46
2500 46
2500 46
2500 46
2500 46
2500 46
2500 46
2500 46
2500 46
2500 46
2500 46
2500 46
2500 46
2500 46
2500 46
2500 46
2500 46
2500 46
2500 46
2500 46
2500 46
2500 46
2500 46
2500 46
2500 46
2500 46
2500 46
2500 46
2500 46
2500 46
2500 46
2500 46
2500 46
2500 46
2500 45
2500 46
2500 45
2500 46
2500 46
2500 46
2500 46
2500 46
2500 46
2500 46
2500 46
2500 46
2500 46
2500 46
2500 44
2500 46
2500 46
2500 46
2500 45
2500 46
2500 46
2500 45
2500 46
2500 46
2500 46
2500 46
2500 46
2500 46
2500 46
2500 46
2500 46
2500 46
2500 46
2500 46
2500 46
2500 46
2500 46
2500 46
2500 46
2500 46
2500 46
2500 46
2500 46
2500 46
2500 45
2500 46
2500 46
2500 46
2500 46
2500 46
2500 46
2500 46
2500 46
2505 43
2505 44
2505 43
2505 43
2505 44
2505 43
2505 43
2505 43
2505 43
2505 43
2505 43
2505 43
2505 43
2505 43
2505 43
2505 43
2505 43
2505 43
2505 43
2505 44
2505 43
2505 44
2505 43
2505 43
2505 43
2505 43
2505 43
2505 44
2505 43
2505 43
2505 43
2505 43
2505 43
2505 43
2505 43
2505 43
2505 43
2505 43
2505 43
2505 43
2505 44
2505 43
2505 44
2505 42
2505 43
2505 43
2505 43
2505 43
2505 43
2505 43
2505 43
2505 43
2505 43
2505 43
2505 44
2505 43
2505 42
2505 43
2505 44
2505 43
2505 43
2505 42
2505 43
2505 43
2505 43
2505 43
2505 43
2505 43
2505 43
2505 43
2505 43
2505 43
2505 43
2505 43
2505 43
2505 43
2505 44
2505 43
2505 43
2505 43
2505 44
2505 43
2505 43
2505 43
2505 43
2505 44
2505 44
2505 43
2505 43
2505 43
2505 43
2505 43
2505 43
2505 43
2505 43
2505 43
2505 43
2505 43
2505 43
2505 43
2510 42
2510 42
2510 42
2510 42
2510 42
2510 42
2510 42
2510 42
2510 42
2510 42
2510 42
2510 42
2510 42
2510 42
2510 41
2510 42
2510 42
2510 42
2510 41
2510 41
2510 41
2510 42
2510 42
2510 41
2510 41
2510 41
2510 42
2510 41
2510 42
2510 42
2510 42
2510 42
2510 42
2510 41
2510 41
2510 41
2510 41
2510 41
2510 42
2510 42
2510 42
2510 41
2510 42
2510 42
2510 42
2510 42
2510 42
2510 42
2510 42
2510 42
2510 42
2510 42
2510 41
2510 42
2510 42
2510 42
2510 42
2510 41
2510 42
2510 42
2510 42
2510 42
2510 42
2510 42
2510 42
2510 42
2510 42
2510 42
2510 42
2510 42
2510 42
2510 43
2510 41
2510 42
2510 42
2510 42
2510 42
2510 42
2510 42
2510 41
2510 42
2510 41
2510 42
2510 42
2510 42
2510 42
2510 42
2510 42
2510 41
2510 41
2510 41
2510 42
2510 42
2510 41
2510 42
2510 41
2510 42
2510 41
2510 42
2515 40
2515 40
2515 40
2515 41
2515 40
2515 40
2515 41
2515 41
2515 40
2515 40
2515 41
2515 40
2515 40
2515 40
2515 40
2515 40
2515 40
2515 41
2515 40
2515 41
2515 40
2515 40
2515 40
2515 40
2515 40
2515 40
2515 40
2515 40
2515 41
2515 40
2515 41
2515 40
2515 40
2515 40
2515 40
2515 40
2515 41
2515 40
2515 41
2515 41
2515 40
2515 40
2515 41
2515 40
2515 40
2515 41
2515 41
2515 40
2515 41
2515 41
2515 41
2515 41
2515 41
2515 40
2515 40
2515 40
2515 40
2515 40
2515 41
2515 40
2515 41
2515 40
2515 41
2515 41
2515 40
2515 41
2515 40
2515 41
2515 40
2515 40
2515 40
2515 40
2515 41
2515 41
2515 41
2515 41
2515 40
2515 41
2515 40
2515 40
2515 41
2515 40
2515 40
2515 41
2515 40
2515 41
2515 41
2515 41
2515 41
2515 40
2515 41
2515 40
2515 40
2515 41
2515 40
2515 39
2515 40
2515 40
2515 40
2515 41
2520 38
2520 38
2520 38
2520 38
2520 38
2520 38
2520 38
2520 38
2520 38
2520 39
2520 39
2520 36
2520 37
2520 38
2520 38
2520 38
2520 38
2520 38
2520 38
2520 38
2520 38
2520 39
2520 38
2520 38
2520 38
2520 38
2520 38
2520 38
2520 38
2520 38
2520 38
2520 38
2520 38
2520 38
2520 38
2520 38
2520 38
2520 38
2520 38
2520 38
2520 38
2520 38
2520 37
2520 37
2520 38
2520 38
2520 37
2520 37
2520 37
2520 38
2520 38
2520 38
2520 38
2520 38
2520 37
2520 38
2520 38
2520 38
2520 38
2520 38
2520 37
2520 38
2520 38
2520 36
2520 38
2520 38
2520 38
2520 38
2520 38
2520 39
2520 37
2520 38
2520 38
2520 38
2520 38
2520 38
2520 38
2520 38
2520 38
2520 38
2520 38
2520 37
2520 38
2520 37
2520 38
2520 38
2520 38
2520 38
2520 38
2520 38
2520 38
2520 38
2520 37
2520 37
2520 38
2520 38
2520 38
2520 38
2520 38
2520 38
2525 36
2525 36
2525 36
2525 36
2525 36
2525 36
2525 36
2525 37
2525 36
2525 37
2525 36
2525 36
2525 36
2525 36
2525 36
2525 36
2525 36
2525 36
2525 36
2525 36
2525 36
2525 36
2525 36
2525 36
2525 36
2525 36
2525 36
2525 36
2525 36
2525 36
2525 36
2525 36
2525 36
2525 36
2525 36
2525 35
2525 36
2525 36
2525 36
2525 36
2525 36
2525 36
2525 36
2525 36
2525 36
2525 36
2525 36
2525 36
2525 36
2525 36
2525 36
2525 36
2525 36
2525 36
2525 36
2525 36
2525 36
2525 36
2525 36
2525 35
2525 36
2525 37
2525 36
2525 36
2525 36
2525 36
2525 36
2525 35
2525 36
2525 36
2525 36
2525 36
2525 36
2525 36
2525 36
2525 37
2525 36
2525 36
2525 36
2525 36
2525 36
2525 35
2525 36
2525 36
2525 36
2525 35
2525 36
2525 36
2525 36
2525 36
2525 36
2525 36
2525 36
2525 36
2525 36
2525 36
2525 35
2525 36
2525 36
2525 35
2530 35
2530 34
2530 34
2530 35
2530 35
2530 34
2530 34
2530 35
2530 35
2530 34
2530 35
2530 34
2530 34
2530 34
2530 34
2530 34
2530 34
2530 34
2530 34
2530 35
2530 34
2530 34
2530 34
2530 34
2530 35
2530 35
2530 34
2530 35
2530 34
2530 34
2530 34
2530 34
2530 34
2530 34
2530 34
2530 34
2530 34
2530 34
2530 34
2530 34
2530 34
2530 34
2530 34
2530 33
2530 34
2530 34
2530 34
2530 34
2530 35
2530 34
2530 34
2530 34
2530 34
2530 34
2530 34
2530 34
2530 34
2530 34
2530 34
2530 34
2530 34
2530 34
2530 35
2530 34
2530 34
2530 34
2530 33
2530 34
2530 35
2530 34
2530 35
2530 35
2530 34
2530 34
2530 34
2530 34
2530 34
2530 35
2530 35
2530 34
2530 35
2530 35
2530 35
2530 34
2530 34
2530 35
2530 35
2530 34
2530 34
2530 34
2530 34
2530 35
2530 35
2530 34
2530 35
2530 35
2530 35
2530 35
2530 34
2530 34
2535 32
2535 32
2535 32
2535 33
2535 32
2535 33
2535 32
2535 33
2535 32
2535 32
2535 32
2535 32
2535 32
2535 32
2535 32
2535 32
2535 32
2535 32
2535 32
2535 32
2535 33
2535 32
2535 32
2535 32
2535 32
2535 32
2535 32
2535 32
2535 32
2535 32
2535 31
2535 32
2535 32
2535 32
2535 32
2535 32
2535 32
2535 33
2535 32
2535 32
2535 32
2535 33
2535 32
2535 32
2535 32
2535 32
2535 32
2535 32
2535 32
2535 32
2535 32
2535 32
2535 32
2535 32
2535 32
2535 32
2535 33
2535 32
2535 32
2535 32
2535 32
2535 31
2535 32
2535 32
2535 32
2535 31
2535 32
2535 32
2535 32
2535 32
2535 32
2535 32
2535 32
2535 31
2535 31
2535 31
2535 32
2535 32
2535 32
2535 32
2535 32
2535 31
2535 32
2535 32
2535 31
2535 32
2535 33
2535 32
2535 32
2535 33
2535 32
2535 32
2535 32
2535 32
2535 32
2535 32
2535 32
2535 32
2535 32
2535 33
2540 30
2540 30
2540 29
2540 31
2540 31
2540 30
2540 30
2540 30
2540 30
2540 30
2540 29
2540 30
2540 30
2540 30
2540 30
2540 30
2540 30
2540 30
2540 30
2540 30
2540 30
2540 31
2540 30
2540 29
2540 30
2540 31
2540 30
2540 30
2540 30
2540 30
2540 30
2540 30
2540 30
2540 31
2540 30
2540 30
2540 30
2540 30
2540 30
2540 30
2540 30
2540 30
2540 30
2540 29
2540 29
2540 31
2540 29
2540 31
2540 30
2540 30
2540 30
2540 30
2540 31
2540 30
2540 30
2540 30
2540 30
2540 30
2540 30
2540 29
2540 30
2540 30
2540 30
2540 30
2540 30
2540 30
2540 30
2540 30
2540 30
2540 30
2540 30
2540 30
2540 30
2540 30
2540 30
2540 30
2540 30
2540 29
2540 30
2540 30
2540 30
2540 30
2540 30
2540 30
2540 30
2540 30
2540 30
2540 30
2540 30
2540 30
2540 30
2540 30
2540 30
2540 30
2540 30
2540 30
2540 30
2540 30
2540 30
2545 29
2545 29
2545 28
2545 28
2545 28
2545 28
2545 28
2545 29
2545 29
2545 27
2545 28
2545 27
2545 28
2545 28
2545 27
2545 28
2545 28
2545 28
2545 27
2545 27
2545 28
2545 29
2545 27
2545 28
2545 27
2545 29
2545 28
2545 28
2545 27
2545 27
2545 28
2545 28
2545 28
2545 29
2545 28
2545 28
2545 28
2545 28
2545 28
2545 28
2545 29
2545 27
2545 28
2545 27
2545 27
2545 28
2545 28
2545 27
2545 28
2545 28
2545 28
2545 28
2545 28
2545 28
2545 27
2545 28
2545 28
2545 28
2545 28
2545 27
2545 28
2545 29
2545 28
2545 28
2545 28
2545 28
2545 27
2545 28
2545 28
2545 28
2545 28
2545 29
2545 28
2545 28
2545 29
2545 28
2545 27
2545 28
2545 29
2545 28
2545 28
2545 29
2545 27
2545 29
2545 28
2545 28
2545 28
2545 27
2545 28
2545 29
2545 28
2545 29
2545 29
2545 28
2545 29
2545 29
2545 28
2545 28
2545 27
2550 27
2550 27
2550 26
2550 27
2550 27
2550 26
2550 26
2550 27
2550 26
2550 27
2550 27
2550 26
2550 26
2550 27
2550 27
2550 26
2550 27
2550 26
2550 26
2550 27
2550 26
2550 27
2550 27
2550 26
2550 26
2550 27
2550 26
2550 27
2550 27
2550 26
2550 27
2550 27
2550 27
2550 27
2550 26
2550 26
2550 26
2550 26
2550 27
2550 26
2550 27
2550 26
2550 27
2550 26
2550 27
2550 27
2550 27
2550 26
2550 26
2550 26
2550 27
2550 26
2550 26
2550 27
2550 27
2550 26
2550 27
2550 27
2550 26
2550 26
2550 26
2550 26
2550 26
2550 27
2550 27
2550 26
2550 26
2550 27
2550 26
2550 26
2550 27
2550 27
2550 27
2550 26
2550 26
2550 27
2550 26
2550 26
2550 26
2550 27
2550 27
2550 26
2550 26
2550 27
2550 27
2550 26
2550 26
2550 27
2550 26
2550 27
2550 26
2550 26
2550 27
2550 27
2550 26
2550 27
2550 26
2550 26
2550 26
2550 27
2555 26
2555 25
2555 26
2555 25
2555 26
2555 26
2555 25
2555 24
2555 25
2555 25
2555 25
2555 25
2555 25
2555 25
2555 25
2555 26
2555 25
2555 25
2555 25
2555 25
2555 25
2555 26
2555 25
2555 25
2555 25
2555 25
2555 25
2555 25
2555 26
2555 25
2555 25
2555 25
2555 26
2555 25
2555 25
2555 25
2555 26
2555 25
2555 25
2555 25
2555 26
2555 25
2555 25
2555 25
2555 26
2555 26
2555 25
2555 25
2555 25
2555 25
2555 25
2555 25
2555 25
2555 26
2555 25
2555 25
2555 26
2555 25
2555 25
2555 25
2555 26
2555 25
2555 25
2555 25
2555 26
2555 26
2555 26
2555 25
2555 25
2555 26
2555 25
2555 25
2555 25
2555 25
2555 25
2555 25
2555 25
2555 25
2555 25
2555 25
2555 26
2555 25
2555 25
2555 25
2555 25
2555 25
2555 26
2555 26
2555 25
2555 25
2555 25
2555 26
2555 25
2555 25
2555 25
2555 25
2555 26
2555 25
2555 25
2555 25
2560 23
2560 23
2560 23
2560 23
2560 23
2560 23
2560 23
2560 23
2560 23
2560 25
2560 23
2560 23
2560 23
2560 23
2560 23
2560 22
2560 23
2560 23
2560 23
2560 23
2560 23
2560 23
2560 23
2560 22
2560 23
2560 23
2560 23
2560 23
2560 21
2560 23
2560 23
2560 23
2560 23
2560 24
2560 23
2560 23
2560 23
2560 23
2560 23
2560 23
2560 23
2560 23
2560 23
2560 23
2560 23
2560 23
2560 23
2560 23
2560 23
2560 23
2560 23
2560 23
2560 23
2560 23
2560 23
2560 23
2560 23
2560 23
2560 23
2560 23
2560 23
2560 23
2560 23
2560 23
2560 23
2560 24
2560 23
2560 23
2560 23
2560 22
2560 23
2560 23
2560 23
2560 23
2560 23
2560 23
2560 23
2560 23
2560 24
2560 23
2560 23
2560 23
2560 23
2560 23
2560 23
2560 22
2560 23
2560 23
2560 23
2560 23
2560 23
2560 23
2560 23
2560 23
2560 23
2560 23
2560 23
2560 23
2560 23
2560 23
2565 21
2565 21
2565 21
2565 21
2565 21
2565 22
2565 22
2565 21
2565 21
2565 21
2565 21
2565 21
2565 21
2565 21
2565 21
2565 21
2565 21
2565 21
2565 21
2565 21
2565 21
2565 21
2565 21
2565 21
2565 21
2565 21
2565 21
2565 21
2565 21
2565 21
2565 21
2565 21
2565 20
2565 21
2565 21
2565 21
2565 22
2565 21
2565 21
2565 21
2565 22
2565 21
2565 21
2565 21
2565 21
2565 21
2565 21
2565 21
2565 21
2565 21
2565 21
2565 21
2565 21
2565 22
2565 21
2565 21
2565 21
2565 22
2565 21
2565 21
2565 21
2565 21
2565 21
2565 21
2565 21
2565 21
2565 22
2565 21
2565 21
2565 21
2565 21
2565 21
2565 22
2565 21
2565 21
2565 21
2565 21
2565 21
2565 21
2565 21
2565 21
2565 21
2565 21
2565 21
2565 22
2565 21
2565 21
2565 21
2565 21
2565 21
2565 21
2565 21
2565 21
2565 21
2565 21
2565 21
2565 21
2565 21
2565 21
2565 20
2570 20
2570 20
2570 20
2570 20
2570 19
2570 20
2570 20
2570 20
2570 20
2570 20
2570 20
2570 20
2570 19
2570 20
2570 19
2570 20
2570 20
2570 20
2570 20
2570 20
2570 19
2570 20
2570 19
2570 20
2570 20
2570 20
2570 20
2570 20
2570 20
2570 20
2570 20
2570 20
2570 19
2570 20
2570 20
2570 20
2570 20
2570 20
2570 19
2570 20
2570 20
2570 20
2570 20
2570 20
2570 20
2570 20
2570 19
2570 19
2570 20
2570 20
2570 20
2570 20
2570 20
2570 20
2570 20
2570 19
2570 20
2570 20
2570 20
2570 19
2570 19
2570 20
2570 19
2570 20
2570 20
2570 19
2570 20
2570 19
2570 20
2570 19
2570 20
2570 20
2570 19
2570 20
2570 20
2570 20
2570 20
2570 20
2570 20
2570 20
2570 19
2570 19
2570 20
2570 20
2570 20
2570 19
2570 20
2570 20
2570 20
2570 20
2570 19
2570 20
2570 20
2570 20
2570 20
2570 20
2570 20
2570 20
2575 18
2575 17
2575 18
2575 18
2575 19
2575 18
2575 18
2575 17
2575 17
2575 18
2575 18
2575 18
2575 18
2575 18
2575 17
2575 18
2575 18
2575 18
2575 19
2575 18
2575 18
2575 18
2575 18
2575 17
2575 18
2575 18
2575 19
2575 18
2575 17
2575 18
2575 17
2575 17
2575 18
2575 18
2575 18
2575 17
2575 17
2575 18
2575 18
2575 18
2575 18
2575 18
2575 18
2575 18
2575 18
2575 17
2575 18
2575 18
2575 18
2575 19
2575 18
2575 18
2575 18
2575 18
2575 18
2575 18
2575 18
2575 18
2575 19
2575 18
2575 17
2575 18
2575 17
2575 17
2575 19
2575 18
2575 18
2575 18
2575 18
2575 18
2575 17
2575 17
2575 18
2575 17
2575 18
2575 18
2575 18
2575 19
2575 19
2575 19
2575 17
2575 18
2575 18
2575 17
2575 17
2575 18
2575 18
2575 18
2575 18
2575 18
2575 18
2575 18
2575 18
2575 19
2575 18
2575 18
2575 17
2575 17
2575 17
2575 17
2580 15
2580 15
2580 15
2580 16
2580 16
2580 16
2580 16
2580 16
2580 15
2580 16
2580 16
2580 16
2580 16
2580 16
2580 16
2580 16
2580 16
2580 15
2580 16
2580 15
2580 15
2580 16
2580 16
2580 15
2580 15
2580 16
2580 15
2580 15
2580 16
2580 16
2580 16
2580 16
2580 15
2580 16
2580 15
2580 15
2580 15
2580 16
2580 16
2580 16
2580 16
2580 16
2580 16
2580 16
2580 16
2580 15
2580 16
2580 16
2580 15
2580 16
2580 16
2580 16
2580 16
2580 16
2580 16
2580 16
2580 16
2580 15
2580 15
2580 16
2580 16
2580 16
2580 16
2580 15
2580 16
2580 16
2580 16
2580 15
2580 15
2580 16
2580 16
2580 15
2580 16
2580 15
2580 15
2580 16
2580 15
2580 15
2580 16
2580 16
2580 16
2580 15
2580 15
2580 15
2580 15
2580 15
2580 15
2580 16
2580 16
2580 15
2580 16
2580 16
2580 15
2580 16
2580 16
2580 15
2580 16
2580 16
2580 16
2580 16
2585 14
2585 14
2585 14
2585 14
2585 14
2585 14
2585 14
2585 14
2585 14
2585 14
2585 14
2585 14
2585 14
2585 14
2585 15
2585 14
2585 15
2585 14
2585 14
2585 14
2585 14
2585 14
2585 14
2585 14
2585 14
2585 14
2585 14
2585 14
2585 14
2585 14
2585 14
2585 14
2585 14
2585 14
2585 14
2585 14
2585 14
2585 14
2585 14
2585 14
2585 14
2585 14
2585 14
2585 14
2585 14
2585 14
2585 14
2585 14
2585 14
2585 14
2585 14
2585 15
2585 14
2585 14
2585 14
2585 14
2585 14
2585 14
2585 14
2585 14
2585 14
2585 14
2585 14
2585 14
2585 14
2585 14
2585 14
2585 14
2585 14
2585 13
2585 14
2585 14
2585 14
2585 14
2585 14
2585 14
2585 14
2585 15
2585 14
2585 14
2585 14
2585 14
2585 14
2585 14
2585 14
2585 14
2585 14
2585 14
2585 14
2585 14
2585 14
2585 14
2585 14
2585 14
2585 14
2585 14
2585 14
2585 14
2585 14
2590 14
2590 12
2590 11
2590 12
2590 12
2590 11
2590 12
2590 12
2590 11
2590 13
2590 12
2590 11
2590 11
2590 12
2590 13
2590 13
2590 13
2590 12
2590 13
2590 11
2590 11
2590 12
2590 14
2590 13
2590 13
2590 13
2590 12
2590 12
2590 11
2590 13
2590 12
2590 11
2590 12
2590 12
2590 13
2590 12
2590 12
2590 12
2590 12
2590 13
2590 13
2590 11
2590 13
2590 11
2590 12
2590 13
2590 12
2590 11
2590 13
2590 12
2590 12
2590 12
2590 11
2590 13
2590 12
2590 13
2590 12
2590 11
2590 11
2590 12
2590 12
2590 12
2590 11
2590 12
2590 12
2590 13
2590 11
2590 12
2590 13
2590 12
2590 11
2590 12
2590 11
2590 11
2590 12
2590 13
2590 11
2590 12
2590 11
2590 11
2590 13
2590 12
2590 12
2590 11
2590 13
2590 13
2590 13
2590 13
2590 12
2590 12
2590 13
2590 12
2590 11
2590 13
2590 13
2590 12
2590 12
2590 12
2590 12
2590 11
2595 10
2595 10
2595 11
2595 10
2595 10
2595 10
2595 10
2595 10
2595 10
2595 10
2595 10
2595 10
2595 10
2595 11
2595 10
2595 10
2595 10
2595 11
2595 10
2595 10
2595 10
2595 10
2595 10
2595 10
2595 10
2595 10
2595 10
2595 10
2595 10
2595 9
2595 10
2595 10
2595 10
2595 10
2595 10
2595 10
2595 10
2595 10
2595 10
2595 10
2595 10
2595 10
2595 9
2595 10
2595 10
2595 10
2595 10
2595 10
2595 10
2595 11
2595 10
2595 10
2595 10
2595 10
2595 10
2595 10
2595 11
2595 10
2595 10
2595 10
2595 10
2595 11
2595 10
2595 10
2595 10
2595 10
2595 11
2595 11
2595 10
2595 10
2595 10
2595 10
2595 10
2595 10
2595 10
2595 10
2595 10
2595 10
2595 10
2595 10
2595 10
2595 11
2595 10
2595 10
2595 10
2595 10
2595 10
2595 10
2595 11
2595 10
2595 10
2595 9
2595 10
2595 10
2595 10
2595 10
2595 10
2595 10
2595 10
2595 10
2600 8
2600 8
2600 9
2600 8
2600 9
2600 8
2600 8
2600 8
2600 8
2600 9
2600 8
2600 8
2600 8
2600 8
2600 8
2600 8
2600 8
2600 8
2600 8
2600 8
2600 8
2600 9
2600 9
2600 8
2600 8
2600 8
2600 8
2600 8
2600 8
2600 8
2600 8
2600 8
2600 8
2600 8
2600 8
2600 8
2600 8
2600 9
2600 9
2600 8
2600 8
2600 8
2600 8
2600 8
2600 8
2600 8
2600 9
2600 8
2600 8
2600 8
2600 9
2600 8
2600 8
2600 9
2600 8
2600 8
2600 8
2600 8
2600 8
2600 8
2600 8
2600 9
2600 8
2600 9
2600 8
2600 8
2600 8
2600 8
2600 8
2600 8
2600 9
2600 8
2600 8
2600 9
2600 8
2600 8
2600 8
2600 9
2600 8
2600 9
2600 8
2600 8
2600 8
2600 8
2600 8
2600 8
2600 9
2600 8
2600 8
2600 8
2600 8
2600 8
2600 8
2600 8
2600 8
2600 8
2600 8
2600 8
2600 8
2600 8
2605 6
2605 6
2605 7
2605 7
2605 6
2605 6
2605 5
2605 6
2605 6
2605 6
2605 6
2605 6
2605 6
2605 6
2605 6
2605 6
2605 6
2605 6
2605 6
2605 6
2605 6
2605 6
2605 6
2605 6
2605 6
2605 6
2605 7
2605 6
2605 6
2605 6
2605 6
2605 6
2605 6
2605 7
2605 6
2605 7
2605 6
2605 6
2605 6
2605 6
2605 6
2605 6
2605 6
2605 6
2605 7
2605 6
2605 6
2605 6
2605 6
2605 6
2605 6
2605 6
2605 6
2605 6
2605 6
2605 7
2605 6
2605 6
2605 6
2605 6
2605 5
2605 6
2605 5
2605 6
2605 6
2605 6
2605 6
2605 6
2605 5
2605 6
2605 7
2605 6
2605 7
2605 6
2605 7
2605 6
2605 6
2605 7
2605 6
2605 6
2605 6
2605 6
2605 6
2605 6
2605 6
2605 6
2605 6
2605 7
2605 6
2605 6
2605 6
2605 6
2605 6
2605 6
2605 6
2605 6
2605 6
2605 6
2605 6
2610 4
2610 4
2610 4
2610 4
2610 5
2610 4
2610 4
2610 4
2610 4
2610 4
2610 4
2610 4
2610 4
2610 4
2610 4
2610 4
2610 4
2610 4
2610 4
2610 4
2610 4
2610 4
2610 4
2610 4
2610 4
2610 4
2610 4
2610 4
2610 4
2610 4
2610 4
2610 5
2610 4
2610 4
2610 4
2610 4
2610 4
2610 4
2610 4
2610 4
2610 5
2610 4
2610 4
2610 4
2610 4
2610 4
2610 4
2610 4
2610 4
2610 4
2610 5
2610 4
2610 4
2610 4
2610 4
2610 5
2610 4
2610 4
2610 4
2610 4
2610 4
2610 4
2610 5
2610 4
2610 5
2610 4
2610 4
2610 4
2610 5
2610 4
2610 4
2610 4
2610 4
2610 4
2610 5
2610 4
2610 4
2610 4
2610 4
2610 4
2610 4
2610 4
2610 4
2610 5
2610 4
2610 4
2610 4
2610 4
2610 4
2610 4
2610 4
2610 4
2610 4
2610 4
2610 4
2610 4
2610 4
2610 4
