TOA measurement vs Delay ---- Mon Jun 15 00:46:21 2020
Pixel = 4
config file = config/asic_config_B4.yml
NofIterations = 100
LSBest = 22.91034835061943
mean value = [  0.           0.           0.           0.           0.
   0.           0.           0.           0.           0.
   0.           0.           0.           0.           0.
   0.           0.           0.           0.           0.
   0.           0.           0.           0.           0.
   0.         125.49       123.4        120.39       118.6
 116.68       114.86       111.95959596 110.13       108.05
 106.12121212 103.75757576 101.78        99.45        97.5
  94.83        93.47474747  91.79        89.53535354  86.9
  85.04040404  83.29        80.89795918  78.62        75.99
  74.16        72.67676768  70.03        67.42        65.71
  63.47        61.72        59.79        57.71717172  55.85858586
  53.56        51.95        49.95959596  47.86        45.28282828
  42.70707071  41.61        39.13        36.91        34.53
  32.29        30.72727273  29.33        27.44        24.96969697
  23.16        20.44        18.45454545  16.47        14.48
  11.02         9.6185567    7.1122449    5.12         0.
   0.           0.           0.           0.           0.
   0.           0.           0.           0.           0.
   0.           0.           0.           0.           0.        ]
sigma = [0.         0.         0.         0.         0.         0.
 0.         0.         0.         0.         0.         0.
 0.         0.         0.         0.         0.         0.
 0.         0.         0.         0.         0.         0.
 0.         0.         0.67322606 0.70945989 0.69370983 0.70945989
 0.66402811 0.85072518 0.66733591 0.78513269 0.97510683 0.45831768
 1.01718476 0.70351498 0.91150059 1.01653005 0.5695905  0.75836659
 0.60764573 0.75796286 0.74386379 0.60376248 0.81806683 0.59886166
 0.67744618 1.03596976 0.48757905 1.02448098 0.74325859 0.98332768
 0.8539516  0.61027316 0.63634372 0.59095967 0.79347597 0.62174569
 0.68537095 0.67144124 0.85332614 0.63540014 1.02657028 0.59250411
 0.69370983 0.61354163 1.00261325 0.67263165 0.78053401 0.53073575
 0.80276605 0.74144004 0.79873063 0.76008771 0.6706216  0.89213995
 0.64220973 0.8443538  0.7368401  0.75279501 0.65412329 0.85377593
 0.         0.         0.         0.         0.         0.
 0.         0.         0.         0.         0.         0.
 0.         0.         0.         0.        ]
Pulse delay   TOA 
2265 24
2270 23
2275 21
2280 19
2285 16
2290 14
2295 27
2325 126
2325 126
2325 126
2325 126
2325 126
2325 126
2325 126
2325 126
2325 126
2325 126
2325 126
2325 126
2325 126
2325 126
2325 126
2325 126
2325 126
2325 126
2325 126
2325 126
2325 126
2325 126
2325 126
2325 126
2325 126
2325 126
2325 126
2325 126
2325 126
2325 126
2325 126
2325 126
2325 126
2325 126
2325 126
2330 126
2330 125
2330 126
2330 125
2330 126
2330 125
2330 126
2330 126
2330 126
2330 126
2330 125
2330 125
2330 126
2330 126
2330 124
2330 125
2330 125
2330 125
2330 126
2330 125
2330 125
2330 126
2330 125
2330 125
2330 125
2330 125
2330 126
2330 125
2330 126
2330 125
2330 126
2330 125
2330 125
2330 126
2330 124
2330 125
2330 125
2330 126
2330 126
2330 126
2330 125
2330 126
2330 126
2330 126
2330 126
2330 126
2330 126
2330 126
2330 124
2330 126
2330 126
2330 126
2330 126
2330 126
2330 126
2330 126
2330 125
2330 126
2330 125
2330 125
2330 124
2330 126
2330 126
2330 125
2330 126
2330 126
2330 126
2330 124
2330 126
2330 126
2330 126
2330 126
2330 125
2330 125
2330 125
2330 126
2330 126
2330 126
2330 125
2330 125
2330 126
2330 126
2330 125
2330 126
2330 125
2330 126
2330 126
2330 125
2330 126
2330 126
2330 125
2330 126
2330 125
2330 125
2330 124
2330 126
2330 125
2330 126
2330 125
2330 125
2335 123
2335 124
2335 123
2335 123
2335 124
2335 123
2335 123
2335 123
2335 123
2335 124
2335 124
2335 124
2335 122
2335 124
2335 122
2335 123
2335 123
2335 122
2335 123
2335 124
2335 124
2335 123
2335 123
2335 123
2335 123
2335 124
2335 123
2335 122
2335 124
2335 124
2335 124
2335 123
2335 124
2335 124
2335 123
2335 123
2335 124
2335 124
2335 124
2335 124
2335 123
2335 123
2335 124
2335 123
2335 124
2335 124
2335 123
2335 123
2335 124
2335 123
2335 123
2335 123
2335 123
2335 123
2335 123
2335 123
2335 124
2335 124
2335 122
2335 123
2335 124
2335 123
2335 123
2335 122
2335 123
2335 124
2335 124
2335 124
2335 124
2335 123
2335 124
2335 123
2335 122
2335 124
2335 124
2335 123
2335 122
2335 123
2335 123
2335 124
2335 124
2335 123
2335 124
2335 123
2335 123
2335 124
2335 123
2335 124
2335 124
2335 124
2335 124
2335 124
2335 123
2335 123
2335 124
2335 125
2335 124
2335 124
2335 124
2335 124
2340 120
2340 120
2340 123
2340 120
2340 120
2340 121
2340 121
2340 121
2340 121
2340 120
2340 120
2340 120
2340 121
2340 121
2340 120
2340 120
2340 121
2340 120
2340 120
2340 120
2340 120
2340 121
2340 120
2340 120
2340 120
2340 121
2340 120
2340 120
2340 120
2340 121
2340 120
2340 120
2340 120
2340 120
2340 120
2340 120
2340 120
2340 120
2340 120
2340 121
2340 120
2340 120
2340 122
2340 121
2340 120
2340 120
2340 120
2340 122
2340 121
2340 122
2340 120
2340 120
2340 120
2340 120
2340 120
2340 120
2340 122
2340 120
2340 120
2340 121
2340 121
2340 121
2340 120
2340 120
2340 120
2340 120
2340 119
2340 120
2340 121
2340 120
2340 120
2340 120
2340 121
2340 121
2340 121
2340 121
2340 120
2340 120
2340 120
2340 121
2340 120
2340 121
2340 121
2340 121
2340 120
2340 120
2340 120
2340 120
2340 120
2340 120
2340 120
2340 121
2340 121
2340 120
2340 120
2340 121
2340 120
2340 121
2340 120
2340 120
2345 117
2345 118
2345 118
2345 118
2345 118
2345 119
2345 118
2345 119
2345 119
2345 119
2345 120
2345 119
2345 119
2345 118
2345 120
2345 118
2345 119
2345 119
2345 119
2345 119
2345 119
2345 118
2345 118
2345 119
2345 119
2345 118
2345 119
2345 119
2345 118
2345 120
2345 119
2345 119
2345 119
2345 119
2345 118
2345 118
2345 119
2345 118
2345 119
2345 118
2345 118
2345 119
2345 119
2345 118
2345 119
2345 119
2345 119
2345 118
2345 119
2345 119
2345 118
2345 119
2345 118
2345 119
2345 118
2345 118
2345 119
2345 119
2345 119
2345 119
2345 117
2345 120
2345 120
2345 118
2345 117
2345 119
2345 118
2345 119
2345 119
2345 119
2345 119
2345 119
2345 118
2345 119
2345 118
2345 118
2345 118
2345 119
2345 119
2345 118
2345 119
2345 118
2345 118
2345 118
2345 118
2345 118
2345 119
2345 119
2345 118
2345 120
2345 119
2345 118
2345 119
2345 119
2345 118
2345 118
2345 118
2345 119
2345 119
2345 118
2350 117
2350 116
2350 116
2350 117
2350 116
2350 117
2350 117
2350 117
2350 116
2350 117
2350 117
2350 116
2350 117
2350 117
2350 116
2350 116
2350 116
2350 118
2350 115
2350 117
2350 116
2350 117
2350 118
2350 117
2350 117
2350 117
2350 117
2350 117
2350 117
2350 116
2350 117
2350 117
2350 117
2350 117
2350 116
2350 117
2350 117
2350 117
2350 117
2350 116
2350 117
2350 117
2350 117
2350 116
2350 117
2350 116
2350 118
2350 116
2350 116
2350 117
2350 117
2350 116
2350 117
2350 116
2350 117
2350 117
2350 116
2350 117
2350 116
2350 117
2350 116
2350 118
2350 116
2350 117
2350 118
2350 117
2350 117
2350 117
2350 117
2350 117
2350 116
2350 117
2350 117
2350 117
2350 116
2350 117
2350 116
2350 117
2350 116
2350 117
2350 117
2350 116
2350 117
2350 116
2350 116
2350 117
2350 116
2350 117
2350 116
2350 118
2350 117
2350 117
2350 116
2350 117
2350 117
2350 116
2350 116
2350 116
2350 117
2350 116
2355 115
2355 114
2355 114
2355 114
2355 115
2355 115
2355 115
2355 114
2355 114
2355 115
2355 116
2355 114
2355 115
2355 116
2355 116
2355 115
2355 114
2355 115
2355 116
2355 115
2355 116
2355 114
2355 115
2355 115
2355 115
2355 115
2355 114
2355 115
2355 115
2355 115
2355 115
2355 115
2355 115
2355 115
2355 116
2355 115
2355 114
2355 115
2355 116
2355 116
2355 116
2355 115
2355 115
2355 114
2355 114
2355 114
2355 116
2355 115
2355 115
2355 115
2355 114
2355 115
2355 115
2355 115
2355 116
2355 114
2355 115
2355 116
2355 114
2355 116
2355 114
2355 114
2355 113
2355 116
2355 116
2355 116
2355 116
2355 116
2355 114
2355 116
2355 115
2355 115
2355 114
2355 116
2355 114
2355 115
2355 115
2355 113
2355 114
2355 115
2355 114
2355 114
2355 116
2355 114
2355 115
2355 114
2355 114
2355 114
2355 115
2355 115
2355 116
2355 113
2355 116
2355 114
2355 115
2355 114
2355 115
2355 115
2355 114
2355 115
2360 112
2360 113
2360 112
2360 112
2360 112
2360 111
2360 112
2360 112
2360 111
2360 112
2360 111
2360 112
2360 112
2360 112
2360 113
2360 111
2360 112
2360 113
2360 112
2360 112
2360 112
2360 112
2360 112
2360 112
2360 113
2360 112
2360 113
2360 112
2360 112
2360 112
2360 112
2360 112
2360 112
2360 111
2360 112
2360 111
2360 112
2360 112
2360 112
2360 111
2360 112
2360 112
2360 111
2360 112
2360 112
2360 113
2360 113
2360 113
2360 112
2360 110
2360 112
2360 112
2360 113
2360 112
2360 113
2360 112
2360 111
2360 112
2360 113
2360 112
2360 113
2360 112
2360 111
2360 111
2360 112
2360 112
2360 112
2360 111
2360 112
2360 112
2360 111
2360 112
2360 112
2360 113
2360 112
2360 112
2360 111
2360 112
2360 112
2360 111
2360 111
2360 112
2360 112
2360 113
2360 112
2360 112
2360 112
2360 112
2360 111
2360 113
2360 112
2360 112
2360 112
2360 112
2360 112
2360 112
2360 112
2360 112
2360 112
2365 111
2365 111
2365 111
2365 109
2365 109
2365 109
2365 110
2365 111
2365 109
2365 110
2365 110
2365 111
2365 110
2365 111
2365 111
2365 111
2365 111
2365 110
2365 111
2365 111
2365 108
2365 110
2365 111
2365 111
2365 110
2365 111
2365 110
2365 110
2365 111
2365 110
2365 110
2365 110
2365 110
2365 110
2365 110
2365 110
2365 110
2365 110
2365 111
2365 111
2365 110
2365 109
2365 111
2365 111
2365 111
2365 109
2365 109
2365 110
2365 110
2365 110
2365 109
2365 111
2365 110
2365 109
2365 110
2365 111
2365 109
2365 110
2365 109
2365 111
2365 111
2365 109
2365 111
2365 110
2365 109
2365 110
2365 110
2365 110
2365 110
2365 111
2365 109
2365 110
2365 110
2365 110
2365 111
2365 111
2365 109
2365 110
2365 111
2365 111
2365 109
2365 110
2365 110
2365 110
2365 110
2365 111
2365 109
2365 110
2365 110
2365 110
2365 110
2365 110
2365 111
2365 109
2365 110
2365 110
2365 110
2365 110
2365 111
2365 110
2370 107
2370 108
2370 107
2370 108
2370 108
2370 108
2370 109
2370 108
2370 108
2370 109
2370 107
2370 107
2370 108
2370 107
2370 110
2370 107
2370 110
2370 109
2370 109
2370 108
2370 108
2370 107
2370 107
2370 109
2370 108
2370 108
2370 109
2370 107
2370 110
2370 107
2370 110
2370 109
2370 108
2370 107
2370 107
2370 107
2370 109
2370 107
2370 107
2370 107
2370 108
2370 108
2370 109
2370 107
2370 107
2370 109
2370 108
2370 109
2370 108
2370 109
2370 108
2370 107
2370 108
2370 108
2370 109
2370 107
2370 108
2370 108
2370 108
2370 109
2370 110
2370 109
2370 107
2370 107
2370 109
2370 108
2370 109
2370 108
2370 108
2370 107
2370 108
2370 109
2370 110
2370 108
2370 107
2370 107
2370 109
2370 107
2370 108
2370 108
2370 109
2370 109
2370 107
2370 108
2370 107
2370 107
2370 107
2370 109
2370 109
2370 107
2370 107
2370 109
2370 109
2370 109
2370 107
2370 109
2370 108
2370 107
2370 109
2370 107
2375 106
2375 106
2375 106
2375 107
2375 106
2375 107
2375 107
2375 106
2375 106
2375 106
2375 106
2375 107
2375 106
2375 106
2375 106
2375 106
2375 106
2375 106
2375 106
2375 106
2375 106
2375 106
2375 106
2375 107
2375 107
2375 106
2375 106
2375 106
2375 106
2375 106
2375 106
2375 106
2375 106
2375 106
2375 106
2375 106
2375 106
2375 107
2375 106
2375 106
2375 106
2375 106
2375 106
2375 106
2375 106
2375 107
2375 106
2375 106
2375 106
2375 106
2375 107
2375 106
2375 106
2375 106
2375 106
2375 106
2375 106
2375 106
2375 106
2375 107
2375 106
2375 106
2375 105
2375 106
2375 106
2375 106
2375 106
2375 106
2375 106
2375 106
2375 106
2375 106
2375 106
2375 107
2375 106
2375 106
2375 106
2375 106
2375 106
2375 106
2375 106
2375 106
2375 106
2375 106
2375 107
2375 107
2375 106
2375 106
2375 106
2375 106
2375 106
2375 106
2375 106
2375 106
2375 106
2375 106
2375 106
2375 106
2375 106
2380 105
2380 103
2380 106
2380 105
2380 104
2380 105
2380 105
2380 103
2380 103
2380 103
2380 104
2380 103
2380 103
2380 103
2380 103
2380 103
2380 104
2380 103
2380 105
2380 105
2380 103
2380 103
2380 103
2380 103
2380 102
2380 105
2380 103
2380 105
2380 103
2380 105
2380 104
2380 105
2380 105
2380 105
2380 103
2380 103
2380 103
2380 103
2380 103
2380 104
2380 104
2380 104
2380 103
2380 105
2380 103
2380 105
2380 104
2380 103
2380 103
2380 104
2380 106
2380 105
2380 103
2380 103
2380 103
2380 103
2380 105
2380 105
2380 103
2380 105
2380 105
2380 103
2380 103
2380 105
2380 105
2380 103
2380 103
2380 103
2380 105
2380 104
2380 105
2380 105
2380 102
2380 103
2380 103
2380 103
2380 105
2380 105
2380 104
2380 103
2380 103
2380 103
2380 103
2380 105
2380 103
2380 103
2380 103
2380 105
2380 103
2380 103
2380 103
2380 103
2380 103
2380 105
2380 103
2380 103
2380 105
2380 103
2380 103
2385 102
2385 103
2385 103
2385 102
2385 101
2385 102
2385 102
2385 102
2385 101
2385 103
2385 102
2385 101
2385 102
2385 101
2385 102
2385 101
2385 103
2385 102
2385 102
2385 102
2385 102
2385 101
2385 103
2385 102
2385 102
2385 102
2385 101
2385 101
2385 101
2385 101
2385 101
2385 102
2385 102
2385 102
2385 101
2385 102
2385 102
2385 102
2385 103
2385 102
2385 102
2385 102
2385 102
2385 101
2385 102
2385 102
2385 103
2385 103
2385 101
2385 102
2385 102
2385 102
2385 101
2385 103
2385 102
2385 102
2385 102
2385 102
2385 101
2385 102
2385 101
2385 102
2385 102
2385 102
2385 102
2385 101
2385 102
2385 103
2385 101
2385 102
2385 101
2385 102
2385 103
2385 101
2385 102
2385 102
2385 103
2385 101
2385 101
2385 101
2385 101
2385 101
2385 102
2385 101
2385 102
2385 101
2385 101
2385 102
2385 101
2385 101
2385 102
2385 102
2385 101
2385 102
2385 102
2385 102
2385 102
2385 101
2385 102
2385 101
2390 101
2390 99
2390 99
2390 99
2390 99
2390 99
2390 99
2390 99
2390 101
2390 99
2390 99
2390 101
2390 99
2390 99
2390 99
2390 99
2390 101
2390 99
2390 99
2390 101
2390 99
2390 99
2390 99
2390 99
2390 99
2390 99
2390 99
2390 99
2390 99
2390 99
2390 99
2390 99
2390 99
2390 99
2390 99
2390 99
2390 101
2390 99
2390 99
2390 101
2390 99
2390 101
2390 99
2390 99
2390 101
2390 99
2390 98
2390 101
2390 99
2390 99
2390 101
2390 99
2390 98
2390 101
2390 99
2390 99
2390 99
2390 99
2390 99
2390 99
2390 100
2390 99
2390 101
2390 99
2390 99
2390 99
2390 99
2390 101
2390 99
2390 101
2390 101
2390 101
2390 99
2390 101
2390 99
2390 99
2390 99
2390 101
2390 101
2390 99
2390 99
2390 101
2390 99
2390 99
2390 99
2390 99
2390 99
2390 101
2390 99
2390 99
2390 99
2390 99
2390 101
2390 99
2390 99
2390 99
2390 99
2390 99
2390 99
2390 99
2395 97
2395 99
2395 97
2395 97
2395 96
2395 98
2395 97
2395 99
2395 98
2395 97
2395 97
2395 96
2395 99
2395 98
2395 98
2395 96
2395 97
2395 98
2395 98
2395 97
2395 96
2395 98
2395 99
2395 97
2395 96
2395 97
2395 96
2395 98
2395 98
2395 98
2395 99
2395 96
2395 97
2395 98
2395 96
2395 96
2395 99
2395 97
2395 97
2395 96
2395 97
2395 98
2395 96
2395 97
2395 96
2395 99
2395 97
2395 97
2395 97
2395 98
2395 98
2395 97
2395 97
2395 97
2395 98
2395 97
2395 98
2395 98
2395 96
2395 96
2395 98
2395 98
2395 98
2395 99
2395 96
2395 97
2395 98
2395 99
2395 97
2395 97
2395 96
2395 98
2395 99
2395 99
2395 97
2395 98
2395 97
2395 97
2395 98
2395 98
2395 96
2395 98
2395 99
2395 96
2395 98
2395 99
2395 98
2395 96
2395 99
2395 98
2395 99
2395 98
2395 98
2395 99
2395 98
2395 98
2395 98
2395 98
2395 98
2395 98
2400 94
2400 95
2400 94
2400 95
2400 95
2400 94
2400 96
2400 95
2400 95
2400 94
2400 95
2400 95
2400 94
2400 95
2400 95
2400 95
2400 94
2400 94
2400 95
2400 94
2400 95
2400 95
2400 95
2400 95
2400 95
2400 95
2400 95
2400 95
2400 95
2400 95
2400 95
2400 94
2400 95
2400 96
2400 95
2400 95
2400 94
2400 95
2400 95
2400 95
2400 94
2400 95
2400 95
2400 95
2400 95
2400 94
2400 95
2400 95
2400 95
2400 94
2400 95
2400 95
2400 94
2400 94
2400 94
2400 95
2400 95
2400 95
2400 95
2400 95
2400 95
2400 95
2400 96
2400 95
2400 94
2400 95
2400 95
2400 95
2400 95
2400 95
2400 94
2400 95
2400 94
2400 95
2400 94
2400 96
2400 96
2400 95
2400 95
2400 95
2400 95
2400 95
2400 95
2400 95
2400 95
2400 95
2400 95
2400 95
2400 95
2400 95
2400 94
2400 95
2400 95
2400 95
2400 94
2400 95
2400 95
2400 95
2400 95
2400 95
2405 94
2405 94
2405 93
2405 94
2405 93
2405 93
2405 93
2405 92
2405 94
2405 94
2405 93
2405 93
2405 94
2405 94
2405 93
2405 94
2405 93
2405 94
2405 92
2405 92
2405 94
2405 94
2405 94
2405 92
2405 94
2405 94
2405 92
2405 93
2405 94
2405 94
2405 94
2405 93
2405 94
2405 94
2405 94
2405 94
2405 94
2405 93
2405 93
2405 93
2405 94
2405 94
2405 94
2405 93
2405 94
2405 94
2405 94
2405 94
2405 94
2405 92
2405 94
2405 92
2405 94
2405 92
2405 94
2405 93
2405 94
2405 94
2405 94
2405 93
2405 93
2405 94
2405 93
2405 94
2405 93
2405 93
2405 95
2405 93
2405 94
2405 92
2405 94
2405 93
2405 93
2405 94
2405 94
2405 94
2405 93
2405 92
2405 93
2405 94
2405 93
2405 93
2405 93
2405 94
2405 94
2405 93
2405 93
2405 94
2405 94
2405 94
2405 94
2405 94
2405 94
2405 94
2405 92
2405 94
2405 94
2405 93
2405 94
2410 91
2410 91
2410 92
2410 92
2410 92
2410 92
2410 92
2410 92
2410 91
2410 92
2410 92
2410 92
2410 90
2410 92
2410 92
2410 91
2410 92
2410 92
2410 92
2410 92
2410 91
2410 92
2410 92
2410 92
2410 92
2410 92
2410 92
2410 92
2410 92
2410 92
2410 92
2410 92
2410 92
2410 91
2410 91
2410 93
2410 91
2410 92
2410 91
2410 92
2410 92
2410 92
2410 93
2410 91
2410 92
2410 92
2410 92
2410 92
2410 92
2410 93
2410 91
2410 91
2410 92
2410 92
2410 92
2410 92
2410 92
2410 92
2410 92
2410 91
2410 90
2410 92
2410 92
2410 92
2410 92
2410 91
2410 92
2410 92
2410 91
2410 91
2410 92
2410 91
2410 92
2410 92
2410 92
2410 92
2410 92
2410 92
2410 91
2410 91
2410 91
2410 92
2410 92
2410 92
2410 92
2410 93
2410 92
2410 92
2410 92
2410 92
2410 92
2410 91
2410 92
2410 92
2410 92
2410 92
2410 92
2410 92
2410 92
2410 92
2415 89
2415 89
2415 88
2415 89
2415 89
2415 89
2415 90
2415 90
2415 91
2415 90
2415 89
2415 90
2415 90
2415 89
2415 90
2415 88
2415 90
2415 89
2415 89
2415 89
2415 89
2415 90
2415 90
2415 91
2415 90
2415 90
2415 89
2415 89
2415 90
2415 90
2415 89
2415 90
2415 89
2415 90
2415 91
2415 89
2415 89
2415 89
2415 89
2415 89
2415 90
2415 90
2415 89
2415 90
2415 90
2415 90
2415 89
2415 89
2415 89
2415 90
2415 90
2415 89
2415 90
2415 89
2415 89
2415 90
2415 90
2415 89
2415 90
2415 90
2415 90
2415 89
2415 89
2415 88
2415 90
2415 89
2415 90
2415 90
2415 89
2415 89
2415 90
2415 89
2415 90
2415 88
2415 89
2415 90
2415 91
2415 90
2415 90
2415 88
2415 89
2415 91
2415 90
2415 89
2415 89
2415 90
2415 89
2415 90
2415 91
2415 89
2415 90
2415 89
2415 91
2415 89
2415 90
2415 89
2415 90
2415 90
2415 90
2420 87
2420 87
2420 87
2420 87
2420 87
2420 86
2420 86
2420 87
2420 86
2420 88
2420 86
2420 87
2420 88
2420 87
2420 88
2420 88
2420 88
2420 86
2420 87
2420 88
2420 87
2420 87
2420 87
2420 87
2420 86
2420 87
2420 86
2420 87
2420 87
2420 87
2420 87
2420 87
2420 86
2420 86
2420 87
2420 87
2420 85
2420 87
2420 86
2420 86
2420 87
2420 86
2420 87
2420 87
2420 87
2420 87
2420 87
2420 87
2420 87
2420 87
2420 88
2420 87
2420 86
2420 87
2420 86
2420 87
2420 88
2420 86
2420 87
2420 88
2420 87
2420 86
2420 87
2420 88
2420 87
2420 86
2420 87
2420 88
2420 86
2420 87
2420 87
2420 86
2420 87
2420 87
2420 88
2420 86
2420 88
2420 87
2420 87
2420 88
2420 87
2420 87
2420 86
2420 87
2420 87
2420 87
2420 86
2420 88
2420 87
2420 87
2420 87
2420 87
2420 86
2420 87
2420 86
2420 88
2420 88
2420 86
2420 86
2420 88
2425 84
2425 85
2425 85
2425 85
2425 86
2425 86
2425 85
2425 85
2425 85
2425 85
2425 85
2425 85
2425 85
2425 85
2425 86
2425 86
2425 85
2425 84
2425 85
2425 85
2425 85
2425 85
2425 85
2425 85
2425 85
2425 85
2425 86
2425 85
2425 86
2425 85
2425 85
2425 85
2425 85
2425 85
2425 85
2425 85
2425 86
2425 84
2425 85
2425 85
2425 85
2425 85
2425 85
2425 85
2425 86
2425 84
2425 85
2425 85
2425 85
2425 85
2425 85
2425 86
2425 85
2425 85
2425 85
2425 85
2425 84
2425 86
2425 85
2425 85
2425 84
2425 85
2425 85
2425 84
2425 85
2425 85
2425 85
2425 85
2425 85
2425 84
2425 85
2425 86
2425 85
2425 85
2425 85
2425 86
2425 86
2425 85
2425 85
2425 85
2425 84
2425 85
2425 85
2425 84
2425 86
2425 84
2425 85
2425 85
2425 85
2425 85
2425 85
2425 86
2425 85
2425 85
2425 86
2425 85
2425 85
2425 84
2425 85
2430 84
2430 82
2430 83
2430 83
2430 84
2430 83
2430 84
2430 84
2430 83
2430 84
2430 84
2430 82
2430 84
2430 82
2430 84
2430 84
2430 84
2430 84
2430 84
2430 84
2430 84
2430 84
2430 84
2430 83
2430 83
2430 84
2430 83
2430 84
2430 84
2430 84
2430 82
2430 83
2430 82
2430 82
2430 84
2430 83
2430 84
2430 82
2430 84
2430 82
2430 84
2430 83
2430 83
2430 82
2430 83
2430 83
2430 83
2430 83
2430 83
2430 84
2430 84
2430 82
2430 83
2430 83
2430 84
2430 84
2430 82
2430 83
2430 83
2430 84
2430 84
2430 82
2430 84
2430 84
2430 82
2430 83
2430 83
2430 83
2430 84
2430 84
2430 83
2430 84
2430 84
2430 83
2430 84
2430 84
2430 84
2430 84
2430 84
2430 82
2430 83
2430 83
2430 82
2430 83
2430 82
2430 84
2430 82
2430 83
2430 84
2430 83
2430 84
2430 84
2430 83
2430 84
2430 82
2430 83
2430 82
2430 83
2430 84
2430 84
2435 81
2435 80
2435 80
2435 81
2435 81
2435 81
2435 80
2435 80
2435 81
2435 81
2435 82
2435 81
2435 81
2435 82
2435 81
2435 81
2435 81
2435 80
2435 80
2435 81
2435 81
2435 82
2435 81
2435 81
2435 81
2435 81
2435 81
2435 81
2435 81
2435 81
2435 80
2435 81
2435 81
2435 80
2435 81
2435 81
2435 81
2435 81
2435 80
2435 81
2435 80
2435 81
2435 81
2435 81
2435 82
2435 81
2435 81
2435 81
2435 81
2435 81
2435 81
2435 80
2435 80
2435 81
2435 82
2435 81
2435 81
2435 81
2435 81
2435 81
2435 81
2435 81
2435 82
2435 81
2435 81
2435 81
2435 81
2435 81
2435 81
2435 80
2435 81
2435 80
2435 82
2435 80
2435 81
2435 80
2435 81
2435 80
2435 81
2435 81
2435 81
2435 81
2435 81
2435 81
2435 80
2435 81
2435 81
2435 81
2435 80
2435 81
2435 81
2435 82
2435 81
2435 82
2435 81
2435 81
2435 81
2435 81
2440 79
2440 78
2440 77
2440 79
2440 80
2440 79
2440 79
2440 79
2440 79
2440 78
2440 78
2440 79
2440 79
2440 79
2440 79
2440 79
2440 78
2440 79
2440 79
2440 78
2440 78
2440 79
2440 79
2440 79
2440 79
2440 79
2440 80
2440 77
2440 78
2440 79
2440 78
2440 79
2440 78
2440 79
2440 79
2440 78
2440 80
2440 78
2440 79
2440 79
2440 78
2440 78
2440 78
2440 79
2440 79
2440 79
2440 78
2440 79
2440 79
2440 78
2440 79
2440 78
2440 78
2440 79
2440 78
2440 78
2440 79
2440 78
2440 79
2440 79
2440 79
2440 79
2440 79
2440 79
2440 79
2440 79
2440 77
2440 79
2440 78
2440 79
2440 79
2440 78
2440 79
2440 79
2440 77
2440 79
2440 79
2440 78
2440 79
2440 79
2440 79
2440 79
2440 79
2440 79
2440 78
2440 79
2440 79
2440 78
2440 78
2440 79
2440 79
2440 78
2440 79
2440 79
2440 78
2440 78
2440 79
2440 78
2440 78
2440 78
2445 76
2445 75
2445 75
2445 75
2445 75
2445 75
2445 76
2445 75
2445 75
2445 75
2445 77
2445 75
2445 78
2445 77
2445 76
2445 77
2445 77
2445 77
2445 75
2445 76
2445 75
2445 75
2445 77
2445 77
2445 75
2445 75
2445 77
2445 77
2445 78
2445 75
2445 76
2445 76
2445 77
2445 76
2445 75
2445 75
2445 75
2445 76
2445 76
2445 76
2445 77
2445 77
2445 75
2445 75
2445 76
2445 77
2445 76
2445 77
2445 77
2445 77
2445 78
2445 75
2445 75
2445 77
2445 77
2445 75
2445 78
2445 78
2445 77
2445 77
2445 75
2445 76
2445 75
2445 75
2445 76
2445 75
2445 75
2445 77
2445 75
2445 78
2445 75
2445 75
2445 77
2445 75
2445 76
2445 75
2445 76
2445 77
2445 77
2445 75
2445 75
2445 75
2445 75
2445 75
2445 77
2445 75
2445 75
2445 76
2445 75
2445 77
2445 77
2445 76
2445 75
2445 76
2445 77
2445 78
2445 76
2445 75
2445 76
2445 76
2450 74
2450 74
2450 74
2450 74
2450 74
2450 74
2450 74
2450 75
2450 74
2450 74
2450 74
2450 75
2450 74
2450 74
2450 75
2450 74
2450 74
2450 74
2450 74
2450 74
2450 74
2450 74
2450 74
2450 75
2450 74
2450 74
2450 74
2450 74
2450 74
2450 74
2450 74
2450 75
2450 74
2450 74
2450 74
2450 74
2450 74
2450 74
2450 74
2450 74
2450 74
2450 74
2450 74
2450 74
2450 74
2450 74
2450 74
2450 74
2450 74
2450 74
2450 74
2450 74
2450 74
2450 74
2450 75
2450 74
2450 74
2450 74
2450 74
2450 74
2450 74
2450 74
2450 74
2450 75
2450 74
2450 75
2450 74
2450 74
2450 74
2450 75
2450 75
2450 74
2450 74
2450 74
2450 75
2450 75
2450 74
2450 74
2450 74
2450 74
2450 75
2450 74
2450 74
2450 75
2450 74
2450 75
2450 75
2450 74
2450 74
2450 74
2450 74
2450 75
2450 74
2450 74
2450 74
2450 74
2450 73
2450 74
2450 74
2450 74
2455 73
2455 71
2455 72
2455 73
2455 72
2455 73
2455 71
2455 73
2455 74
2455 74
2455 74
2455 74
2455 73
2455 74
2455 73
2455 73
2455 73
2455 72
2455 73
2455 73
2455 72
2455 72
2455 73
2455 74
2455 73
2455 72
2455 74
2455 71
2455 74
2455 72
2455 73
2455 73
2455 71
2455 73
2455 73
2455 73
2455 72
2455 72
2455 73
2455 73
2455 73
2455 73
2455 73
2455 73
2455 73
2455 73
2455 71
2455 73
2455 73
2455 74
2455 73
2455 71
2455 74
2455 73
2455 73
2455 72
2455 71
2455 74
2455 74
2455 71
2455 73
2455 73
2455 72
2455 74
2455 73
2455 72
2455 73
2455 74
2455 71
2455 73
2455 72
2455 71
2455 73
2455 73
2455 74
2455 73
2455 73
2455 71
2455 71
2455 72
2455 73
2455 74
2455 73
2455 73
2455 73
2455 73
2455 72
2455 71
2455 71
2455 71
2455 71
2455 74
2455 73
2455 74
2455 71
2455 73
2455 74
2455 73
2455 71
2460 70
2460 70
2460 71
2460 71
2460 70
2460 71
2460 71
2460 71
2460 70
2460 70
2460 70
2460 70
2460 70
2460 70
2460 71
2460 69
2460 71
2460 70
2460 70
2460 69
2460 70
2460 71
2460 70
2460 70
2460 70
2460 71
2460 69
2460 71
2460 71
2460 70
2460 70
2460 70
2460 70
2460 70
2460 70
2460 69
2460 71
2460 70
2460 70
2460 71
2460 70
2460 70
2460 69
2460 70
2460 70
2460 70
2460 71
2460 69
2460 69
2460 70
2460 70
2460 71
2460 70
2460 70
2460 69
2460 70
2460 70
2460 71
2460 70
2460 70
2460 70
2460 69
2460 70
2460 70
2460 70
2460 70
2460 69
2460 70
2460 69
2460 70
2460 69
2460 70
2460 70
2460 71
2460 70
2460 70
2460 70
2460 69
2460 71
2460 70
2460 71
2460 70
2460 69
2460 70
2460 70
2460 70
2460 69
2460 70
2460 67
2460 71
2460 70
2460 69
2460 70
2460 71
2460 70
2460 70
2460 70
2460 70
2460 71
2460 70
2465 67
2465 67
2465 67
2465 67
2465 67
2465 67
2465 69
2465 67
2465 69
2465 67
2465 67
2465 67
2465 69
2465 67
2465 67
2465 67
2465 69
2465 67
2465 67
2465 69
2465 67
2465 67
2465 69
2465 67
2465 67
2465 69
2465 67
2465 67
2465 67
2465 67
2465 67
2465 66
2465 69
2465 67
2465 67
2465 67
2465 67
2465 67
2465 67
2465 67
2465 67
2465 67
2465 67
2465 69
2465 69
2465 67
2465 67
2465 67
2465 67
2465 67
2465 67
2465 67
2465 67
2465 67
2465 67
2465 69
2465 69
2465 69
2465 67
2465 67
2465 69
2465 67
2465 67
2465 66
2465 67
2465 67
2465 67
2465 67
2465 67
2465 67
2465 67
2465 67
2465 67
2465 67
2465 67
2465 67
2465 67
2465 67
2465 67
2465 67
2465 69
2465 67
2465 67
2465 67
2465 67
2465 67
2465 67
2465 67
2465 69
2465 71
2465 67
2465 67
2465 67
2465 67
2465 69
2465 69
2465 67
2465 67
2465 71
2465 67
2470 67
2470 66
2470 66
2470 66
2470 66
2470 66
2470 66
2470 66
2470 65
2470 66
2470 66
2470 65
2470 66
2470 65
2470 65
2470 64
2470 66
2470 66
2470 66
2470 67
2470 67
2470 67
2470 66
2470 65
2470 65
2470 65
2470 66
2470 65
2470 64
2470 67
2470 65
2470 66
2470 66
2470 65
2470 66
2470 66
2470 64
2470 66
2470 64
2470 66
2470 66
2470 67
2470 65
2470 65
2470 66
2470 66
2470 67
2470 65
2470 67
2470 65
2470 66
2470 66
2470 65
2470 65
2470 65
2470 66
2470 66
2470 66
2470 66
2470 65
2470 66
2470 67
2470 67
2470 65
2470 65
2470 65
2470 64
2470 66
2470 66
2470 67
2470 65
2470 67
2470 65
2470 66
2470 66
2470 67
2470 65
2470 66
2470 65
2470 64
2470 66
2470 65
2470 66
2470 66
2470 65
2470 67
2470 65
2470 66
2470 66
2470 65
2470 67
2470 65
2470 67
2470 66
2470 65
2470 65
2470 66
2470 66
2470 66
2470 65
2475 63
2475 64
2475 63
2475 63
2475 64
2475 63
2475 63
2475 64
2475 64
2475 63
2475 63
2475 63
2475 64
2475 63
2475 64
2475 63
2475 64
2475 64
2475 63
2475 63
2475 63
2475 63
2475 63
2475 64
2475 64
2475 63
2475 63
2475 64
2475 64
2475 63
2475 63
2475 64
2475 63
2475 63
2475 64
2475 63
2475 64
2475 63
2475 63
2475 63
2475 63
2475 63
2475 64
2475 64
2475 63
2475 63
2475 63
2475 63
2475 64
2475 64
2475 63
2475 64
2475 63
2475 63
2475 64
2475 63
2475 63
2475 63
2475 64
2475 64
2475 64
2475 63
2475 64
2475 63
2475 64
2475 63
2475 63
2475 63
2475 64
2475 63
2475 62
2475 64
2475 64
2475 65
2475 63
2475 64
2475 64
2475 64
2475 64
2475 64
2475 64
2475 64
2475 64
2475 64
2475 64
2475 63
2475 63
2475 63
2475 64
2475 63
2475 63
2475 64
2475 64
2475 63
2475 64
2475 64
2475 64
2475 64
2475 63
2475 63
2480 62
2480 61
2480 62
2480 60
2480 62
2480 62
2480 61
2480 62
2480 60
2480 61
2480 61
2480 62
2480 61
2480 61
2480 62
2480 62
2480 62
2480 62
2480 61
2480 62
2480 62
2480 62
2480 62
2480 61
2480 60
2480 62
2480 61
2480 62
2480 62
2480 62
2480 61
2480 62
2480 62
2480 62
2480 62
2480 61
2480 62
2480 62
2480 62
2480 62
2480 62
2480 60
2480 62
2480 62
2480 62
2480 62
2480 62
2480 61
2480 62
2480 62
2480 60
2480 62
2480 62
2480 62
2480 62
2480 62
2480 62
2480 62
2480 62
2480 62
2480 62
2480 62
2480 61
2480 62
2480 62
2480 62
2480 62
2480 61
2480 62
2480 62
2480 62
2480 62
2480 62
2480 62
2480 62
2480 62
2480 62
2480 61
2480 62
2480 62
2480 62
2480 62
2480 62
2480 62
2480 62
2480 62
2480 62
2480 61
2480 62
2480 62
2480 62
2480 62
2480 62
2480 62
2480 62
2480 60
2480 62
2480 62
2480 62
2480 62
2485 60
2485 60
2485 59
2485 59
2485 60
2485 60
2485 60
2485 60
2485 60
2485 60
2485 60
2485 59
2485 60
2485 59
2485 60
2485 60
2485 59
2485 60
2485 60
2485 60
2485 60
2485 59
2485 60
2485 60
2485 59
2485 60
2485 59
2485 60
2485 60
2485 59
2485 59
2485 60
2485 60
2485 60
2485 60
2485 60
2485 58
2485 60
2485 60
2485 61
2485 60
2485 60
2485 59
2485 60
2485 60
2485 60
2485 60
2485 60
2485 59
2485 59
2485 60
2485 60
2485 60
2485 60
2485 60
2485 60
2485 61
2485 60
2485 60
2485 60
2485 60
2485 60
2485 60
2485 59
2485 60
2485 60
2485 60
2485 60
2485 60
2485 60
2485 61
2485 60
2485 59
2485 60
2485 60
2485 60
2485 59
2485 59
2485 60
2485 59
2485 59
2485 59
2485 59
2485 60
2485 59
2485 60
2485 60
2485 59
2485 60
2485 60
2485 60
2485 60
2485 60
2485 60
2485 60
2485 60
2485 60
2485 61
2485 60
2485 60
2490 58
2490 58
2490 57
2490 57
2490 58
2490 58
2490 58
2490 58
2490 57
2490 59
2490 57
2490 58
2490 57
2490 58
2490 57
2490 57
2490 59
2490 57
2490 58
2490 58
2490 58
2490 58
2490 58
2490 58
2490 57
2490 58
2490 57
2490 57
2490 57
2490 58
2490 57
2490 58
2490 57
2490 58
2490 57
2490 57
2490 57
2490 58
2490 58
2490 57
2490 58
2490 56
2490 58
2490 60
2490 57
2490 57
2490 59
2490 58
2490 58
2490 57
2490 58
2490 57
2490 57
2490 58
2490 58
2490 59
2490 58
2490 58
2490 57
2490 59
2490 57
2490 58
2490 58
2490 59
2490 57
2490 58
2490 59
2490 57
2490 58
2490 57
2490 58
2490 58
2490 58
2490 57
2490 57
2490 57
2490 58
2490 58
2490 56
2490 58
2490 58
2490 59
2490 56
2490 58
2490 58
2490 59
2490 57
2490 57
2490 59
2490 57
2490 58
2490 58
2490 57
2490 58
2490 58
2490 58
2490 58
2490 59
2490 58
2495 56
2495 56
2495 56
2495 57
2495 57
2495 55
2495 56
2495 57
2495 56
2495 56
2495 56
2495 56
2495 56
2495 56
2495 56
2495 55
2495 56
2495 55
2495 56
2495 56
2495 56
2495 56
2495 55
2495 55
2495 55
2495 56
2495 56
2495 55
2495 56
2495 56
2495 56
2495 56
2495 56
2495 56
2495 56
2495 56
2495 56
2495 55
2495 55
2495 56
2495 56
2495 56
2495 57
2495 56
2495 57
2495 56
2495 57
2495 56
2495 56
2495 56
2495 56
2495 57
2495 56
2495 56
2495 56
2495 56
2495 56
2495 55
2495 56
2495 56
2495 55
2495 57
2495 56
2495 56
2495 56
2495 56
2495 56
2495 56
2495 55
2495 56
2495 56
2495 56
2495 56
2495 56
2495 55
2495 56
2495 55
2495 56
2495 56
2495 56
2495 56
2495 56
2495 56
2495 55
2495 56
2495 56
2495 55
2495 55
2495 55
2495 55
2495 56
2495 56
2495 56
2495 56
2495 55
2495 56
2495 56
2495 54
2495 56
2500 53
2500 54
2500 53
2500 54
2500 54
2500 55
2500 54
2500 53
2500 53
2500 53
2500 54
2500 54
2500 54
2500 53
2500 54
2500 53
2500 54
2500 53
2500 54
2500 52
2500 54
2500 53
2500 53
2500 53
2500 53
2500 54
2500 54
2500 54
2500 54
2500 53
2500 54
2500 53
2500 53
2500 53
2500 54
2500 53
2500 53
2500 53
2500 52
2500 53
2500 54
2500 54
2500 54
2500 54
2500 54
2500 55
2500 53
2500 54
2500 54
2500 54
2500 53
2500 54
2500 54
2500 53
2500 53
2500 53
2500 54
2500 53
2500 53
2500 54
2500 54
2500 53
2500 53
2500 54
2500 54
2500 55
2500 53
2500 54
2500 54
2500 54
2500 54
2500 54
2500 55
2500 54
2500 53
2500 54
2500 53
2500 54
2500 54
2500 53
2500 53
2500 55
2500 53
2500 53
2500 53
2500 53
2500 54
2500 54
2500 54
2500 53
2500 53
2500 54
2500 54
2500 53
2500 53
2500 54
2500 54
2500 53
2500 53
2500 53
2505 52
2505 52
2505 51
2505 52
2505 51
2505 51
2505 52
2505 52
2505 52
2505 52
2505 52
2505 52
2505 52
2505 52
2505 52
2505 53
2505 51
2505 52
2505 51
2505 51
2505 52
2505 52
2505 53
2505 51
2505 52
2505 52
2505 51
2505 51
2505 52
2505 52
2505 52
2505 51
2505 52
2505 53
2505 52
2505 52
2505 53
2505 52
2505 52
2505 53
2505 52
2505 52
2505 53
2505 52
2505 52
2505 52
2505 53
2505 53
2505 51
2505 51
2505 52
2505 52
2505 52
2505 52
2505 52
2505 52
2505 52
2505 51
2505 52
2505 52
2505 52
2505 52
2505 51
2505 51
2505 51
2505 51
2505 52
2505 52
2505 52
2505 51
2505 52
2505 52
2505 52
2505 51
2505 52
2505 53
2505 53
2505 51
2505 52
2505 52
2505 52
2505 53
2505 53
2505 53
2505 52
2505 52
2505 53
2505 51
2505 52
2505 52
2505 53
2505 52
2505 52
2505 52
2505 52
2505 52
2505 52
2505 52
2505 53
2505 52
2510 50
2510 51
2510 50
2510 49
2510 49
2510 50
2510 50
2510 52
2510 50
2510 49
2510 51
2510 49
2510 49
2510 51
2510 49
2510 50
2510 50
2510 49
2510 50
2510 49
2510 51
2510 50
2510 51
2510 50
2510 49
2510 49
2510 50
2510 49
2510 51
2510 50
2510 50
2510 50
2510 49
2510 50
2510 51
2510 51
2510 50
2510 51
2510 50
2510 50
2510 49
2510 50
2510 50
2510 49
2510 52
2510 49
2510 50
2510 50
2510 51
2510 49
2510 49
2510 49
2510 51
2510 50
2510 50
2510 52
2510 50
2510 50
2510 49
2510 50
2510 50
2510 50
2510 50
2510 49
2510 50
2510 50
2510 49
2510 49
2510 51
2510 50
2510 50
2510 50
2510 49
2510 49
2510 51
2510 49
2510 50
2510 49
2510 49
2510 50
2510 49
2510 50
2510 51
2510 50
2510 50
2510 51
2510 50
2510 50
2510 51
2510 50
2510 50
2510 52
2510 50
2510 50
2510 51
2510 50
2510 51
2510 49
2510 49
2515 49
2515 48
2515 48
2515 48
2515 48
2515 48
2515 48
2515 49
2515 47
2515 47
2515 49
2515 48
2515 48
2515 48
2515 48
2515 48
2515 47
2515 48
2515 49
2515 48
2515 48
2515 48
2515 49
2515 48
2515 48
2515 48
2515 48
2515 48
2515 47
2515 48
2515 48
2515 48
2515 47
2515 47
2515 47
2515 48
2515 48
2515 48
2515 48
2515 48
2515 48
2515 48
2515 48
2515 48
2515 48
2515 47
2515 48
2515 48
2515 48
2515 48
2515 48
2515 49
2515 47
2515 48
2515 47
2515 49
2515 47
2515 48
2515 47
2515 48
2515 48
2515 48
2515 47
2515 48
2515 48
2515 47
2515 48
2515 48
2515 47
2515 47
2515 48
2515 48
2515 48
2515 48
2515 48
2515 48
2515 48
2515 48
2515 48
2515 47
2515 49
2515 48
2515 47
2515 48
2515 48
2515 48
2515 48
2515 47
2515 48
2515 47
2515 48
2515 49
2515 47
2515 47
2515 47
2515 48
2515 48
2515 49
2515 48
2515 47
2520 46
2520 43
2520 43
2520 46
2520 46
2520 45
2520 46
2520 46
2520 46
2520 45
2520 45
2520 44
2520 45
2520 46
2520 45
2520 46
2520 46
2520 45
2520 47
2520 46
2520 45
2520 46
2520 45
2520 46
2520 46
2520 44
2520 45
2520 46
2520 45
2520 46
2520 46
2520 45
2520 43
2520 47
2520 46
2520 44
2520 46
2520 46
2520 47
2520 44
2520 46
2520 46
2520 45
2520 45
2520 46
2520 44
2520 43
2520 45
2520 44
2520 45
2520 44
2520 46
2520 45
2520 45
2520 45
2520 45
2520 45
2520 45
2520 46
2520 45
2520 45
2520 46
2520 45
2520 46
2520 44
2520 43
2520 46
2520 46
2520 45
2520 46
2520 43
2520 45
2520 46
2520 46
2520 45
2520 45
2520 46
2520 47
2520 45
2520 46
2520 46
2520 45
2520 46
2520 46
2520 45
2520 43
2520 47
2520 45
2520 47
2520 46
2520 46
2520 45
2520 45
2520 47
2520 44
2520 44
2520 45
2520 45
2520 45
2525 43
2525 42
2525 42
2525 43
2525 43
2525 42
2525 42
2525 43
2525 42
2525 43
2525 43
2525 42
2525 42
2525 42
2525 43
2525 43
2525 43
2525 43
2525 43
2525 42
2525 42
2525 43
2525 43
2525 42
2525 43
2525 43
2525 42
2525 42
2525 43
2525 43
2525 42
2525 43
2525 42
2525 43
2525 44
2525 43
2525 43
2525 42
2525 42
2525 42
2525 42
2525 42
2525 43
2525 43
2525 43
2525 43
2525 42
2525 42
2525 43
2525 42
2525 43
2525 43
2525 43
2525 43
2525 44
2525 42
2525 43
2525 43
2525 43
2525 42
2525 42
2525 43
2525 43
2525 43
2525 43
2525 43
2525 44
2525 43
2525 42
2525 43
2525 43
2525 43
2525 43
2525 43
2525 43
2525 42
2525 42
2525 43
2525 43
2525 43
2525 43
2525 43
2525 43
2525 43
2525 43
2525 43
2525 43
2525 43
2525 43
2525 43
2525 43
2525 43
2525 42
2525 43
2525 42
2525 43
2525 43
2525 42
2525 43
2530 42
2530 41
2530 42
2530 41
2530 42
2530 42
2530 42
2530 42
2530 42
2530 42
2530 41
2530 42
2530 42
2530 42
2530 42
2530 42
2530 42
2530 42
2530 41
2530 41
2530 41
2530 42
2530 39
2530 41
2530 42
2530 42
2530 41
2530 42
2530 42
2530 40
2530 42
2530 41
2530 41
2530 41
2530 42
2530 41
2530 41
2530 41
2530 42
2530 42
2530 42
2530 42
2530 42
2530 42
2530 42
2530 41
2530 41
2530 42
2530 41
2530 42
2530 42
2530 42
2530 42
2530 40
2530 41
2530 42
2530 42
2530 42
2530 41
2530 42
2530 42
2530 41
2530 42
2530 42
2530 42
2530 42
2530 42
2530 40
2530 41
2530 42
2530 42
2530 42
2530 42
2530 40
2530 42
2530 42
2530 42
2530 42
2530 41
2530 42
2530 42
2530 42
2530 42
2530 42
2530 42
2530 42
2530 42
2530 40
2530 42
2530 41
2530 41
2530 42
2530 42
2530 42
2530 42
2530 42
2530 41
2530 42
2530 41
2530 42
2535 39
2535 38
2535 39
2535 39
2535 39
2535 39
2535 39
2535 39
2535 39
2535 39
2535 39
2535 39
2535 39
2535 39
2535 40
2535 39
2535 39
2535 38
2535 38
2535 39
2535 39
2535 39
2535 39
2535 41
2535 39
2535 39
2535 39
2535 39
2535 39
2535 39
2535 39
2535 39
2535 39
2535 40
2535 39
2535 39
2535 40
2535 39
2535 39
2535 39
2535 39
2535 39
2535 39
2535 39
2535 39
2535 40
2535 39
2535 39
2535 39
2535 39
2535 40
2535 39
2535 39
2535 39
2535 40
2535 39
2535 38
2535 39
2535 40
2535 39
2535 39
2535 38
2535 39
2535 39
2535 39
2535 40
2535 39
2535 39
2535 39
2535 39
2535 39
2535 39
2535 39
2535 39
2535 39
2535 39
2535 39
2535 41
2535 40
2535 39
2535 40
2535 38
2535 40
2535 39
2535 39
2535 39
2535 39
2535 39
2535 39
2535 39
2535 39
2535 39
2535 39
2535 39
2535 39
2535 39
2535 40
2535 39
2535 41
2535 40
2540 37
2540 35
2540 39
2540 35
2540 37
2540 37
2540 37
2540 37
2540 35
2540 38
2540 37
2540 37
2540 37
2540 37
2540 38
2540 38
2540 37
2540 37
2540 35
2540 37
2540 37
2540 37
2540 37
2540 38
2540 35
2540 37
2540 37
2540 35
2540 38
2540 37
2540 38
2540 37
2540 37
2540 37
2540 37
2540 37
2540 35
2540 37
2540 38
2540 38
2540 35
2540 35
2540 37
2540 37
2540 37
2540 35
2540 37
2540 38
2540 37
2540 35
2540 38
2540 37
2540 37
2540 37
2540 37
2540 37
2540 38
2540 37
2540 38
2540 37
2540 38
2540 37
2540 37
2540 37
2540 37
2540 37
2540 37
2540 36
2540 37
2540 37
2540 35
2540 37
2540 35
2540 37
2540 39
2540 38
2540 37
2540 38
2540 37
2540 38
2540 38
2540 35
2540 37
2540 38
2540 37
2540 37
2540 37
2540 37
2540 37
2540 35
2540 37
2540 37
2540 35
2540 37
2540 37
2540 37
2540 37
2540 37
2540 38
2540 38
2545 35
2545 35
2545 35
2545 34
2545 34
2545 35
2545 35
2545 35
2545 34
2545 35
2545 34
2545 33
2545 35
2545 35
2545 34
2545 35
2545 35
2545 35
2545 34
2545 34
2545 35
2545 35
2545 34
2545 33
2545 35
2545 35
2545 35
2545 35
2545 34
2545 34
2545 34
2545 37
2545 35
2545 34
2545 35
2545 35
2545 34
2545 35
2545 34
2545 35
2545 35
2545 35
2545 35
2545 35
2545 35
2545 35
2545 34
2545 35
2545 34
2545 35
2545 35
2545 35
2545 35
2545 34
2545 34
2545 35
2545 34
2545 35
2545 34
2545 34
2545 34
2545 34
2545 34
2545 34
2545 35
2545 34
2545 35
2545 34
2545 34
2545 35
2545 34
2545 35
2545 35
2545 35
2545 34
2545 35
2545 35
2545 35
2545 34
2545 35
2545 35
2545 34
2545 35
2545 34
2545 35
2545 35
2545 34
2545 34
2545 35
2545 34
2545 33
2545 34
2545 34
2545 34
2545 35
2545 35
2545 34
2545 34
2545 34
2545 34
2550 33
2550 32
2550 32
2550 33
2550 32
2550 33
2550 32
2550 34
2550 32
2550 31
2550 32
2550 33
2550 33
2550 32
2550 32
2550 32
2550 32
2550 32
2550 31
2550 31
2550 34
2550 32
2550 32
2550 32
2550 33
2550 32
2550 33
2550 32
2550 33
2550 32
2550 33
2550 34
2550 31
2550 32
2550 32
2550 32
2550 32
2550 33
2550 33
2550 32
2550 32
2550 33
2550 33
2550 32
2550 33
2550 32
2550 32
2550 31
2550 33
2550 31
2550 33
2550 34
2550 32
2550 32
2550 33
2550 32
2550 32
2550 32
2550 34
2550 32
2550 33
2550 32
2550 31
2550 31
2550 33
2550 32
2550 32
2550 32
2550 32
2550 32
2550 32
2550 32
2550 33
2550 34
2550 32
2550 32
2550 32
2550 32
2550 32
2550 32
2550 32
2550 32
2550 32
2550 32
2550 32
2550 32
2550 32
2550 32
2550 33
2550 33
2550 31
2550 32
2550 32
2550 33
2550 33
2550 32
2550 32
2550 32
2550 32
2550 34
2555 31
2555 30
2555 31
2555 31
2555 31
2555 31
2555 31
2555 30
2555 31
2555 30
2555 31
2555 31
2555 31
2555 31
2555 30
2555 30
2555 31
2555 31
2555 31
2555 30
2555 30
2555 31
2555 30
2555 31
2555 31
2555 30
2555 30
2555 30
2555 31
2555 31
2555 31
2555 30
2555 31
2555 31
2555 31
2555 31
2555 31
2555 31
2555 30
2555 31
2555 30
2555 31
2555 30
2555 31
2555 31
2555 31
2555 31
2555 31
2555 30
2555 31
2555 31
2555 30
2555 30
2555 31
2555 31
2555 31
2555 31
2555 31
2555 31
2555 31
2555 31
2555 31
2555 30
2555 31
2555 31
2555 31
2555 31
2555 31
2555 31
2555 30
2555 31
2555 31
2555 31
2555 31
2555 30
2555 31
2555 30
2555 31
2555 30
2555 31
2555 31
2555 30
2555 31
2555 31
2555 31
2555 31
2555 31
2555 31
2555 31
2555 31
2555 31
2555 31
2555 31
2555 31
2555 31
2555 30
2555 30
2555 31
2555 30
2560 28
2560 28
2560 28
2560 29
2560 30
2560 30
2560 30
2560 28
2560 28
2560 30
2560 29
2560 29
2560 29
2560 30
2560 29
2560 30
2560 29
2560 28
2560 28
2560 30
2560 29
2560 29
2560 29
2560 29
2560 30
2560 30
2560 30
2560 30
2560 29
2560 30
2560 29
2560 30
2560 30
2560 30
2560 29
2560 30
2560 29
2560 30
2560 30
2560 30
2560 29
2560 29
2560 30
2560 29
2560 30
2560 29
2560 28
2560 29
2560 30
2560 28
2560 30
2560 30
2560 29
2560 28
2560 30
2560 29
2560 30
2560 30
2560 30
2560 29
2560 30
2560 29
2560 30
2560 31
2560 29
2560 28
2560 29
2560 29
2560 30
2560 30
2560 30
2560 30
2560 30
2560 30
2560 29
2560 29
2560 29
2560 30
2560 29
2560 29
2560 28
2560 28
2560 28
2560 30
2560 30
2560 30
2560 29
2560 29
2560 30
2560 29
2560 29
2560 30
2560 30
2560 30
2560 30
2560 28
2560 30
2560 29
2560 30
2560 28
2565 28
2565 26
2565 27
2565 28
2565 28
2565 28
2565 26
2565 28
2565 28
2565 28
2565 27
2565 27
2565 27
2565 27
2565 27
2565 28
2565 27
2565 27
2565 28
2565 28
2565 27
2565 28
2565 27
2565 28
2565 28
2565 26
2565 28
2565 27
2565 28
2565 28
2565 27
2565 27
2565 28
2565 28
2565 27
2565 28
2565 27
2565 27
2565 27
2565 27
2565 27
2565 28
2565 28
2565 27
2565 28
2565 28
2565 26
2565 28
2565 27
2565 28
2565 26
2565 28
2565 27
2565 28
2565 27
2565 28
2565 27
2565 27
2565 28
2565 27
2565 28
2565 27
2565 27
2565 28
2565 28
2565 28
2565 27
2565 28
2565 28
2565 28
2565 27
2565 28
2565 26
2565 26
2565 28
2565 28
2565 28
2565 28
2565 28
2565 26
2565 28
2565 27
2565 28
2565 27
2565 26
2565 28
2565 28
2565 28
2565 28
2565 28
2565 27
2565 28
2565 28
2565 27
2565 28
2565 26
2565 28
2565 28
2565 28
2565 26
2570 26
2570 25
2570 25
2570 25
2570 25
2570 24
2570 24
2570 26
2570 24
2570 24
2570 24
2570 25
2570 25
2570 26
2570 26
2570 25
2570 25
2570 25
2570 24
2570 24
2570 26
2570 24
2570 26
2570 24
2570 25
2570 25
2570 26
2570 25
2570 25
2570 25
2570 24
2570 25
2570 25
2570 25
2570 25
2570 25
2570 24
2570 26
2570 24
2570 26
2570 24
2570 25
2570 25
2570 26
2570 26
2570 25
2570 25
2570 24
2570 24
2570 25
2570 25
2570 25
2570 25
2570 25
2570 25
2570 25
2570 25
2570 28
2570 25
2570 25
2570 25
2570 25
2570 25
2570 25
2570 25
2570 26
2570 25
2570 25
2570 25
2570 25
2570 24
2570 25
2570 24
2570 24
2570 25
2570 25
2570 24
2570 25
2570 25
2570 26
2570 25
2570 26
2570 25
2570 24
2570 25
2570 24
2570 26
2570 26
2570 25
2570 24
2570 25
2570 24
2570 26
2570 25
2570 24
2570 27
2570 25
2570 24
2570 25
2575 22
2575 24
2575 22
2575 22
2575 22
2575 23
2575 24
2575 23
2575 23
2575 22
2575 23
2575 23
2575 24
2575 24
2575 23
2575 23
2575 23
2575 24
2575 23
2575 24
2575 24
2575 22
2575 22
2575 23
2575 22
2575 24
2575 23
2575 23
2575 24
2575 24
2575 23
2575 23
2575 23
2575 24
2575 23
2575 22
2575 24
2575 24
2575 24
2575 24
2575 23
2575 23
2575 24
2575 22
2575 24
2575 23
2575 22
2575 22
2575 23
2575 24
2575 24
2575 24
2575 23
2575 23
2575 23
2575 23
2575 24
2575 23
2575 23
2575 24
2575 24
2575 23
2575 23
2575 23
2575 22
2575 22
2575 23
2575 23
2575 23
2575 23
2575 24
2575 23
2575 24
2575 24
2575 24
2575 23
2575 23
2575 24
2575 23
2575 22
2575 24
2575 22
2575 23
2575 23
2575 23
2575 22
2575 24
2575 23
2575 23
2575 24
2575 24
2575 24
2575 23
2575 23
2575 23
2575 23
2575 23
2575 24
2575 22
2575 23
2580 20
2580 20
2580 21
2580 21
2580 20
2580 20
2580 21
2580 20
2580 20
2580 21
2580 21
2580 21
2580 20
2580 21
2580 20
2580 20
2580 20
2580 21
2580 20
2580 21
2580 21
2580 20
2580 20
2580 21
2580 20
2580 20
2580 20
2580 20
2580 20
2580 21
2580 21
2580 21
2580 20
2580 21
2580 20
2580 21
2580 20
2580 20
2580 20
2580 20
2580 20
2580 19
2580 20
2580 20
2580 20
2580 20
2580 20
2580 20
2580 20
2580 21
2580 20
2580 21
2580 21
2580 20
2580 21
2580 20
2580 21
2580 20
2580 21
2580 21
2580 20
2580 22
2580 21
2580 20
2580 21
2580 20
2580 20
2580 20
2580 21
2580 21
2580 20
2580 21
2580 20
2580 20
2580 21
2580 21
2580 21
2580 21
2580 20
2580 20
2580 20
2580 20
2580 20
2580 21
2580 22
2580 19
2580 21
2580 20
2580 21
2580 20
2580 20
2580 20
2580 20
2580 22
2580 20
2580 22
2580 20
2580 21
2580 21
2580 21
2585 17
2585 18
2585 18
2585 17
2585 19
2585 18
2585 19
2585 19
2585 19
2585 19
2585 19
2585 16
2585 19
2585 19
2585 20
2585 20
2585 17
2585 19
2585 18
2585 17
2585 18
2585 19
2585 18
2585 19
2585 19
2585 19
2585 19
2585 18
2585 18
2585 19
2585 19
2585 19
2585 18
2585 19
2585 19
2585 20
2585 18
2585 18
2585 18
2585 19
2585 19
2585 19
2585 20
2585 19
2585 20
2585 17
2585 17
2585 18
2585 19
2585 18
2585 17
2585 18
2585 18
2585 19
2585 19
2585 17
2585 17
2585 19
2585 18
2585 18
2585 18
2585 18
2585 18
2585 18
2585 18
2585 19
2585 17
2585 19
2585 19
2585 18
2585 18
2585 20
2585 19
2585 18
2585 19
2585 19
2585 17
2585 18
2585 19
2585 18
2585 19
2585 18
2585 18
2585 18
2585 19
2585 20
2585 19
2585 20
2585 18
2585 20
2585 19
2585 19
2585 18
2585 18
2585 18
2585 19
2585 18
2585 18
2585 18
2590 17
2590 17
2590 16
2590 16
2590 16
2590 16
2590 17
2590 18
2590 17
2590 17
2590 15
2590 16
2590 16
2590 15
2590 17
2590 16
2590 17
2590 16
2590 16
2590 17
2590 17
2590 16
2590 16
2590 17
2590 16
2590 16
2590 17
2590 17
2590 16
2590 16
2590 16
2590 17
2590 17
2590 17
2590 16
2590 17
2590 17
2590 16
2590 16
2590 17
2590 16
2590 16
2590 16
2590 17
2590 17
2590 16
2590 16
2590 17
2590 15
2590 16
2590 17
2590 17
2590 16
2590 17
2590 16
2590 16
2590 17
2590 16
2590 16
2590 17
2590 17
2590 17
2590 16
2590 16
2590 17
2590 16
2590 16
2590 16
2590 17
2590 17
2590 16
2590 17
2590 16
2590 16
2590 17
2590 16
2590 16
2590 17
2590 16
2590 16
2590 16
2590 16
2590 17
2590 17
2590 17
2590 17
2590 17
2590 17
2590 17
2590 17
2590 17
2590 16
2590 17
2590 17
2590 17
2590 16
2590 16
2590 17
2590 17
2590 16
2595 16
2595 15
2595 14
2595 15
2595 15
2595 15
2595 15
2595 14
2595 14
2595 14
2595 13
2595 15
2595 15
2595 12
2595 14
2595 14
2595 14
2595 13
2595 15
2595 15
2595 15
2595 15
2595 15
2595 15
2595 14
2595 15
2595 14
2595 14
2595 13
2595 14
2595 15
2595 15
2595 13
2595 14
2595 16
2595 15
2595 14
2595 15
2595 15
2595 15
2595 14
2595 15
2595 15
2595 13
2595 14
2595 15
2595 15
2595 14
2595 15
2595 13
2595 15
2595 13
2595 15
2595 15
2595 14
2595 15
2595 15
2595 15
2595 13
2595 15
2595 15
2595 14
2595 15
2595 15
2595 15
2595 14
2595 15
2595 15
2595 15
2595 15
2595 15
2595 15
2595 14
2595 15
2595 15
2595 16
2595 14
2595 14
2595 15
2595 15
2595 14
2595 14
2595 15
2595 14
2595 15
2595 14
2595 13
2595 15
2595 15
2595 15
2595 12
2595 14
2595 13
2595 15
2595 15
2595 15
2595 14
2595 15
2595 14
2595 15
2600 11
2600 11
2600 11
2600 11
2600 11
2600 10
2600 11
2600 13
2600 11
2600 12
2600 11
2600 11
2600 11
2600 11
2600 11
2600 11
2600 13
2600 10
2600 11
2600 11
2600 10
2600 10
2600 11
2600 10
2600 10
2600 11
2600 11
2600 12
2600 11
2600 11
2600 11
2600 11
2600 11
2600 11
2600 13
2600 10
2600 11
2600 11
2600 11
2600 11
2600 11
2600 11
2600 11
2600 11
2600 11
2600 11
2600 11
2600 11
2600 10
2600 12
2600 12
2600 13
2600 11
2600 11
2600 11
2600 10
2600 10
2600 11
2600 11
2600 11
2600 12
2600 11
2600 11
2600 11
2600 11
2600 11
2600 10
2600 10
2600 11
2600 11
2600 11
2600 11
2600 13
2600 11
2600 11
2600 11
2600 11
2600 11
2600 11
2600 11
2600 11
2600 11
2600 13
2600 10
2600 11
2600 11
2600 10
2600 11
2600 11
2600 11
2600 11
2600 11
2600 11
2600 10
2600 11
2600 11
2600 11
2600 12
2600 11
2600 10
2605 10
2605 10
2605 9
2605 10
2605 10
2605 10
2605 9
2605 9
2605 9
2605 10
2605 9
2605 10
2605 10
2605 10
2605 10
2605 9
2605 10
2605 9
2605 10
2605 10
2605 9
2605 8
2605 10
2605 10
2605 10
2605 10
2605 10
2605 10
2605 10
2605 10
2605 10
2605 10
2605 10
2605 10
2605 7
2605 9
2605 10
2605 9
2605 9
2605 10
2605 10
2605 11
2605 10
2605 10
2605 10
2605 9
2605 10
2605 10
2605 11
2605 10
2605 9
2605 10
2605 10
2605 10
2605 10
2605 10
2605 10
2605 10
2605 9
2605 10
2605 10
2605 9
2605 9
2605 9
2605 10
2605 10
2605 10
2605 9
2605 10
2605 8
2605 9
2605 10
2605 9
2605 9
2605 10
2605 10
2605 10
2605 10
2605 10
2605 9
2605 10
2605 10
2605 8
2605 10
2605 10
2605 8
2605 10
2605 10
2605 10
2605 7
2605 9
2605 10
2605 10
2605 9
2605 9
2605 10
2605 10
2610 8
2610 7
2610 7
2610 7
2610 6
2610 7
2610 7
2610 7
2610 7
2610 7
2610 8
2610 6
2610 7
2610 7
2610 9
2610 7
2610 7
2610 7
2610 7
2610 7
2610 7
2610 6
2610 7
2610 7
2610 7
2610 9
2610 7
2610 9
2610 8
2610 7
2610 7
2610 7
2610 7
2610 7
2610 7
2610 7
2610 7
2610 6
2610 7
2610 7
2610 7
2610 9
2610 7
2610 7
2610 7
2610 6
2610 7
2610 7
2610 7
2610 7
2610 8
2610 7
2610 6
2610 7
2610 7
2610 7
2610 7
2610 7
2610 7
2610 7
2610 8
2610 7
2610 7
2610 7
2610 7
2610 6
2610 8
2610 7
2610 9
2610 7
2610 7
2610 8
2610 7
2610 7
2610 7
2610 7
2610 7
2610 7
2610 7
2610 7
2610 7
2610 7
2610 7
2610 7
2610 7
2610 8
2610 7
2610 7
2610 7
2610 7
2610 7
2610 7
2610 7
2610 7
2610 7
2610 7
2610 7
2610 7
2615 6
2615 5
2615 6
2615 6
2615 5
2615 5
2615 6
2615 5
2615 5
2615 5
2615 5
2615 6
2615 6
2615 5
2615 5
2615 6
2615 5
2615 5
2615 6
2615 5
2615 6
2615 5
2615 3
2615 5
2615 5
2615 5
2615 6
2615 6
2615 3
2615 5
2615 5
2615 6
2615 5
2615 3
2615 5
2615 6
2615 6
2615 5
2615 5
2615 6
2615 6
2615 5
2615 5
2615 6
2615 3
2615 5
2615 5
2615 5
2615 5
2615 6
2615 5
2615 6
2615 5
2615 3
2615 5
2615 5
2615 5
2615 5
2615 5
2615 5
2615 5
2615 3
2615 6
2615 5
2615 5
2615 5
2615 5
2615 5
2615 5
2615 5
2615 6
2615 5
2615 5
2615 5
2615 6
2615 5
2615 6
2615 6
2615 5
2615 6
2615 5
2615 5
2615 6
2615 3
2615 5
2615 6
2615 5
2615 6
2615 5
2615 3
2615 5
2615 6
2615 5
2615 5
2615 5
2615 5
2615 3
2615 5
2615 6
2615 5
2620 3
2620 3
2620 3
2620 3
2620 3
2620 3
2620 5
2620 3
2620 3
