TOA measurement vs Delay ---- Mon Jun 15 01:26:07 2020
Pixel = 4
config file = config/asic_config_B4.yml
NofIterations = 100
LSBest = 22.91498277206576
mean value = [  0.           0.           0.           0.           0.
   0.           0.           0.           0.           0.
   0.           0.           0.           0.           0.
   0.           0.           0.           0.           0.
   0.           0.           0.           0.           0.
   0.           0.           0.           0.           0.
   0.           0.           0.           0.           0.
 125.23232323 122.73       120.32       118.68       116.73
 114.05       112.16161616 110.46464646 107.46       105.83
 103.13       101.75757576  99.17346939  96.31        94.81
  93.4         91.62        88.46464646  86.69        84.8
  83.11111111  80.21        78.38        75.85        74.09
  72.23        70.23        68.03        66.14        63.18181818
  62.          60.14        58.14        55.64        53.5
  52.08        49.82        47.98        45.99        43.31313131
  41.97        39.13131313  37.35        35.          32.43
  30.33        28.58585859  26.9         24.38383838  22.04
  20.33        18.33        16.24242424  13.34        10.6
   9.47474747   6.91         3.25252525   0.           0.
   0.           0.           0.           0.           0.        ]
sigma = [0.         0.         0.         0.         0.         0.
 0.         0.         0.         0.         0.         0.
 0.         0.         0.         0.         0.         0.
 0.         0.         0.         0.         0.         0.
 0.         0.         0.         0.         0.         0.
 0.         0.         0.         0.         0.         0.71000474
 0.67855238 0.54857391 0.60077727 0.58346665 0.62516664 0.54739181
 0.65809844 0.7561305  0.47374395 0.46522396 0.55442953 0.65634802
 0.61419324 0.48706605 0.6350853  0.58217981 0.57626683 0.66123622
 0.56862407 0.73873888 0.51887699 0.59911045 0.93318451 0.40648903
 0.86048436 0.58346665 1.03558357 0.70974174 0.481761   0.3217691
 0.47300458 0.68097969 0.56011903 0.61101009 0.44377171 0.6715157
 0.47215817 0.64283227 0.69298745 0.3353108  0.5462723  0.65637896
 0.37859389 0.63908789 0.55175478 0.66871052 0.73029674 0.56554382
 0.54930259 0.5695905  0.7102347  0.53590119 0.63854    0.58594653
 0.57679775 0.43038742 0.79732424 0.         0.         0.
 0.         0.         0.         0.        ]
Pulse delay   TOA 
2315 23
2320 20
2325 17
2330 16
2335 15
2340 11
2370 126
2370 126
2370 126
2370 126
2370 126
2370 126
2370 126
2370 126
2370 126
2370 126
2370 126
2370 126
2370 126
2375 125
2375 125
2375 125
2375 124
2375 126
2375 126
2375 124
2375 126
2375 125
2375 124
2375 125
2375 124
2375 125
2375 124
2375 125
2375 126
2375 125
2375 125
2375 124
2375 126
2375 126
2375 126
2375 126
2375 126
2375 126
2375 125
2375 126
2375 125
2375 125
2375 125
2375 126
2375 126
2375 126
2375 126
2375 125
2375 125
2375 125
2375 124
2375 125
2375 125
2375 125
2375 125
2375 126
2375 124
2375 126
2375 124
2375 125
2375 126
2375 126
2375 125
2375 125
2375 125
2375 125
2375 125
2375 125
2375 126
2375 126
2375 125
2375 126
2375 126
2375 125
2375 125
2375 125
2375 125
2375 125
2375 126
2375 126
2375 125
2375 125
2375 126
2375 125
2375 126
2375 125
2375 124
2375 125
2375 125
2375 126
2375 126
2375 126
2375 125
2375 126
2375 125
2375 125
2375 125
2375 124
2375 124
2375 125
2375 125
2375 126
2375 125
2375 125
2375 125
2375 126
2375 125
2375 126
2375 125
2375 125
2375 126
2375 125
2380 122
2380 123
2380 123
2380 124
2380 122
2380 123
2380 122
2380 123
2380 122
2380 123
2380 123
2380 123
2380 123
2380 122
2380 123
2380 124
2380 123
2380 123
2380 122
2380 123
2380 123
2380 123
2380 122
2380 123
2380 122
2380 122
2380 123
2380 123
2380 122
2380 123
2380 123
2380 122
2380 124
2380 122
2380 122
2380 123
2380 123
2380 123
2380 123
2380 123
2380 123
2380 123
2380 123
2380 122
2380 124
2380 123
2380 122
2380 123
2380 123
2380 123
2380 123
2380 123
2380 124
2380 122
2380 123
2380 122
2380 123
2380 123
2380 122
2380 122
2380 123
2380 122
2380 123
2380 122
2380 123
2380 123
2380 123
2380 122
2380 123
2380 123
2380 123
2380 122
2380 123
2380 122
2380 123
2380 124
2380 124
2380 123
2380 123
2380 122
2380 123
2380 122
2380 123
2380 123
2380 122
2380 122
2380 123
2380 122
2380 122
2380 124
2380 122
2380 122
2380 122
2380 123
2380 124
2380 123
2380 122
2380 123
2380 122
2380 122
2385 121
2385 121
2385 121
2385 121
2385 120
2385 120
2385 121
2385 120
2385 121
2385 120
2385 121
2385 120
2385 121
2385 120
2385 121
2385 120
2385 120
2385 121
2385 121
2385 120
2385 120
2385 120
2385 120
2385 121
2385 120
2385 120
2385 121
2385 120
2385 120
2385 121
2385 120
2385 120
2385 120
2385 120
2385 121
2385 121
2385 120
2385 120
2385 120
2385 120
2385 120
2385 120
2385 121
2385 120
2385 121
2385 120
2385 120
2385 121
2385 120
2385 120
2385 121
2385 120
2385 120
2385 121
2385 120
2385 120
2385 120
2385 121
2385 120
2385 120
2385 121
2385 121
2385 121
2385 120
2385 120
2385 121
2385 121
2385 120
2385 120
2385 121
2385 120
2385 120
2385 121
2385 120
2385 120
2385 120
2385 120
2385 120
2385 120
2385 120
2385 120
2385 121
2385 120
2385 120
2385 121
2385 120
2385 120
2385 120
2385 121
2385 120
2385 120
2385 120
2385 120
2385 120
2385 120
2385 120
2385 120
2385 120
2385 120
2385 120
2390 119
2390 119
2390 119
2390 119
2390 119
2390 119
2390 119
2390 118
2390 118
2390 119
2390 118
2390 119
2390 119
2390 119
2390 119
2390 119
2390 118
2390 118
2390 119
2390 119
2390 119
2390 119
2390 119
2390 119
2390 120
2390 119
2390 118
2390 119
2390 119
2390 118
2390 119
2390 118
2390 118
2390 119
2390 118
2390 119
2390 118
2390 119
2390 119
2390 119
2390 119
2390 119
2390 119
2390 119
2390 118
2390 118
2390 119
2390 119
2390 119
2390 118
2390 118
2390 119
2390 119
2390 118
2390 119
2390 118
2390 118
2390 119
2390 119
2390 119
2390 119
2390 119
2390 119
2390 118
2390 119
2390 119
2390 119
2390 118
2390 119
2390 119
2390 119
2390 119
2390 119
2390 118
2390 119
2390 119
2390 118
2390 119
2390 119
2390 119
2390 118
2390 117
2390 119
2390 118
2390 118
2390 118
2390 119
2390 119
2390 118
2390 118
2390 119
2390 119
2390 118
2390 118
2390 119
2390 119
2390 119
2390 118
2390 118
2390 120
2395 117
2395 116
2395 116
2395 117
2395 116
2395 117
2395 116
2395 117
2395 116
2395 117
2395 117
2395 116
2395 117
2395 117
2395 116
2395 116
2395 116
2395 117
2395 116
2395 117
2395 116
2395 117
2395 116
2395 117
2395 117
2395 117
2395 117
2395 117
2395 117
2395 117
2395 116
2395 117
2395 117
2395 117
2395 116
2395 117
2395 117
2395 116
2395 117
2395 117
2395 117
2395 117
2395 117
2395 117
2395 117
2395 117
2395 117
2395 117
2395 116
2395 116
2395 117
2395 116
2395 116
2395 117
2395 118
2395 117
2395 117
2395 116
2395 117
2395 117
2395 117
2395 117
2395 116
2395 117
2395 116
2395 116
2395 117
2395 117
2395 117
2395 116
2395 117
2395 117
2395 116
2395 116
2395 117
2395 116
2395 117
2395 117
2395 117
2395 117
2395 117
2395 117
2395 117
2395 117
2395 117
2395 117
2395 118
2395 117
2395 116
2395 117
2395 116
2395 117
2395 118
2395 116
2395 117
2395 117
2395 117
2395 117
2395 117
2395 117
2400 114
2400 114
2400 114
2400 113
2400 115
2400 114
2400 114
2400 114
2400 114
2400 115
2400 114
2400 114
2400 115
2400 114
2400 115
2400 114
2400 114
2400 113
2400 114
2400 114
2400 114
2400 114
2400 114
2400 114
2400 114
2400 114
2400 113
2400 114
2400 114
2400 113
2400 114
2400 115
2400 115
2400 114
2400 114
2400 114
2400 114
2400 114
2400 114
2400 114
2400 114
2400 114
2400 114
2400 114
2400 115
2400 114
2400 114
2400 114
2400 114
2400 114
2400 114
2400 115
2400 114
2400 115
2400 115
2400 115
2400 114
2400 114
2400 114
2400 114
2400 113
2400 114
2400 114
2400 113
2400 114
2400 113
2400 114
2400 115
2400 114
2400 114
2400 114
2400 114
2400 114
2400 114
2400 113
2400 114
2400 114
2400 114
2400 114
2400 114
2400 114
2400 113
2400 116
2400 114
2400 115
2400 114
2400 115
2400 114
2400 113
2400 114
2400 113
2400 114
2400 115
2400 114
2400 114
2400 114
2400 114
2400 114
2400 113
2400 114
2405 112
2405 112
2405 112
2405 112
2405 113
2405 112
2405 112
2405 112
2405 111
2405 113
2405 112
2405 113
2405 112
2405 112
2405 113
2405 112
2405 112
2405 113
2405 113
2405 112
2405 112
2405 113
2405 112
2405 113
2405 112
2405 112
2405 112
2405 112
2405 112
2405 113
2405 112
2405 112
2405 112
2405 112
2405 112
2405 112
2405 112
2405 112
2405 113
2405 112
2405 112
2405 112
2405 112
2405 111
2405 112
2405 112
2405 112
2405 113
2405 112
2405 112
2405 112
2405 112
2405 112
2405 112
2405 112
2405 113
2405 112
2405 112
2405 113
2405 112
2405 112
2405 113
2405 113
2405 112
2405 112
2405 112
2405 112
2405 112
2405 112
2405 112
2405 112
2405 112
2405 112
2405 112
2405 112
2405 111
2405 112
2405 113
2405 112
2405 112
2405 112
2405 113
2405 112
2405 112
2405 112
2405 113
2405 113
2405 112
2405 112
2405 112
2405 112
2405 112
2405 112
2405 112
2405 112
2405 112
2405 112
2405 113
2405 111
2410 110
2410 110
2410 111
2410 110
2410 111
2410 111
2410 110
2410 110
2410 111
2410 111
2410 110
2410 109
2410 111
2410 111
2410 111
2410 111
2410 110
2410 111
2410 111
2410 110
2410 111
2410 110
2410 111
2410 110
2410 110
2410 110
2410 110
2410 110
2410 111
2410 111
2410 110
2410 111
2410 111
2410 111
2410 111
2410 111
2410 111
2410 110
2410 110
2410 111
2410 111
2410 111
2410 111
2410 110
2410 111
2410 111
2410 110
2410 111
2410 111
2410 110
2410 110
2410 110
2410 111
2410 110
2410 110
2410 110
2410 111
2410 111
2410 110
2410 109
2410 110
2410 111
2410 109
2410 109
2410 111
2410 111
2410 111
2410 111
2410 111
2410 111
2410 111
2410 111
2410 111
2410 111
2410 110
2410 111
2410 111
2410 110
2410 111
2410 110
2410 111
2410 111
2410 110
2410 110
2410 110
2410 110
2410 110
2410 111
2410 110
2410 111
2410 110
2410 110
2410 110
2410 111
2410 110
2410 110
2410 110
2410 110
2410 109
2415 107
2415 107
2415 107
2415 107
2415 107
2415 107
2415 108
2415 108
2415 109
2415 107
2415 108
2415 109
2415 107
2415 108
2415 107
2415 108
2415 109
2415 107
2415 108
2415 107
2415 107
2415 107
2415 107
2415 107
2415 107
2415 108
2415 107
2415 107
2415 107
2415 108
2415 107
2415 108
2415 107
2415 107
2415 108
2415 107
2415 107
2415 107
2415 107
2415 107
2415 108
2415 108
2415 107
2415 107
2415 108
2415 107
2415 108
2415 107
2415 107
2415 108
2415 107
2415 107
2415 107
2415 108
2415 107
2415 107
2415 107
2415 109
2415 107
2415 107
2415 109
2415 107
2415 107
2415 107
2415 107
2415 107
2415 107
2415 109
2415 109
2415 107
2415 107
2415 108
2415 109
2415 107
2415 108
2415 109
2415 107
2415 107
2415 107
2415 107
2415 108
2415 109
2415 107
2415 107
2415 109
2415 108
2415 109
2415 107
2415 107
2415 108
2415 107
2415 108
2415 107
2415 107
2415 107
2415 107
2415 107
2415 107
2415 107
2415 107
2420 106
2420 106
2420 106
2420 106
2420 105
2420 106
2420 106
2420 106
2420 106
2420 106
2420 106
2420 106
2420 106
2420 106
2420 106
2420 106
2420 106
2420 106
2420 106
2420 106
2420 106
2420 106
2420 106
2420 106
2420 106
2420 106
2420 106
2420 106
2420 106
2420 106
2420 106
2420 106
2420 106
2420 106
2420 106
2420 106
2420 106
2420 106
2420 105
2420 106
2420 106
2420 106
2420 105
2420 106
2420 106
2420 105
2420 105
2420 106
2420 106
2420 106
2420 106
2420 106
2420 105
2420 106
2420 106
2420 105
2420 105
2420 105
2420 106
2420 106
2420 106
2420 106
2420 106
2420 106
2420 106
2420 105
2420 106
2420 105
2420 106
2420 106
2420 106
2420 106
2420 106
2420 105
2420 106
2420 106
2420 106
2420 106
2420 106
2420 105
2420 106
2420 106
2420 106
2420 105
2420 106
2420 106
2420 106
2420 105
2420 106
2420 106
2420 105
2420 106
2420 106
2420 106
2420 106
2420 106
2420 106
2420 105
2420 106
2420 106
2425 103
2425 103
2425 103
2425 103
2425 103
2425 103
2425 103
2425 103
2425 104
2425 103
2425 105
2425 103
2425 103
2425 103
2425 103
2425 103
2425 103
2425 103
2425 103
2425 103
2425 103
2425 103
2425 103
2425 103
2425 103
2425 103
2425 103
2425 103
2425 103
2425 103
2425 104
2425 103
2425 103
2425 103
2425 103
2425 103
2425 103
2425 103
2425 103
2425 103
2425 104
2425 103
2425 103
2425 103
2425 103
2425 103
2425 103
2425 104
2425 103
2425 103
2425 103
2425 103
2425 103
2425 104
2425 103
2425 103
2425 103
2425 103
2425 103
2425 103
2425 103
2425 103
2425 103
2425 103
2425 104
2425 103
2425 103
2425 103
2425 104
2425 103
2425 103
2425 103
2425 103
2425 103
2425 104
2425 103
2425 103
2425 103
2425 103
2425 103
2425 103
2425 103
2425 103
2425 103
2425 103
2425 103
2425 103
2425 103
2425 103
2425 104
2425 103
2425 103
2425 103
2425 103
2425 104
2425 103
2425 104
2425 103
2425 103
2425 103
2430 101
2430 102
2430 102
2430 101
2430 102
2430 102
2430 102
2430 101
2430 102
2430 102
2430 101
2430 102
2430 102
2430 102
2430 102
2430 102
2430 102
2430 102
2430 101
2430 102
2430 101
2430 102
2430 102
2430 101
2430 102
2430 102
2430 102
2430 103
2430 101
2430 101
2430 102
2430 102
2430 102
2430 102
2430 102
2430 103
2430 102
2430 101
2430 101
2430 101
2430 102
2430 102
2430 102
2430 101
2430 102
2430 101
2430 102
2430 102
2430 102
2430 101
2430 102
2430 102
2430 102
2430 102
2430 102
2430 102
2430 102
2430 101
2430 102
2430 102
2430 102
2430 102
2430 102
2430 102
2430 102
2430 102
2430 102
2430 101
2430 102
2430 102
2430 102
2430 102
2430 102
2430 101
2430 101
2430 102
2430 102
2430 102
2430 102
2430 101
2430 102
2430 102
2430 101
2430 102
2430 102
2430 102
2430 101
2430 102
2430 102
2430 101
2430 101
2430 102
2430 102
2430 102
2430 102
2430 101
2430 102
2430 102
2430 101
2435 99
2435 99
2435 99
2435 99
2435 99
2435 99
2435 99
2435 99
2435 99
2435 99
2435 99
2435 99
2435 99
2435 99
2435 99
2435 99
2435 99
2435 99
2435 101
2435 99
2435 99
2435 99
2435 99
2435 99
2435 99
2435 99
2435 99
2435 99
2435 99
2435 99
2435 99
2435 99
2435 101
2435 99
2435 99
2435 99
2435 99
2435 99
2435 99
2435 99
2435 99
2435 99
2435 99
2435 99
2435 99
2435 99
2435 99
2435 99
2435 99
2435 99
2435 99
2435 99
2435 99
2435 99
2435 99
2435 99
2435 99
2435 101
2435 99
2435 99
2435 99
2435 99
2435 99
2435 99
2435 99
2435 99
2435 101
2435 99
2435 99
2435 99
2435 99
2435 101
2435 99
2435 99
2435 99
2435 98
2435 99
2435 99
2435 99
2435 99
2435 101
2435 99
2435 99
2435 99
2435 99
2435 99
2435 99
2435 101
2435 99
2435 99
2435 99
2435 99
2435 101
2435 101
2435 99
2435 99
2435 99
2435 99
2440 97
2440 97
2440 96
2440 96
2440 96
2440 98
2440 96
2440 96
2440 96
2440 96
2440 96
2440 96
2440 96
2440 97
2440 96
2440 97
2440 96
2440 96
2440 96
2440 96
2440 96
2440 96
2440 97
2440 96
2440 96
2440 96
2440 97
2440 96
2440 96
2440 98
2440 96
2440 97
2440 96
2440 97
2440 96
2440 97
2440 96
2440 96
2440 96
2440 97
2440 96
2440 96
2440 96
2440 96
2440 97
2440 96
2440 96
2440 96
2440 96
2440 96
2440 97
2440 96
2440 96
2440 96
2440 96
2440 97
2440 96
2440 98
2440 96
2440 97
2440 97
2440 97
2440 96
2440 97
2440 96
2440 96
2440 96
2440 97
2440 96
2440 96
2440 97
2440 97
2440 96
2440 96
2440 96
2440 98
2440 96
2440 96
2440 96
2440 96
2440 97
2440 96
2440 96
2440 96
2440 96
2440 96
2440 97
2440 96
2440 96
2440 96
2440 96
2440 96
2440 96
2440 96
2440 96
2440 96
2440 96
2440 96
2440 96
2440 97
2445 95
2445 95
2445 95
2445 95
2445 95
2445 95
2445 94
2445 95
2445 95
2445 95
2445 95
2445 95
2445 95
2445 95
2445 94
2445 94
2445 95
2445 95
2445 95
2445 95
2445 95
2445 95
2445 95
2445 94
2445 95
2445 95
2445 95
2445 95
2445 95
2445 95
2445 94
2445 95
2445 94
2445 95
2445 95
2445 94
2445 95
2445 94
2445 95
2445 95
2445 95
2445 95
2445 95
2445 95
2445 95
2445 95
2445 95
2445 95
2445 94
2445 94
2445 95
2445 95
2445 95
2445 95
2445 95
2445 95
2445 95
2445 94
2445 95
2445 94
2445 95
2445 95
2445 95
2445 94
2445 95
2445 94
2445 95
2445 95
2445 95
2445 95
2445 94
2445 94
2445 95
2445 95
2445 95
2445 95
2445 95
2445 95
2445 95
2445 95
2445 95
2445 95
2445 95
2445 95
2445 95
2445 95
2445 95
2445 94
2445 95
2445 94
2445 95
2445 95
2445 94
2445 95
2445 95
2445 95
2445 95
2445 95
2445 95
2445 95
2450 93
2450 92
2450 93
2450 94
2450 93
2450 94
2450 94
2450 93
2450 94
2450 94
2450 93
2450 93
2450 94
2450 93
2450 93
2450 93
2450 93
2450 93
2450 94
2450 93
2450 94
2450 94
2450 94
2450 94
2450 94
2450 93
2450 94
2450 94
2450 94
2450 93
2450 93
2450 94
2450 94
2450 94
2450 93
2450 94
2450 94
2450 93
2450 94
2450 93
2450 94
2450 93
2450 94
2450 93
2450 93
2450 94
2450 93
2450 93
2450 92
2450 93
2450 94
2450 94
2450 93
2450 93
2450 94
2450 92
2450 94
2450 93
2450 93
2450 94
2450 93
2450 94
2450 93
2450 94
2450 93
2450 94
2450 93
2450 93
2450 93
2450 93
2450 93
2450 94
2450 93
2450 93
2450 94
2450 94
2450 93
2450 94
2450 93
2450 93
2450 93
2450 93
2450 94
2450 94
2450 93
2450 94
2450 94
2450 93
2450 94
2450 94
2450 93
2450 93
2450 93
2450 94
2450 94
2450 93
2450 93
2450 93
2450 92
2450 93
2455 92
2455 91
2455 91
2455 92
2455 91
2455 92
2455 92
2455 91
2455 91
2455 92
2455 91
2455 92
2455 92
2455 92
2455 92
2455 92
2455 92
2455 92
2455 92
2455 91
2455 92
2455 92
2455 92
2455 92
2455 92
2455 92
2455 91
2455 92
2455 91
2455 92
2455 92
2455 92
2455 92
2455 91
2455 91
2455 92
2455 92
2455 91
2455 91
2455 92
2455 91
2455 92
2455 91
2455 90
2455 92
2455 91
2455 92
2455 92
2455 92
2455 91
2455 92
2455 92
2455 92
2455 91
2455 92
2455 92
2455 92
2455 91
2455 92
2455 92
2455 91
2455 92
2455 91
2455 92
2455 92
2455 91
2455 91
2455 91
2455 92
2455 92
2455 92
2455 92
2455 91
2455 91
2455 92
2455 92
2455 92
2455 92
2455 91
2455 92
2455 91
2455 92
2455 92
2455 91
2455 92
2455 91
2455 91
2455 92
2455 92
2455 91
2455 92
2455 92
2455 92
2455 91
2455 92
2455 91
2455 91
2455 91
2455 92
2455 92
2460 88
2460 89
2460 88
2460 88
2460 88
2460 88
2460 89
2460 89
2460 88
2460 88
2460 88
2460 88
2460 89
2460 89
2460 88
2460 89
2460 89
2460 89
2460 88
2460 88
2460 89
2460 89
2460 88
2460 88
2460 89
2460 88
2460 88
2460 88
2460 88
2460 88
2460 88
2460 88
2460 89
2460 88
2460 89
2460 88
2460 88
2460 89
2460 88
2460 88
2460 88
2460 88
2460 89
2460 89
2460 88
2460 89
2460 89
2460 88
2460 89
2460 88
2460 88
2460 89
2460 88
2460 89
2460 88
2460 89
2460 88
2460 88
2460 88
2460 88
2460 89
2460 89
2460 89
2460 88
2460 89
2460 89
2460 89
2460 89
2460 88
2460 88
2460 88
2460 89
2460 88
2460 89
2460 88
2460 89
2460 89
2460 89
2460 88
2460 89
2460 88
2460 89
2460 88
2460 88
2460 89
2460 89
2460 88
2460 89
2460 89
2460 89
2460 88
2460 88
2460 88
2460 89
2460 89
2460 89
2460 89
2460 88
2460 89
2465 86
2465 87
2465 87
2465 88
2465 87
2465 86
2465 86
2465 86
2465 86
2465 86
2465 88
2465 86
2465 87
2465 87
2465 87
2465 87
2465 86
2465 87
2465 87
2465 86
2465 87
2465 87
2465 87
2465 86
2465 87
2465 87
2465 87
2465 87
2465 87
2465 86
2465 87
2465 87
2465 85
2465 87
2465 87
2465 87
2465 88
2465 87
2465 86
2465 87
2465 87
2465 86
2465 87
2465 87
2465 87
2465 86
2465 86
2465 87
2465 87
2465 87
2465 87
2465 86
2465 87
2465 86
2465 87
2465 87
2465 87
2465 87
2465 87
2465 86
2465 86
2465 87
2465 87
2465 87
2465 86
2465 87
2465 86
2465 86
2465 86
2465 86
2465 86
2465 87
2465 86
2465 87
2465 87
2465 87
2465 87
2465 86
2465 87
2465 87
2465 87
2465 86
2465 87
2465 86
2465 87
2465 87
2465 87
2465 87
2465 86
2465 87
2465 86
2465 87
2465 88
2465 87
2465 85
2465 86
2465 87
2465 87
2465 87
2465 88
2470 85
2470 85
2470 84
2470 85
2470 85
2470 85
2470 84
2470 85
2470 85
2470 85
2470 85
2470 85
2470 85
2470 84
2470 85
2470 85
2470 85
2470 85
2470 84
2470 85
2470 84
2470 85
2470 85
2470 85
2470 86
2470 85
2470 84
2470 85
2470 85
2470 84
2470 85
2470 84
2470 85
2470 84
2470 85
2470 85
2470 85
2470 84
2470 85
2470 85
2470 85
2470 85
2470 84
2470 85
2470 84
2470 86
2470 85
2470 85
2470 85
2470 85
2470 85
2470 84
2470 85
2470 85
2470 85
2470 85
2470 84
2470 85
2470 85
2470 85
2470 84
2470 86
2470 85
2470 85
2470 85
2470 85
2470 84
2470 85
2470 85
2470 85
2470 85
2470 84
2470 84
2470 85
2470 85
2470 84
2470 85
2470 85
2470 84
2470 86
2470 85
2470 85
2470 85
2470 85
2470 84
2470 85
2470 85
2470 85
2470 85
2470 85
2470 85
2470 85
2470 85
2470 84
2470 85
2470 85
2470 84
2470 84
2470 85
2470 85
2475 83
2475 83
2475 84
2475 83
2475 83
2475 82
2475 83
2475 82
2475 84
2475 83
2475 83
2475 83
2475 84
2475 83
2475 84
2475 82
2475 83
2475 83
2475 83
2475 82
2475 84
2475 84
2475 82
2475 84
2475 84
2475 83
2475 84
2475 84
2475 83
2475 82
2475 84
2475 82
2475 84
2475 83
2475 84
2475 83
2475 84
2475 84
2475 83
2475 82
2475 83
2475 83
2475 83
2475 83
2475 83
2475 83
2475 84
2475 82
2475 83
2475 84
2475 82
2475 84
2475 84
2475 84
2475 83
2475 83
2475 83
2475 83
2475 83
2475 83
2475 83
2475 82
2475 84
2475 84
2475 83
2475 83
2475 83
2475 83
2475 84
2475 84
2475 82
2475 83
2475 83
2475 83
2475 83
2475 83
2475 83
2475 83
2475 83
2475 82
2475 83
2475 84
2475 83
2475 83
2475 82
2475 84
2475 83
2475 84
2475 84
2475 82
2475 82
2475 83
2475 82
2475 83
2475 83
2475 83
2475 82
2475 83
2475 84
2480 80
2480 80
2480 80
2480 80
2480 81
2480 80
2480 79
2480 80
2480 80
2480 81
2480 80
2480 80
2480 80
2480 80
2480 80
2480 80
2480 80
2480 81
2480 80
2480 80
2480 80
2480 80
2480 80
2480 80
2480 80
2480 80
2480 81
2480 80
2480 81
2480 80
2480 80
2480 80
2480 80
2480 80
2480 81
2480 80
2480 80
2480 80
2480 81
2480 80
2480 81
2480 80
2480 80
2480 80
2480 80
2480 80
2480 80
2480 80
2480 81
2480 80
2480 80
2480 80
2480 81
2480 80
2480 80
2480 80
2480 80
2480 80
2480 80
2480 80
2480 80
2480 80
2480 81
2480 81
2480 80
2480 80
2480 80
2480 80
2480 81
2480 80
2480 80
2480 80
2480 80
2480 80
2480 81
2480 81
2480 80
2480 81
2480 80
2480 80
2480 81
2480 80
2480 80
2480 80
2480 80
2480 80
2480 81
2480 80
2480 80
2480 80
2480 80
2480 80
2480 81
2480 80
2480 80
2480 81
2480 80
2480 80
2480 81
2480 81
2485 78
2485 78
2485 78
2485 78
2485 78
2485 79
2485 79
2485 79
2485 78
2485 78
2485 78
2485 78
2485 78
2485 79
2485 79
2485 79
2485 78
2485 79
2485 79
2485 79
2485 79
2485 79
2485 79
2485 79
2485 78
2485 79
2485 78
2485 78
2485 78
2485 78
2485 78
2485 78
2485 78
2485 78
2485 78
2485 78
2485 79
2485 79
2485 78
2485 78
2485 79
2485 79
2485 79
2485 78
2485 79
2485 77
2485 78
2485 78
2485 79
2485 79
2485 78
2485 78
2485 78
2485 78
2485 79
2485 78
2485 79
2485 78
2485 79
2485 78
2485 78
2485 78
2485 78
2485 78
2485 79
2485 78
2485 79
2485 78
2485 79
2485 78
2485 79
2485 78
2485 78
2485 78
2485 79
2485 79
2485 78
2485 79
2485 78
2485 77
2485 78
2485 79
2485 78
2485 79
2485 79
2485 78
2485 78
2485 79
2485 78
2485 78
2485 79
2485 78
2485 78
2485 78
2485 78
2485 79
2485 78
2485 79
2485 79
2485 78
2490 77
2490 76
2490 75
2490 78
2490 75
2490 75
2490 75
2490 75
2490 76
2490 77
2490 77
2490 75
2490 77
2490 77
2490 75
2490 77
2490 77
2490 75
2490 77
2490 77
2490 75
2490 77
2490 77
2490 77
2490 75
2490 76
2490 75
2490 77
2490 76
2490 75
2490 76
2490 76
2490 75
2490 75
2490 76
2490 75
2490 75
2490 75
2490 75
2490 75
2490 76
2490 75
2490 76
2490 77
2490 75
2490 75
2490 77
2490 75
2490 76
2490 76
2490 76
2490 77
2490 75
2490 77
2490 75
2490 77
2490 75
2490 77
2490 77
2490 76
2490 75
2490 75
2490 75
2490 75
2490 75
2490 77
2490 77
2490 75
2490 76
2490 75
2490 75
2490 76
2490 77
2490 75
2490 75
2490 77
2490 75
2490 75
2490 75
2490 77
2490 76
2490 76
2490 76
2490 77
2490 75
2490 77
2490 76
2490 75
2490 76
2490 77
2490 75
2490 76
2490 77
2490 75
2490 75
2490 76
2490 75
2490 75
2490 77
2490 75
2495 75
2495 74
2495 74
2495 74
2495 74
2495 74
2495 74
2495 74
2495 74
2495 74
2495 74
2495 74
2495 75
2495 74
2495 74
2495 74
2495 74
2495 74
2495 74
2495 74
2495 74
2495 74
2495 74
2495 74
2495 74
2495 74
2495 74
2495 74
2495 74
2495 74
2495 74
2495 74
2495 74
2495 74
2495 74
2495 74
2495 75
2495 74
2495 74
2495 74
2495 74
2495 75
2495 74
2495 74
2495 74
2495 74
2495 74
2495 74
2495 74
2495 74
2495 74
2495 74
2495 74
2495 75
2495 74
2495 74
2495 74
2495 74
2495 75
2495 74
2495 74
2495 74
2495 75
2495 74
2495 74
2495 74
2495 74
2495 74
2495 74
2495 74
2495 74
2495 74
2495 74
2495 74
2495 74
2495 74
2495 74
2495 74
2495 74
2495 74
2495 75
2495 74
2495 74
2495 74
2495 74
2495 74
2495 74
2495 74
2495 74
2495 74
2495 74
2495 74
2495 74
2495 74
2495 74
2495 75
2495 74
2495 74
2495 74
2495 74
2500 72
2500 71
2500 72
2500 73
2500 71
2500 73
2500 72
2500 72
2500 73
2500 73
2500 73
2500 71
2500 73
2500 73
2500 73
2500 71
2500 73
2500 73
2500 73
2500 71
2500 72
2500 73
2500 72
2500 71
2500 71
2500 73
2500 73
2500 73
2500 72
2500 73
2500 71
2500 72
2500 73
2500 72
2500 72
2500 72
2500 73
2500 73
2500 72
2500 73
2500 71
2500 73
2500 72
2500 72
2500 73
2500 73
2500 72
2500 72
2500 71
2500 73
2500 73
2500 71
2500 73
2500 71
2500 72
2500 71
2500 73
2500 73
2500 73
2500 72
2500 71
2500 71
2500 73
2500 73
2500 73
2500 71
2500 71
2500 71
2500 73
2500 73
2500 72
2500 73
2500 73
2500 71
2500 71
2500 72
2500 73
2500 72
2500 73
2500 72
2500 72
2500 72
2500 73
2500 73
2500 72
2500 71
2500 73
2500 73
2500 72
2500 72
2500 71
2500 73
2500 71
2500 73
2500 73
2500 72
2500 71
2500 73
2500 72
2500 73
2505 71
2505 70
2505 70
2505 70
2505 71
2505 70
2505 71
2505 70
2505 70
2505 70
2505 71
2505 71
2505 70
2505 71
2505 71
2505 70
2505 70
2505 71
2505 70
2505 70
2505 70
2505 70
2505 70
2505 70
2505 70
2505 70
2505 71
2505 70
2505 70
2505 70
2505 70
2505 69
2505 70
2505 71
2505 70
2505 70
2505 70
2505 71
2505 70
2505 69
2505 70
2505 70
2505 71
2505 70
2505 71
2505 71
2505 70
2505 71
2505 71
2505 70
2505 70
2505 70
2505 70
2505 70
2505 70
2505 71
2505 70
2505 70
2505 70
2505 70
2505 70
2505 70
2505 71
2505 69
2505 71
2505 70
2505 70
2505 69
2505 70
2505 70
2505 70
2505 70
2505 70
2505 71
2505 71
2505 70
2505 71
2505 70
2505 70
2505 70
2505 70
2505 71
2505 70
2505 70
2505 71
2505 71
2505 70
2505 70
2505 70
2505 70
2505 70
2505 70
2505 70
2505 70
2505 70
2505 71
2505 70
2505 70
2505 71
2505 70
2510 69
2510 69
2510 67
2510 69
2510 69
2510 67
2510 69
2510 67
2510 69
2510 69
2510 67
2510 67
2510 67
2510 67
2510 69
2510 67
2510 69
2510 67
2510 69
2510 67
2510 67
2510 67
2510 69
2510 69
2510 67
2510 67
2510 69
2510 69
2510 69
2510 69
2510 67
2510 67
2510 69
2510 69
2510 67
2510 69
2510 67
2510 69
2510 69
2510 67
2510 69
2510 67
2510 67
2510 69
2510 68
2510 69
2510 67
2510 67
2510 67
2510 67
2510 69
2510 67
2510 69
2510 67
2510 67
2510 67
2510 69
2510 69
2510 67
2510 70
2510 68
2510 69
2510 67
2510 69
2510 69
2510 69
2510 69
2510 68
2510 69
2510 67
2510 67
2510 69
2510 69
2510 69
2510 67
2510 67
2510 67
2510 69
2510 69
2510 69
2510 69
2510 67
2510 67
2510 67
2510 69
2510 67
2510 67
2510 69
2510 68
2510 67
2510 69
2510 67
2510 69
2510 67
2510 67
2510 67
2510 67
2510 69
2510 69
2510 69
2515 66
2515 65
2515 67
2515 64
2515 66
2515 66
2515 66
2515 66
2515 67
2515 65
2515 66
2515 66
2515 66
2515 67
2515 66
2515 66
2515 66
2515 66
2515 67
2515 66
2515 65
2515 66
2515 65
2515 66
2515 66
2515 67
2515 66
2515 67
2515 66
2515 66
2515 67
2515 66
2515 67
2515 67
2515 66
2515 66
2515 66
2515 66
2515 66
2515 65
2515 66
2515 66
2515 66
2515 67
2515 66
2515 66
2515 66
2515 66
2515 66
2515 67
2515 65
2515 66
2515 65
2515 66
2515 67
2515 66
2515 65
2515 67
2515 66
2515 66
2515 66
2515 67
2515 67
2515 66
2515 66
2515 66
2515 67
2515 66
2515 67
2515 66
2515 66
2515 66
2515 66
2515 66
2515 67
2515 66
2515 65
2515 67
2515 66
2515 65
2515 67
2515 67
2515 67
2515 66
2515 67
2515 66
2515 67
2515 65
2515 67
2515 66
2515 66
2515 67
2515 66
2515 65
2515 66
2515 66
2515 66
2515 67
2515 66
2515 67
2520 63
2520 64
2520 63
2520 64
2520 63
2520 63
2520 64
2520 63
2520 63
2520 63
2520 63
2520 63
2520 63
2520 63
2520 63
2520 63
2520 63
2520 63
2520 64
2520 63
2520 63
2520 63
2520 64
2520 63
2520 63
2520 63
2520 63
2520 63
2520 63
2520 63
2520 63
2520 63
2520 63
2520 64
2520 63
2520 63
2520 63
2520 64
2520 63
2520 63
2520 63
2520 64
2520 64
2520 64
2520 63
2520 63
2520 63
2520 63
2520 63
2520 63
2520 63
2520 63
2520 64
2520 63
2520 63
2520 63
2520 63
2520 63
2520 64
2520 63
2520 64
2520 63
2520 63
2520 63
2520 64
2520 63
2520 63
2520 63
2520 63
2520 63
2520 63
2520 63
2520 63
2520 63
2520 64
2520 63
2520 63
2520 63
2520 63
2520 63
2520 63
2520 63
2520 63
2520 63
2520 63
2520 63
2520 63
2520 64
2520 63
2520 63
2520 64
2520 63
2520 63
2520 63
2520 63
2520 63
2520 63
2520 64
2520 63
2525 62
2525 62
2525 62
2525 62
2525 62
2525 62
2525 62
2525 62
2525 62
2525 62
2525 62
2525 62
2525 62
2525 62
2525 62
2525 62
2525 62
2525 62
2525 62
2525 62
2525 62
2525 62
2525 62
2525 62
2525 62
2525 62
2525 62
2525 62
2525 62
2525 62
2525 62
2525 62
2525 62
2525 62
2525 62
2525 62
2525 62
2525 62
2525 62
2525 62
2525 62
2525 62
2525 62
2525 62
2525 62
2525 62
2525 62
2525 62
2525 61
2525 63
2525 62
2525 62
2525 62
2525 62
2525 62
2525 62
2525 62
2525 62
2525 62
2525 62
2525 62
2525 62
2525 62
2525 62
2525 62
2525 62
2525 62
2525 62
2525 62
2525 62
2525 62
2525 62
2525 62
2525 62
2525 62
2525 62
2525 62
2525 62
2525 62
2525 62
2525 62
2525 62
2525 62
2525 62
2525 62
2525 62
2525 62
2525 62
2525 62
2525 62
2525 62
2525 62
2525 62
2525 62
2525 62
2525 62
2525 62
2525 62
2525 62
2530 60
2530 60
2530 60
2530 60
2530 60
2530 60
2530 60
2530 60
2530 61
2530 60
2530 60
2530 60
2530 60
2530 60
2530 60
2530 60
2530 60
2530 60
2530 60
2530 60
2530 61
2530 61
2530 61
2530 60
2530 60
2530 60
2530 60
2530 60
2530 60
2530 60
2530 60
2530 59
2530 60
2530 60
2530 60
2530 60
2530 61
2530 60
2530 60
2530 60
2530 60
2530 60
2530 60
2530 60
2530 60
2530 60
2530 61
2530 60
2530 60
2530 60
2530 60
2530 60
2530 61
2530 60
2530 60
2530 60
2530 61
2530 60
2530 60
2530 60
2530 60
2530 60
2530 60
2530 60
2530 60
2530 60
2530 60
2530 61
2530 60
2530 60
2530 60
2530 60
2530 60
2530 60
2530 60
2530 60
2530 60
2530 60
2530 60
2530 60
2530 60
2530 60
2530 61
2530 61
2530 61
2530 60
2530 60
2530 60
2530 60
2530 60
2530 61
2530 60
2530 60
2530 60
2530 60
2530 60
2530 60
2530 61
2530 60
2530 61
2535 58
2535 57
2535 58
2535 59
2535 58
2535 58
2535 59
2535 58
2535 58
2535 58
2535 58
2535 58
2535 58
2535 57
2535 58
2535 57
2535 58
2535 59
2535 58
2535 58
2535 58
2535 58
2535 57
2535 58
2535 57
2535 58
2535 59
2535 57
2535 58
2535 58
2535 58
2535 58
2535 58
2535 58
2535 58
2535 58
2535 58
2535 58
2535 57
2535 58
2535 58
2535 58
2535 58
2535 59
2535 58
2535 58
2535 58
2535 58
2535 58
2535 58
2535 59
2535 59
2535 59
2535 60
2535 57
2535 58
2535 58
2535 58
2535 58
2535 58
2535 58
2535 58
2535 58
2535 59
2535 59
2535 58
2535 59
2535 58
2535 57
2535 58
2535 58
2535 58
2535 58
2535 59
2535 58
2535 59
2535 57
2535 59
2535 58
2535 59
2535 58
2535 58
2535 58
2535 58
2535 58
2535 60
2535 58
2535 57
2535 58
2535 58
2535 58
2535 59
2535 59
2535 58
2535 59
2535 58
2535 59
2535 59
2535 59
2535 58
2540 56
2540 56
2540 55
2540 55
2540 55
2540 56
2540 55
2540 55
2540 56
2540 56
2540 56
2540 55
2540 55
2540 56
2540 55
2540 56
2540 55
2540 56
2540 56
2540 55
2540 56
2540 56
2540 56
2540 56
2540 55
2540 55
2540 55
2540 56
2540 56
2540 55
2540 56
2540 56
2540 56
2540 56
2540 56
2540 56
2540 56
2540 56
2540 56
2540 56
2540 56
2540 56
2540 55
2540 55
2540 55
2540 55
2540 56
2540 56
2540 56
2540 55
2540 56
2540 56
2540 56
2540 56
2540 56
2540 56
2540 55
2540 56
2540 56
2540 55
2540 55
2540 55
2540 55
2540 56
2540 56
2540 56
2540 56
2540 56
2540 56
2540 55
2540 56
2540 55
2540 56
2540 56
2540 56
2540 56
2540 56
2540 55
2540 56
2540 56
2540 55
2540 55
2540 56
2540 56
2540 56
2540 55
2540 55
2540 56
2540 55
2540 55
2540 55
2540 56
2540 55
2540 55
2540 56
2540 56
2540 56
2540 56
2540 56
2540 56
2545 54
2545 54
2545 54
2545 53
2545 55
2545 54
2545 54
2545 54
2545 54
2545 54
2545 53
2545 54
2545 53
2545 53
2545 54
2545 54
2545 54
2545 53
2545 53
2545 53
2545 54
2545 54
2545 53
2545 53
2545 53
2545 54
2545 53
2545 53
2545 54
2545 53
2545 53
2545 53
2545 53
2545 54
2545 54
2545 54
2545 54
2545 54
2545 54
2545 54
2545 54
2545 53
2545 54
2545 54
2545 53
2545 54
2545 54
2545 53
2545 53
2545 53
2545 53
2545 53
2545 53
2545 53
2545 54
2545 54
2545 54
2545 53
2545 53
2545 53
2545 53
2545 53
2545 54
2545 54
2545 53
2545 53
2545 54
2545 53
2545 53
2545 54
2545 54
2545 55
2545 53
2545 54
2545 54
2545 54
2545 54
2545 54
2545 53
2545 54
2545 53
2545 54
2545 53
2545 53
2545 53
2545 53
2545 53
2545 53
2545 53
2545 53
2545 54
2545 53
2545 53
2545 53
2545 53
2545 53
2545 53
2545 53
2545 54
2545 54
2550 52
2550 52
2550 52
2550 52
2550 52
2550 52
2550 52
2550 52
2550 52
2550 52
2550 52
2550 52
2550 53
2550 52
2550 52
2550 52
2550 52
2550 52
2550 51
2550 52
2550 52
2550 52
2550 52
2550 52
2550 52
2550 52
2550 52
2550 52
2550 53
2550 52
2550 52
2550 53
2550 52
2550 53
2550 52
2550 53
2550 52
2550 52
2550 52
2550 52
2550 52
2550 52
2550 52
2550 52
2550 52
2550 52
2550 52
2550 52
2550 53
2550 53
2550 52
2550 52
2550 52
2550 52
2550 52
2550 52
2550 52
2550 52
2550 52
2550 52
2550 52
2550 52
2550 52
2550 52
2550 52
2550 53
2550 52
2550 53
2550 52
2550 53
2550 52
2550 52
2550 52
2550 52
2550 52
2550 51
2550 52
2550 52
2550 52
2550 52
2550 52
2550 52
2550 52
2550 52
2550 52
2550 52
2550 52
2550 52
2550 52
2550 52
2550 52
2550 52
2550 52
2550 52
2550 52
2550 52
2550 52
2550 52
2550 52
2550 52
2555 50
2555 50
2555 49
2555 50
2555 50
2555 50
2555 50
2555 50
2555 50
2555 50
2555 50
2555 49
2555 49
2555 49
2555 50
2555 50
2555 49
2555 49
2555 49
2555 49
2555 49
2555 50
2555 50
2555 51
2555 50
2555 50
2555 49
2555 50
2555 50
2555 50
2555 50
2555 50
2555 49
2555 50
2555 50
2555 49
2555 51
2555 49
2555 50
2555 50
2555 50
2555 50
2555 50
2555 50
2555 49
2555 50
2555 49
2555 50
2555 50
2555 51
2555 49
2555 51
2555 50
2555 50
2555 49
2555 51
2555 50
2555 50
2555 50
2555 49
2555 51
2555 50
2555 50
2555 50
2555 50
2555 49
2555 50
2555 49
2555 50
2555 50
2555 50
2555 49
2555 50
2555 51
2555 50
2555 50
2555 49
2555 50
2555 49
2555 50
2555 49
2555 49
2555 50
2555 51
2555 51
2555 49
2555 51
2555 49
2555 50
2555 50
2555 51
2555 50
2555 50
2555 49
2555 49
2555 50
2555 50
2555 50
2555 50
2555 50
2560 48
2560 48
2560 48
2560 48
2560 48
2560 48
2560 49
2560 48
2560 48
2560 48
2560 48
2560 49
2560 48
2560 48
2560 48
2560 47
2560 48
2560 48
2560 48
2560 48
2560 47
2560 48
2560 48
2560 48
2560 48
2560 48
2560 49
2560 48
2560 48
2560 48
2560 48
2560 48
2560 48
2560 48
2560 49
2560 48
2560 48
2560 47
2560 48
2560 48
2560 48
2560 48
2560 48
2560 48
2560 48
2560 48
2560 48
2560 48
2560 47
2560 48
2560 48
2560 48
2560 48
2560 48
2560 48
2560 49
2560 48
2560 48
2560 48
2560 48
2560 47
2560 48
2560 48
2560 47
2560 48
2560 47
2560 48
2560 48
2560 48
2560 48
2560 48
2560 48
2560 49
2560 48
2560 48
2560 48
2560 48
2560 47
2560 48
2560 48
2560 48
2560 48
2560 48
2560 48
2560 48
2560 48
2560 48
2560 48
2560 48
2560 48
2560 48
2560 48
2560 48
2560 48
2560 48
2560 48
2560 48
2560 48
2560 48
2560 48
2565 46
2565 45
2565 46
2565 46
2565 47
2565 46
2565 46
2565 45
2565 45
2565 46
2565 46
2565 47
2565 46
2565 46
2565 46
2565 46
2565 45
2565 46
2565 46
2565 46
2565 46
2565 46
2565 45
2565 46
2565 47
2565 46
2565 46
2565 46
2565 47
2565 46
2565 45
2565 47
2565 46
2565 46
2565 46
2565 46
2565 47
2565 46
2565 46
2565 46
2565 46
2565 46
2565 45
2565 46
2565 46
2565 46
2565 47
2565 46
2565 46
2565 46
2565 47
2565 47
2565 46
2565 46
2565 46
2565 45
2565 46
2565 46
2565 46
2565 47
2565 47
2565 46
2565 46
2565 45
2565 46
2565 46
2565 46
2565 45
2565 47
2565 47
2565 46
2565 46
2565 46
2565 46
2565 46
2565 45
2565 45
2565 46
2565 46
2565 46
2565 45
2565 47
2565 46
2565 46
2565 46
2565 46
2565 47
2565 45
2565 46
2565 46
2565 46
2565 45
2565 46
2565 46
2565 47
2565 45
2565 45
2565 46
2565 46
2565 46
2570 45
2570 43
2570 43
2570 43
2570 44
2570 43
2570 43
2570 43
2570 43
2570 45
2570 43
2570 43
2570 43
2570 45
2570 43
2570 44
2570 43
2570 43
2570 43
2570 44
2570 43
2570 43
2570 43
2570 43
2570 43
2570 45
2570 44
2570 43
2570 43
2570 43
2570 43
2570 45
2570 43
2570 44
2570 45
2570 43
2570 44
2570 43
2570 43
2570 44
2570 43
2570 43
2570 43
2570 43
2570 43
2570 43
2570 43
2570 43
2570 44
2570 43
2570 43
2570 43
2570 43
2570 43
2570 44
2570 43
2570 43
2570 43
2570 44
2570 43
2570 43
2570 45
2570 43
2570 43
2570 43
2570 43
2570 43
2570 45
2570 43
2570 44
2570 42
2570 43
2570 43
2570 44
2570 43
2570 43
2570 43
2570 44
2570 43
2570 43
2570 43
2570 44
2570 43
2570 43
2570 44
2570 43
2570 43
2570 43
2570 43
2570 43
2570 43
2570 44
2570 43
2570 43
2570 43
2570 43
2570 43
2570 43
2570 43
2575 42
2575 41
2575 42
2575 42
2575 42
2575 42
2575 42
2575 42
2575 42
2575 42
2575 42
2575 42
2575 42
2575 42
2575 42
2575 42
2575 42
2575 42
2575 42
2575 42
2575 42
2575 42
2575 42
2575 42
2575 42
2575 42
2575 42
2575 42
2575 42
2575 42
2575 42
2575 41
2575 42
2575 42
2575 42
2575 42
2575 42
2575 42
2575 42
2575 42
2575 42
2575 42
2575 42
2575 42
2575 42
2575 42
2575 42
2575 42
2575 42
2575 42
2575 42
2575 42
2575 42
2575 42
2575 42
2575 42
2575 42
2575 42
2575 42
2575 42
2575 42
2575 42
2575 42
2575 42
2575 42
2575 42
2575 42
2575 42
2575 42
2575 42
2575 42
2575 42
2575 42
2575 42
2575 42
2575 42
2575 42
2575 42
2575 42
2575 42
2575 42
2575 42
2575 42
2575 42
2575 42
2575 42
2575 42
2575 42
2575 42
2575 42
2575 42
2575 42
2575 42
2575 42
2575 42
2575 42
2575 41
2575 42
2575 42
2575 42
2580 39
2580 39
2580 39
2580 39
2580 39
2580 39
2580 39
2580 39
2580 39
2580 39
2580 39
2580 39
2580 39
2580 39
2580 39
2580 39
2580 39
2580 39
2580 39
2580 39
2580 39
2580 39
2580 39
2580 39
2580 39
2580 39
2580 39
2580 39
2580 39
2580 40
2580 39
2580 39
2580 39
2580 39
2580 39
2580 39
2580 39
2580 39
2580 39
2580 39
2580 39
2580 39
2580 39
2580 39
2580 39
2580 39
2580 39
2580 39
2580 39
2580 39
2580 39
2580 39
2580 39
2580 39
2580 39
2580 39
2580 39
2580 40
2580 39
2580 39
2580 39
2580 39
2580 40
2580 39
2580 38
2580 41
2580 39
2580 40
2580 39
2580 39
2580 41
2580 39
2580 39
2580 39
2580 39
2580 39
2580 41
2580 40
2580 39
2580 39
2580 39
2580 39
2580 39
2580 39
2580 41
2580 39
2580 39
2580 39
2580 39
2580 39
2580 39
2580 39
2580 39
2580 40
2580 39
2580 39
2580 39
2580 39
2580 39
2585 37
2585 35
2585 38
2585 38
2585 38
2585 37
2585 37
2585 38
2585 38
2585 38
2585 38
2585 37
2585 38
2585 37
2585 38
2585 37
2585 38
2585 37
2585 37
2585 37
2585 38
2585 38
2585 38
2585 37
2585 37
2585 38
2585 37
2585 37
2585 38
2585 37
2585 37
2585 38
2585 38
2585 37
2585 38
2585 38
2585 37
2585 37
2585 38
2585 38
2585 37
2585 37
2585 37
2585 37
2585 38
2585 37
2585 37
2585 38
2585 37
2585 38
2585 35
2585 37
2585 37
2585 37
2585 37
2585 37
2585 37
2585 37
2585 37
2585 37
2585 37
2585 38
2585 37
2585 37
2585 37
2585 37
2585 38
2585 37
2585 37
2585 38
2585 37
2585 38
2585 37
2585 37
2585 37
2585 38
2585 37
2585 38
2585 38
2585 37
2585 38
2585 37
2585 37
2585 37
2585 37
2585 37
2585 38
2585 37
2585 37
2585 38
2585 38
2585 38
2585 37
2585 37
2585 37
2585 38
2585 38
2585 37
2585 38
2585 37
2590 35
2590 35
2590 35
2590 35
2590 35
2590 35
2590 37
2590 35
2590 35
2590 34
2590 35
2590 35
2590 35
2590 35
2590 35
2590 35
2590 35
2590 35
2590 35
2590 35
2590 35
2590 35
2590 35
2590 35
2590 35
2590 35
2590 35
2590 35
2590 35
2590 35
2590 35
2590 35
2590 34
2590 35
2590 35
2590 35
2590 35
2590 35
2590 35
2590 35
2590 35
2590 35
2590 35
2590 35
2590 35
2590 35
2590 35
2590 35
2590 35
2590 35
2590 35
2590 35
2590 35
2590 35
2590 35
2590 35
2590 35
2590 35
2590 35
2590 35
2590 35
2590 35
2590 35
2590 35
2590 35
2590 35
2590 35
2590 35
2590 35
2590 35
2590 35
2590 35
2590 35
2590 35
2590 35
2590 35
2590 35
2590 35
2590 35
2590 35
2590 35
2590 35
2590 35
2590 35
2590 35
2590 35
2590 35
2590 35
2590 35
2590 35
2590 35
2590 35
2590 35
2590 35
2590 35
2590 35
2590 35
2590 35
2590 35
2590 35
2595 33
2595 32
2595 31
2595 33
2595 33
2595 33
2595 32
2595 33
2595 32
2595 33
2595 33
2595 32
2595 32
2595 33
2595 32
2595 32
2595 32
2595 34
2595 32
2595 32
2595 32
2595 32
2595 33
2595 32
2595 32
2595 32
2595 32
2595 33
2595 32
2595 32
2595 32
2595 32
2595 33
2595 33
2595 32
2595 33
2595 34
2595 32
2595 32
2595 33
2595 32
2595 32
2595 33
2595 33
2595 32
2595 33
2595 32
2595 33
2595 33
2595 32
2595 32
2595 32
2595 33
2595 33
2595 32
2595 32
2595 32
2595 33
2595 32
2595 32
2595 32
2595 32
2595 32
2595 34
2595 33
2595 33
2595 32
2595 32
2595 32
2595 33
2595 32
2595 32
2595 33
2595 32
2595 32
2595 33
2595 32
2595 33
2595 32
2595 32
2595 33
2595 32
2595 32
2595 33
2595 33
2595 32
2595 33
2595 32
2595 32
2595 32
2595 33
2595 32
2595 33
2595 33
2595 32
2595 33
2595 32
2595 33
2595 32
2595 33
2600 31
2600 30
2600 30
2600 30
2600 30
2600 30
2600 30
2600 31
2600 30
2600 30
2600 31
2600 31
2600 30
2600 30
2600 30
2600 30
2600 30
2600 30
2600 30
2600 30
2600 30
2600 30
2600 31
2600 30
2600 30
2600 30
2600 30
2600 31
2600 30
2600 30
2600 31
2600 31
2600 31
2600 30
2600 30
2600 30
2600 31
2600 31
2600 31
2600 30
2600 30
2600 30
2600 30
2600 30
2600 30
2600 30
2600 31
2600 31
2600 31
2600 30
2600 30
2600 31
2600 30
2600 31
2600 30
2600 31
2600 30
2600 31
2600 31
2600 30
2600 30
2600 30
2600 31
2600 31
2600 31
2600 30
2600 30
2600 30
2600 31
2600 30
2600 30
2600 30
2600 31
2600 31
2600 30
2600 30
2600 30
2600 30
2600 31
2600 30
2600 31
2600 30
2600 30
2600 30
2600 30
2600 30
2600 31
2600 31
2600 30
2600 30
2600 31
2600 31
2600 30
2600 30
2600 30
2600 30
2600 31
2600 30
2600 30
2600 30
2605 29
2605 29
2605 29
2605 29
2605 29
2605 29
2605 28
2605 30
2605 29
2605 28
2605 28
2605 28
2605 28
2605 29
2605 29
2605 29
2605 29
2605 29
2605 29
2605 28
2605 28
2605 29
2605 29
2605 28
2605 29
2605 29
2605 28
2605 29
2605 28
2605 28
2605 28
2605 29
2605 28
2605 28
2605 29
2605 28
2605 28
2605 28
2605 28
2605 29
2605 29
2605 29
2605 28
2605 29
2605 28
2605 30
2605 29
2605 28
2605 29
2605 28
2605 29
2605 29
2605 28
2605 29
2605 29
2605 28
2605 29
2605 29
2605 29
2605 28
2605 28
2605 28
2605 29
2605 28
2605 28
2605 28
2605 28
2605 28
2605 28
2605 29
2605 29
2605 28
2605 29
2605 28
2605 28
2605 29
2605 29
2605 29
2605 29
2605 28
2605 30
2605 28
2605 29
2605 29
2605 28
2605 29
2605 28
2605 29
2605 28
2605 28
2605 30
2605 29
2605 28
2605 28
2605 30
2605 28
2605 30
2605 28
2605 28
2610 27
2610 28
2610 27
2610 25
2610 27
2610 27
2610 27
2610 27
2610 27
2610 27
2610 25
2610 27
2610 26
2610 27
2610 27
2610 26
2610 28
2610 27
2610 27
2610 27
2610 28
2610 26
2610 28
2610 26
2610 27
2610 28
2610 27
2610 27
2610 27
2610 28
2610 27
2610 26
2610 27
2610 27
2610 27
2610 28
2610 26
2610 27
2610 28
2610 26
2610 28
2610 26
2610 28
2610 28
2610 27
2610 27
2610 27
2610 27
2610 27
2610 27
2610 26
2610 27
2610 27
2610 27
2610 26
2610 27
2610 26
2610 27
2610 26
2610 27
2610 28
2610 27
2610 26
2610 27
2610 27
2610 27
2610 28
2610 27
2610 27
2610 27
2610 27
2610 27
2610 26
2610 27
2610 26
2610 26
2610 27
2610 27
2610 27
2610 27
2610 27
2610 27
2610 28
2610 27
2610 26
2610 26
2610 27
2610 27
2610 28
2610 26
2610 27
2610 27
2610 26
2610 28
2610 27
2610 26
2610 27
2610 27
2610 26
2610 27
2615 25
2615 24
2615 24
2615 24
2615 24
2615 24
2615 24
2615 24
2615 24
2615 24
2615 25
2615 25
2615 25
2615 24
2615 25
2615 25
2615 24
2615 25
2615 24
2615 25
2615 25
2615 24
2615 25
2615 25
2615 24
2615 24
2615 24
2615 24
2615 24
2615 24
2615 25
2615 24
2615 25
2615 24
2615 24
2615 25
2615 24
2615 25
2615 24
2615 25
2615 25
2615 24
2615 24
2615 24
2615 25
2615 24
2615 25
2615 24
2615 24
2615 24
2615 25
2615 24
2615 24
2615 24
2615 25
2615 24
2615 24
2615 25
2615 25
2615 24
2615 24
2615 24
2615 25
2615 24
2615 24
2615 24
2615 25
2615 24
2615 25
2615 24
2615 24
2615 25
2615 24
2615 24
2615 24
2615 25
2615 24
2615 24
2615 25
2615 24
2615 25
2615 24
2615 25
2615 25
2615 24
2615 24
2615 25
2615 24
2615 24
2615 24
2615 24
2615 25
2615 24
2615 24
2615 24
2615 25
2615 25
2615 25
2615 25
2620 22
2620 22
2620 22
2620 22
2620 22
2620 22
2620 21
2620 21
2620 22
2620 22
2620 22
2620 22
2620 22
2620 22
2620 22
2620 22
2620 22
2620 21
2620 22
2620 22
2620 21
2620 22
2620 22
2620 21
2620 22
2620 23
2620 22
2620 22
2620 22
2620 22
2620 22
2620 23
2620 22
2620 22
2620 22
2620 23
2620 22
2620 22
2620 22
2620 21
2620 22
2620 22
2620 22
2620 22
2620 22
2620 22
2620 22
2620 22
2620 23
2620 22
2620 22
2620 22
2620 22
2620 22
2620 21
2620 22
2620 22
2620 22
2620 21
2620 22
2620 22
2620 22
2620 22
2620 23
2620 22
2620 22
2620 22
2620 22
2620 22
2620 22
2620 22
2620 22
2620 22
2620 22
2620 22
2620 22
2620 22
2620 23
2620 22
2620 22
2620 22
2620 22
2620 21
2620 22
2620 23
2620 22
2620 23
2620 22
2620 23
2620 23
2620 22
2620 23
2620 22
2620 22
2620 23
2620 22
2620 22
2620 23
2620 22
2620 22
2625 21
2625 21
2625 21
2625 21
2625 20
2625 20
2625 21
2625 20
2625 21
2625 21
2625 20
2625 20
2625 21
2625 21
2625 20
2625 20
2625 21
2625 21
2625 20
2625 21
2625 20
2625 20
2625 20
2625 21
2625 20
2625 20
2625 20
2625 21
2625 21
2625 20
2625 20
2625 20
2625 20
2625 20
2625 20
2625 20
2625 20
2625 20
2625 21
2625 19
2625 20
2625 20
2625 21
2625 20
2625 21
2625 20
2625 20
2625 21
2625 21
2625 20
2625 20
2625 20
2625 20
2625 20
2625 21
2625 20
2625 21
2625 20
2625 20
2625 21
2625 20
2625 20
2625 21
2625 21
2625 20
2625 20
2625 21
2625 20
2625 21
2625 20
2625 20
2625 20
2625 20
2625 21
2625 20
2625 20
2625 20
2625 20
2625 21
2625 20
2625 20
2625 20
2625 20
2625 21
2625 20
2625 20
2625 21
2625 20
2625 20
2625 21
2625 20
2625 20
2625 20
2625 20
2625 21
2625 20
2625 20
2625 20
2625 20
2625 21
2630 19
2630 18
2630 18
2630 19
2630 18
2630 19
2630 18
2630 18
2630 18
2630 18
2630 19
2630 18
2630 18
2630 17
2630 18
2630 18
2630 20
2630 18
2630 18
2630 18
2630 19
2630 19
2630 19
2630 17
2630 19
2630 18
2630 18
2630 19
2630 17
2630 18
2630 19
2630 18
2630 18
2630 18
2630 18
2630 18
2630 18
2630 19
2630 18
2630 17
2630 18
2630 19
2630 18
2630 19
2630 19
2630 18
2630 19
2630 18
2630 18
2630 19
2630 19
2630 18
2630 19
2630 18
2630 18
2630 18
2630 18
2630 19
2630 19
2630 19
2630 18
2630 18
2630 20
2630 19
2630 18
2630 18
2630 19
2630 18
2630 19
2630 17
2630 18
2630 19
2630 19
2630 18
2630 18
2630 18
2630 18
2630 18
2630 18
2630 20
2630 18
2630 18
2630 18
2630 19
2630 19
2630 19
2630 18
2630 20
2630 18
2630 18
2630 18
2630 17
2630 18
2630 18
2630 19
2630 19
2630 18
2630 18
2630 18
2630 18
2635 16
2635 16
2635 16
2635 16
2635 16
2635 16
2635 17
2635 16
2635 16
2635 17
2635 17
2635 16
2635 16
2635 17
2635 16
2635 16
2635 16
2635 17
2635 16
2635 17
2635 16
2635 17
2635 17
2635 17
2635 16
2635 15
2635 16
2635 17
2635 16
2635 17
2635 16
2635 17
2635 16
2635 16
2635 16
2635 17
2635 17
2635 16
2635 16
2635 16
2635 16
2635 17
2635 16
2635 17
2635 16
2635 16
2635 16
2635 16
2635 17
2635 17
2635 17
2635 16
2635 16
2635 16
2635 16
2635 17
2635 16
2635 16
2635 16
2635 16
2635 16
2635 16
2635 16
2635 16
2635 16
2635 16
2635 16
2635 16
2635 16
2635 16
2635 16
2635 16
2635 16
2635 16
2635 16
2635 16
2635 16
2635 16
2635 16
2635 16
2635 16
2635 16
2635 16
2635 17
2635 16
2635 16
2635 17
2635 16
2635 16
2635 17
2635 17
2635 16
2635 16
2635 16
2635 17
2635 16
2635 16
2635 16
2635 16
2640 13
2640 14
2640 13
2640 13
2640 13
2640 13
2640 13
2640 13
2640 13
2640 14
2640 13
2640 13
2640 13
2640 14
2640 14
2640 13
2640 13
2640 14
2640 14
2640 13
2640 13
2640 14
2640 13
2640 13
2640 13
2640 13
2640 14
2640 13
2640 14
2640 14
2640 14
2640 13
2640 13
2640 13
2640 14
2640 13
2640 14
2640 13
2640 13
2640 14
2640 13
2640 13
2640 14
2640 14
2640 15
2640 13
2640 13
2640 14
2640 14
2640 14
2640 13
2640 14
2640 14
2640 14
2640 13
2640 13
2640 13
2640 13
2640 13
2640 13
2640 12
2640 13
2640 13
2640 13
2640 14
2640 14
2640 14
2640 14
2640 14
2640 13
2640 13
2640 13
2640 13
2640 14
2640 13
2640 13
2640 14
2640 13
2640 14
2640 13
2640 13
2640 13
2640 11
2640 13
2640 13
2640 14
2640 13
2640 13
2640 13
2640 13
2640 13
2640 13
2640 13
2640 14
2640 14
2640 14
2640 14
2640 13
2640 13
2640 13
2645 11
2645 10
2645 11
2645 11
2645 11
2645 10
2645 11
2645 10
2645 11
2645 10
2645 10
2645 11
2645 10
2645 10
2645 11
2645 11
2645 11
2645 10
2645 10
2645 10
2645 12
2645 11
2645 11
2645 10
2645 11
2645 11
2645 11
2645 10
2645 11
2645 11
2645 10
2645 11
2645 10
2645 10
2645 10
2645 11
2645 11
2645 10
2645 11
2645 10
2645 11
2645 11
2645 11
2645 10
2645 11
2645 10
2645 11
2645 10
2645 11
2645 11
2645 10
2645 10
2645 11
2645 10
2645 11
2645 11
2645 10
2645 10
2645 11
2645 10
2645 10
2645 10
2645 11
2645 11
2645 11
2645 10
2645 11
2645 10
2645 11
2645 11
2645 10
2645 11
2645 11
2645 11
2645 10
2645 10
2645 10
2645 11
2645 11
2645 10
2645 11
2645 11
2645 11
2645 11
2645 11
2645 10
2645 11
2645 11
2645 11
2645 11
2645 10
2645 10
2645 11
2645 11
2645 11
2645 10
2645 11
2645 11
2645 10
2645 11
2650 9
2650 9
2650 10
2650 9
2650 9
2650 9
2650 10
2650 10
2650 9
2650 10
2650 9
2650 9
2650 9
2650 10
2650 10
2650 9
2650 10
2650 10
2650 9
2650 9
2650 10
2650 9
2650 9
2650 9
2650 9
2650 10
2650 9
2650 10
2650 9
2650 10
2650 10
2650 10
2650 10
2650 9
2650 9
2650 10
2650 10
2650 9
2650 10
2650 9
2650 10
2650 10
2650 9
2650 10
2650 9
2650 10
2650 10
2650 10
2650 9
2650 9
2650 10
2650 10
2650 10
2650 9
2650 10
2650 9
2650 10
2650 9
2650 9
2650 10
2650 10
2650 9
2650 9
2650 9
2650 9
2650 10
2650 10
2650 9
2650 9
2650 10
2650 10
2650 9
2650 10
2650 9
2650 9
2650 9
2650 10
2650 10
2650 9
2650 10
2650 9
2650 9
2650 9
2650 10
2650 9
2650 9
2650 10
2650 9
2650 10
2650 9
2650 9
2650 10
2650 9
2650 10
2650 9
2650 9
2650 10
2650 10
2650 10
2655 7
2655 7
2655 7
2655 7
2655 7
2655 7
2655 7
2655 7
2655 7
2655 6
2655 7
2655 7
2655 7
2655 7
2655 7
2655 7
2655 7
2655 7
2655 7
2655 7
2655 7
2655 7
2655 7
2655 8
2655 6
2655 7
2655 7
2655 7
2655 7
2655 7
2655 7
2655 7
2655 7
2655 7
2655 6
2655 7
2655 7
2655 7
2655 7
2655 7
2655 7
2655 7
2655 7
2655 7
2655 6
2655 7
2655 7
2655 7
2655 7
2655 7
2655 7
2655 7
2655 7
2655 6
2655 7
2655 7
2655 7
2655 7
2655 7
2655 7
2655 7
2655 6
2655 7
2655 7
2655 6
2655 7
2655 7
2655 7
2655 7
2655 7
2655 7
2655 7
2655 7
2655 7
2655 7
2655 7
2655 6
2655 7
2655 7
2655 7
2655 7
2655 7
2655 7
2655 7
2655 7
2655 7
2655 7
2655 7
2655 7
2655 7
2655 7
2655 7
2655 7
2655 7
2655 6
2655 6
2655 7
2655 7
2655 7
2655 7
2660 3
2660 3
2660 3
2660 3
2660 7
2660 3
2660 3
2660 3
2660 3
2660 3
2660 3
2660 3
2660 3
2660 3
2660 3
2660 3
2660 5
2660 3
2660 5
2660 3
2660 3
2660 3
2660 3
2660 3
2660 3
2660 3
2660 3
2660 5
2660 3
2660 3
2660 3
2660 3
2660 3
2660 3
2660 3
2660 3
2660 3
2660 3
2660 3
2660 3
2660 3
2660 3
2660 3
2660 3
2660 3
2660 3
2660 3
2660 3
2660 3
2660 3
2660 5
2660 3
2660 3
2660 3
2660 3
2660 3
2660 3
2660 3
2660 3
2660 3
2660 3
2660 3
2660 3
2660 3
2660 3
2660 3
2660 3
2660 5
2660 3
2660 3
2660 3
2660 3
2660 3
2660 3
2660 3
2660 3
2660 3
2660 6
2660 3
2660 3
2660 3
2660 3
2660 3
2660 3
2660 5
2660 3
2660 5
2660 3
2660 3
2660 3
2660 3
2660 5
2660 3
2660 3
2660 3
2660 3
2660 3
2660 5
2660 3
