TOA measurement vs Delay ---- Mon Jun 15 01:24:38 2020
Pixel = 14
config file = config/asic_config_B4.yml
NofIterations = 100
LSBest = 24.31922700178369
mean value = [  0.           0.           0.           0.           0.
   0.           0.           0.           0.           0.
   0.           0.           0.           0.           0.
   0.           0.           0.           0.           0.
   0.           0.           0.           0.           0.
   0.           0.           0.           0.           0.
   0.           0.           0.         125.03       123.39
 121.94949495 119.32       116.73       115.05       113.29
 111.1        109.18       107.62       105.86868687 103.16
 100.88888889  99.23        97.21        95.          93.51515152
  91.61        89.96        87.41414141  84.85        83.15151515
  81.43        79.1         77.23469388  75.55        73.89
  71.75        69.25        67.78        65.52        63.3
  61.95        60.28        58.3         56.02        53.66
  51.7979798   50.22222222  48.87878788  46.94        45.23469388
  43.08        41.03        38.93        36.59        34.77
  32.27        30.82        29.09090909  27.02        24.81
  22.71717172  20.75        18.92        16.7         14.58
  12.93877551  10.22222222   7.97         5.25         4.39705882
   0.           0.           0.           0.           0.        ]
sigma = [0.         0.         0.         0.         0.         0.
 0.         0.         0.         0.         0.         0.
 0.         0.         0.         0.         0.         0.
 0.         0.         0.         0.         0.         0.
 0.         0.         0.         0.         0.         0.
 0.         0.         0.         0.65759663 0.6010269  0.50249353
 0.83721761 0.82488383 0.57518113 0.67024871 0.73029674 0.72865172
 0.96898572 0.61580964 0.73330303 0.51274443 0.81267049 0.51887699
 0.42817442 0.67402959 0.72196491 0.37647488 0.78024991 0.7285831
 0.55937621 0.65454819 0.59441848 0.58700822 0.83116384 0.5111099
 0.68617296 0.71472605 0.612318   0.74359487 0.55976185 0.70059499
 0.71058661 0.59441848 0.56827224 0.62268237 0.65296214 0.61431666
 0.52025105 0.46875722 0.55114637 0.81051424 0.68733786 0.6232442
 0.68208015 0.61679278 0.61679278 0.48055523 0.58974244 0.51277025
 0.71918936 0.78064211 0.60896086 0.44377171 0.59441848 0.60575022
 0.40151905 0.58050058 0.57657032 0.65637896 1.29447967 0.
 0.         0.         0.         0.        ]
Pulse delay   TOA 
2200 2
2355 126
2360 126
2360 126
2360 126
2360 125
2360 125
2360 126
2365 126
2365 125
2365 126
2365 126
2365 125
2365 125
2365 125
2365 125
2365 126
2365 125
2365 126
2365 125
2365 124
2365 126
2365 125
2365 125
2365 124
2365 126
2365 126
2365 125
2365 125
2365 124
2365 125
2365 125
2365 126
2365 125
2365 126
2365 126
2365 125
2365 125
2365 125
2365 125
2365 125
2365 125
2365 125
2365 125
2365 125
2365 125
2365 126
2365 124
2365 125
2365 126
2365 125
2365 125
2365 125
2365 125
2365 125
2365 125
2365 125
2365 124
2365 125
2365 125
2365 125
2365 125
2365 125
2365 125
2365 125
2365 125
2365 125
2365 124
2365 125
2365 125
2365 125
2365 124
2365 125
2365 125
2365 123
2365 126
2365 125
2365 124
2365 125
2365 125
2365 125
2365 125
2365 125
2365 125
2365 125
2365 125
2365 125
2365 125
2365 125
2365 126
2365 125
2365 125
2365 125
2365 126
2365 125
2365 125
2365 125
2365 124
2365 125
2365 124
2365 125
2365 125
2365 125
2365 126
2365 125
2365 123
2365 125
2365 125
2370 124
2370 123
2370 123
2370 123
2370 124
2370 123
2370 123
2370 123
2370 123
2370 123
2370 123
2370 124
2370 123
2370 124
2370 122
2370 124
2370 124
2370 123
2370 123
2370 123
2370 123
2370 124
2370 123
2370 123
2370 123
2370 124
2370 123
2370 124
2370 123
2370 123
2370 124
2370 123
2370 124
2370 123
2370 123
2370 123
2370 123
2370 123
2370 124
2370 124
2370 124
2370 124
2370 124
2370 123
2370 123
2370 124
2370 123
2370 124
2370 124
2370 124
2370 123
2370 123
2370 123
2370 124
2370 123
2370 123
2370 124
2370 123
2370 124
2370 124
2370 124
2370 123
2370 123
2370 124
2370 123
2370 123
2370 124
2370 123
2370 124
2370 124
2370 123
2370 123
2370 124
2370 124
2370 123
2370 122
2370 124
2370 124
2370 123
2370 124
2370 123
2370 124
2370 124
2370 123
2370 123
2370 124
2370 123
2370 123
2370 123
2370 124
2370 123
2370 123
2370 123
2370 123
2370 123
2370 123
2370 124
2370 124
2370 124
2370 123
2375 122
2375 122
2375 122
2375 122
2375 122
2375 121
2375 122
2375 122
2375 122
2375 122
2375 122
2375 122
2375 122
2375 122
2375 122
2375 122
2375 122
2375 122
2375 122
2375 122
2375 122
2375 122
2375 122
2375 122
2375 122
2375 122
2375 122
2375 122
2375 122
2375 122
2375 122
2375 122
2375 122
2375 122
2375 122
2375 122
2375 122
2375 122
2375 122
2375 122
2375 122
2375 122
2375 122
2375 122
2375 122
2375 119
2375 122
2375 122
2375 122
2375 122
2375 122
2375 123
2375 120
2375 122
2375 122
2375 122
2375 122
2375 122
2375 122
2375 122
2375 122
2375 122
2375 122
2375 122
2375 122
2375 122
2375 122
2375 122
2375 121
2375 122
2375 122
2375 122
2375 122
2375 123
2375 122
2375 122
2375 122
2375 122
2375 122
2375 122
2375 122
2375 122
2375 122
2375 122
2375 122
2375 122
2375 122
2375 122
2375 122
2375 122
2375 122
2375 122
2375 122
2375 122
2375 122
2375 122
2375 122
2375 122
2375 122
2380 119
2380 119
2380 120
2380 119
2380 120
2380 120
2380 119
2380 121
2380 119
2380 120
2380 120
2380 119
2380 119
2380 120
2380 120
2380 120
2380 119
2380 120
2380 120
2380 119
2380 120
2380 119
2380 119
2380 118
2380 119
2380 120
2380 120
2380 119
2380 118
2380 120
2380 119
2380 120
2380 120
2380 118
2380 120
2380 119
2380 120
2380 119
2380 119
2380 120
2380 120
2380 119
2380 118
2380 120
2380 119
2380 119
2380 118
2380 119
2380 120
2380 118
2380 118
2380 119
2380 118
2380 118
2380 119
2380 120
2380 120
2380 118
2380 119
2380 120
2380 119
2380 119
2380 118
2380 120
2380 119
2380 120
2380 120
2380 119
2380 118
2380 119
2380 120
2380 120
2380 120
2380 119
2380 120
2380 119
2380 120
2380 116
2380 120
2380 120
2380 118
2380 119
2380 120
2380 119
2380 120
2380 120
2380 120
2380 120
2380 120
2380 120
2380 119
2380 120
2380 119
2380 119
2380 120
2380 120
2380 120
2380 119
2380 119
2380 119
2385 117
2385 114
2385 117
2385 116
2385 116
2385 117
2385 116
2385 117
2385 118
2385 117
2385 117
2385 117
2385 117
2385 117
2385 117
2385 117
2385 118
2385 117
2385 117
2385 114
2385 117
2385 117
2385 117
2385 117
2385 117
2385 116
2385 117
2385 117
2385 117
2385 117
2385 117
2385 116
2385 118
2385 117
2385 116
2385 117
2385 117
2385 116
2385 117
2385 117
2385 117
2385 117
2385 117
2385 116
2385 117
2385 113
2385 118
2385 117
2385 116
2385 117
2385 117
2385 116
2385 117
2385 116
2385 117
2385 116
2385 116
2385 116
2385 117
2385 118
2385 117
2385 117
2385 117
2385 117
2385 116
2385 117
2385 117
2385 117
2385 116
2385 117
2385 116
2385 117
2385 117
2385 115
2385 116
2385 117
2385 116
2385 117
2385 117
2385 117
2385 116
2385 117
2385 116
2385 116
2385 117
2385 117
2385 117
2385 117
2385 118
2385 117
2385 117
2385 118
2385 117
2385 117
2385 117
2385 117
2385 117
2385 117
2385 117
2385 117
2390 115
2390 115
2390 115
2390 115
2390 115
2390 115
2390 116
2390 116
2390 115
2390 115
2390 113
2390 115
2390 116
2390 116
2390 115
2390 115
2390 115
2390 115
2390 115
2390 115
2390 115
2390 116
2390 114
2390 116
2390 115
2390 115
2390 115
2390 115
2390 115
2390 116
2390 115
2390 115
2390 115
2390 115
2390 115
2390 115
2390 115
2390 115
2390 115
2390 115
2390 114
2390 115
2390 113
2390 115
2390 115
2390 116
2390 115
2390 115
2390 116
2390 115
2390 115
2390 116
2390 115
2390 116
2390 115
2390 115
2390 115
2390 114
2390 115
2390 115
2390 115
2390 115
2390 115
2390 115
2390 115
2390 115
2390 115
2390 115
2390 115
2390 115
2390 115
2390 115
2390 115
2390 115
2390 115
2390 115
2390 115
2390 115
2390 115
2390 115
2390 115
2390 115
2390 115
2390 115
2390 116
2390 115
2390 115
2390 115
2390 115
2390 116
2390 115
2390 115
2390 114
2390 115
2390 115
2390 115
2390 115
2390 115
2390 115
2390 115
2395 114
2395 114
2395 113
2395 113
2395 113
2395 113
2395 114
2395 111
2395 113
2395 113
2395 114
2395 114
2395 112
2395 113
2395 113
2395 113
2395 113
2395 114
2395 113
2395 114
2395 114
2395 114
2395 113
2395 114
2395 114
2395 114
2395 113
2395 113
2395 113
2395 113
2395 114
2395 112
2395 113
2395 114
2395 114
2395 112
2395 114
2395 113
2395 113
2395 114
2395 113
2395 113
2395 114
2395 113
2395 113
2395 115
2395 113
2395 113
2395 113
2395 113
2395 113
2395 114
2395 113
2395 113
2395 113
2395 113
2395 113
2395 113
2395 114
2395 113
2395 114
2395 113
2395 114
2395 113
2395 114
2395 113
2395 114
2395 113
2395 113
2395 114
2395 113
2395 113
2395 112
2395 114
2395 113
2395 113
2395 114
2395 113
2395 113
2395 114
2395 113
2395 113
2395 113
2395 113
2395 113
2395 113
2395 113
2395 113
2395 113
2395 114
2395 113
2395 114
2395 113
2395 114
2395 114
2395 113
2395 113
2395 114
2395 113
2395 113
2400 111
2400 109
2400 112
2400 111
2400 111
2400 111
2400 111
2400 111
2400 111
2400 111
2400 109
2400 111
2400 111
2400 111
2400 112
2400 112
2400 109
2400 111
2400 111
2400 112
2400 111
2400 111
2400 111
2400 111
2400 111
2400 111
2400 111
2400 111
2400 112
2400 112
2400 111
2400 112
2400 111
2400 111
2400 111
2400 111
2400 111
2400 112
2400 111
2400 111
2400 111
2400 111
2400 111
2400 111
2400 111
2400 111
2400 112
2400 111
2400 112
2400 111
2400 111
2400 111
2400 112
2400 111
2400 111
2400 111
2400 111
2400 111
2400 111
2400 111
2400 111
2400 112
2400 111
2400 111
2400 112
2400 111
2400 111
2400 112
2400 112
2400 111
2400 112
2400 111
2400 111
2400 111
2400 112
2400 111
2400 112
2400 111
2400 111
2400 111
2400 111
2400 111
2400 112
2400 109
2400 109
2400 111
2400 111
2400 112
2400 111
2400 111
2400 111
2400 111
2400 111
2400 112
2400 111
2400 111
2400 111
2400 111
2400 109
2400 112
2405 109
2405 107
2405 109
2405 109
2405 109
2405 106
2405 109
2405 110
2405 109
2405 109
2405 109
2405 109
2405 109
2405 110
2405 109
2405 110
2405 110
2405 110
2405 109
2405 110
2405 109
2405 109
2405 109
2405 109
2405 109
2405 109
2405 107
2405 109
2405 109
2405 109
2405 109
2405 109
2405 109
2405 110
2405 109
2405 110
2405 109
2405 110
2405 110
2405 110
2405 109
2405 110
2405 109
2405 109
2405 109
2405 110
2405 107
2405 110
2405 109
2405 109
2405 109
2405 109
2405 109
2405 109
2405 109
2405 109
2405 109
2405 109
2405 109
2405 109
2405 110
2405 110
2405 110
2405 109
2405 109
2405 109
2405 110
2405 109
2405 110
2405 109
2405 109
2405 110
2405 109
2405 110
2405 110
2405 109
2405 109
2405 109
2405 109
2405 110
2405 109
2405 109
2405 109
2405 109
2405 110
2405 109
2405 109
2405 109
2405 110
2405 109
2405 109
2405 109
2405 109
2405 109
2405 109
2405 109
2405 110
2405 109
2405 109
2405 110
2410 108
2410 107
2410 108
2410 106
2410 107
2410 109
2410 107
2410 108
2410 107
2410 108
2410 106
2410 108
2410 108
2410 107
2410 108
2410 107
2410 109
2410 108
2410 109
2410 109
2410 108
2410 109
2410 109
2410 108
2410 107
2410 107
2410 106
2410 107
2410 108
2410 108
2410 108
2410 108
2410 108
2410 108
2410 107
2410 108
2410 108
2410 107
2410 107
2410 106
2410 108
2410 108
2410 106
2410 109
2410 108
2410 107
2410 107
2410 109
2410 107
2410 106
2410 107
2410 109
2410 108
2410 109
2410 107
2410 107
2410 108
2410 108
2410 108
2410 108
2410 109
2410 108
2410 108
2410 107
2410 106
2410 106
2410 109
2410 108
2410 107
2410 109
2410 108
2410 108
2410 109
2410 107
2410 107
2410 107
2410 106
2410 108
2410 106
2410 108
2410 106
2410 107
2410 108
2410 108
2410 106
2410 107
2410 106
2410 107
2410 108
2410 107
2410 107
2410 109
2410 107
2410 109
2410 108
2410 108
2410 109
2410 107
2410 108
2410 109
2415 106
2415 106
2415 106
2415 106
2415 106
2415 106
2415 106
2415 106
2415 106
2415 106
2415 106
2415 106
2415 106
2415 106
2415 106
2415 105
2415 106
2415 106
2415 105
2415 105
2415 106
2415 106
2415 106
2415 106
2415 106
2415 106
2415 106
2415 106
2415 106
2415 106
2415 106
2415 106
2415 106
2415 106
2415 106
2415 106
2415 106
2415 106
2415 106
2415 106
2415 106
2415 106
2415 106
2415 106
2415 106
2415 106
2415 106
2415 106
2415 106
2415 106
2415 106
2415 106
2415 106
2415 106
2415 106
2415 106
2415 106
2415 106
2415 106
2415 106
2415 106
2415 106
2415 106
2415 103
2415 106
2415 106
2415 106
2415 106
2415 106
2415 106
2415 106
2415 106
2415 106
2415 106
2415 106
2415 106
2415 106
2415 106
2415 105
2415 106
2415 106
2415 106
2415 106
2415 106
2415 103
2415 106
2415 106
2415 106
2415 103
2415 106
2415 106
2415 106
2415 106
2415 106
2415 106
2415 106
2415 106
2415 106
2415 106
2420 104
2420 103
2420 103
2420 103
2420 103
2420 104
2420 103
2420 103
2420 100
2420 103
2420 103
2420 103
2420 103
2420 104
2420 103
2420 103
2420 104
2420 103
2420 103
2420 103
2420 103
2420 104
2420 103
2420 103
2420 103
2420 103
2420 103
2420 103
2420 103
2420 103
2420 104
2420 104
2420 103
2420 103
2420 104
2420 103
2420 103
2420 103
2420 104
2420 103
2420 103
2420 103
2420 104
2420 103
2420 103
2420 104
2420 104
2420 104
2420 104
2420 103
2420 103
2420 103
2420 103
2420 104
2420 103
2420 103
2420 104
2420 103
2420 103
2420 102
2420 104
2420 104
2420 103
2420 103
2420 104
2420 103
2420 103
2420 104
2420 103
2420 103
2420 103
2420 103
2420 103
2420 103
2420 103
2420 104
2420 104
2420 103
2420 103
2420 103
2420 103
2420 103
2420 103
2420 103
2420 103
2420 103
2420 103
2420 103
2420 104
2420 101
2420 103
2420 100
2420 103
2420 103
2420 103
2420 103
2420 103
2420 104
2420 104
2420 103
2425 101
2425 101
2425 101
2425 101
2425 101
2425 101
2425 100
2425 101
2425 101
2425 101
2425 101
2425 101
2425 101
2425 101
2425 101
2425 101
2425 101
2425 101
2425 101
2425 101
2425 102
2425 101
2425 101
2425 101
2425 101
2425 101
2425 100
2425 101
2425 101
2425 101
2425 101
2425 101
2425 101
2425 101
2425 101
2425 101
2425 101
2425 101
2425 102
2425 101
2425 100
2425 101
2425 101
2425 101
2425 101
2425 101
2425 101
2425 101
2425 101
2425 101
2425 99
2425 101
2425 101
2425 100
2425 100
2425 101
2425 101
2425 100
2425 101
2425 101
2425 101
2425 101
2425 101
2425 101
2425 101
2425 101
2425 101
2425 101
2425 101
2425 101
2425 101
2425 101
2425 101
2425 101
2425 101
2425 100
2425 101
2425 101
2425 101
2425 101
2425 101
2425 100
2425 100
2425 101
2425 101
2425 101
2425 101
2425 101
2425 101
2425 101
2425 100
2425 101
2425 100
2425 101
2425 101
2425 101
2425 102
2425 101
2425 100
2430 99
2430 99
2430 99
2430 98
2430 100
2430 99
2430 99
2430 100
2430 99
2430 99
2430 100
2430 98
2430 97
2430 99
2430 99
2430 99
2430 98
2430 99
2430 100
2430 99
2430 100
2430 100
2430 100
2430 99
2430 100
2430 100
2430 100
2430 100
2430 99
2430 100
2430 99
2430 99
2430 99
2430 99
2430 100
2430 99
2430 99
2430 99
2430 99
2430 99
2430 99
2430 100
2430 99
2430 100
2430 100
2430 99
2430 97
2430 100
2430 100
2430 100
2430 100
2430 99
2430 99
2430 97
2430 99
2430 99
2430 99
2430 99
2430 97
2430 99
2430 100
2430 100
2430 99
2430 99
2430 100
2430 100
2430 100
2430 100
2430 99
2430 100
2430 99
2430 99
2430 100
2430 100
2430 100
2430 99
2430 97
2430 99
2430 98
2430 100
2430 100
2430 100
2430 99
2430 99
2430 100
2430 100
2430 98
2430 99
2430 99
2430 99
2430 100
2430 99
2430 99
2430 99
2430 99
2430 99
2430 99
2430 100
2430 99
2430 100
2435 97
2435 97
2435 97
2435 97
2435 98
2435 98
2435 97
2435 98
2435 98
2435 97
2435 97
2435 97
2435 97
2435 97
2435 97
2435 97
2435 97
2435 97
2435 98
2435 97
2435 97
2435 97
2435 97
2435 97
2435 97
2435 98
2435 97
2435 97
2435 98
2435 97
2435 98
2435 97
2435 97
2435 97
2435 97
2435 97
2435 97
2435 98
2435 97
2435 97
2435 97
2435 97
2435 97
2435 97
2435 97
2435 98
2435 97
2435 97
2435 97
2435 97
2435 98
2435 97
2435 98
2435 97
2435 98
2435 97
2435 98
2435 97
2435 97
2435 97
2435 97
2435 97
2435 97
2435 97
2435 97
2435 97
2435 97
2435 97
2435 98
2435 97
2435 97
2435 97
2435 97
2435 98
2435 98
2435 98
2435 97
2435 97
2435 97
2435 97
2435 98
2435 98
2435 97
2435 98
2435 97
2435 98
2435 97
2435 97
2435 97
2435 97
2435 97
2435 97
2435 97
2435 96
2435 97
2435 97
2435 97
2435 97
2435 97
2435 97
2440 95
2440 95
2440 95
2440 96
2440 95
2440 95
2440 95
2440 94
2440 95
2440 95
2440 95
2440 95
2440 95
2440 95
2440 95
2440 95
2440 95
2440 95
2440 96
2440 95
2440 95
2440 94
2440 95
2440 95
2440 95
2440 95
2440 95
2440 95
2440 95
2440 95
2440 95
2440 95
2440 95
2440 95
2440 95
2440 95
2440 95
2440 95
2440 95
2440 95
2440 95
2440 95
2440 95
2440 95
2440 95
2440 95
2440 95
2440 95
2440 95
2440 95
2440 95
2440 95
2440 95
2440 95
2440 95
2440 95
2440 95
2440 95
2440 95
2440 95
2440 95
2440 95
2440 95
2440 95
2440 95
2440 95
2440 95
2440 95
2440 95
2440 95
2440 93
2440 95
2440 95
2440 95
2440 95
2440 95
2440 95
2440 95
2440 95
2440 95
2440 96
2440 95
2440 95
2440 95
2440 95
2440 95
2440 95
2440 95
2440 95
2440 95
2440 95
2440 95
2440 95
2440 95
2440 95
2440 95
2440 96
2440 95
2440 95
2440 95
2445 94
2445 93
2445 93
2445 94
2445 94
2445 94
2445 93
2445 94
2445 93
2445 94
2445 94
2445 94
2445 94
2445 94
2445 93
2445 93
2445 93
2445 94
2445 93
2445 94
2445 94
2445 93
2445 94
2445 93
2445 94
2445 94
2445 94
2445 94
2445 94
2445 94
2445 94
2445 93
2445 94
2445 93
2445 93
2445 94
2445 93
2445 94
2445 94
2445 94
2445 94
2445 94
2445 91
2445 94
2445 94
2445 94
2445 94
2445 93
2445 93
2445 94
2445 94
2445 94
2445 94
2445 94
2445 93
2445 93
2445 93
2445 94
2445 93
2445 93
2445 94
2445 93
2445 93
2445 94
2445 94
2445 94
2445 93
2445 94
2445 93
2445 94
2445 93
2445 94
2445 93
2445 93
2445 94
2445 93
2445 93
2445 91
2445 94
2445 93
2445 93
2445 93
2445 93
2445 94
2445 93
2445 93
2445 94
2445 93
2445 94
2445 94
2445 93
2445 94
2445 94
2445 94
2445 93
2445 94
2445 93
2445 93
2445 93
2450 92
2450 91
2450 91
2450 92
2450 91
2450 92
2450 92
2450 93
2450 91
2450 91
2450 92
2450 91
2450 91
2450 91
2450 91
2450 92
2450 92
2450 92
2450 91
2450 91
2450 92
2450 92
2450 92
2450 91
2450 92
2450 92
2450 91
2450 92
2450 92
2450 93
2450 91
2450 91
2450 92
2450 92
2450 92
2450 92
2450 91
2450 91
2450 91
2450 91
2450 92
2450 91
2450 92
2450 91
2450 91
2450 92
2450 91
2450 91
2450 92
2450 92
2450 92
2450 92
2450 92
2450 92
2450 92
2450 92
2450 91
2450 91
2450 90
2450 93
2450 92
2450 90
2450 91
2450 91
2450 92
2450 93
2450 92
2450 92
2450 93
2450 91
2450 92
2450 92
2450 92
2450 91
2450 92
2450 91
2450 92
2450 92
2450 92
2450 92
2450 92
2450 90
2450 92
2450 92
2450 91
2450 91
2450 92
2450 91
2450 92
2450 92
2450 91
2450 91
2450 91
2450 93
2450 93
2450 91
2450 92
2450 91
2450 91
2450 92
2455 90
2455 90
2455 90
2455 90
2455 90
2455 90
2455 90
2455 90
2455 90
2455 90
2455 90
2455 90
2455 90
2455 90
2455 90
2455 90
2455 90
2455 90
2455 90
2455 90
2455 90
2455 90
2455 90
2455 90
2455 90
2455 90
2455 90
2455 90
2455 90
2455 90
2455 90
2455 90
2455 90
2455 90
2455 90
2455 90
2455 90
2455 90
2455 90
2455 90
2455 89
2455 90
2455 90
2455 90
2455 90
2455 90
2455 90
2455 90
2455 90
2455 90
2455 90
2455 90
2455 90
2455 90
2455 90
2455 90
2455 90
2455 90
2455 90
2455 90
2455 90
2455 90
2455 90
2455 88
2455 90
2455 90
2455 90
2455 90
2455 90
2455 90
2455 90
2455 90
2455 90
2455 90
2455 90
2455 90
2455 90
2455 90
2455 89
2455 90
2455 90
2455 90
2455 90
2455 90
2455 90
2455 90
2455 90
2455 90
2455 90
2455 90
2455 90
2455 90
2455 90
2455 90
2455 90
2455 90
2455 90
2455 90
2455 90
2455 90
2460 88
2460 86
2460 88
2460 87
2460 87
2460 88
2460 88
2460 87
2460 87
2460 88
2460 88
2460 87
2460 88
2460 87
2460 87
2460 87
2460 88
2460 87
2460 87
2460 87
2460 87
2460 88
2460 87
2460 88
2460 87
2460 88
2460 88
2460 88
2460 87
2460 87
2460 88
2460 88
2460 85
2460 87
2460 87
2460 88
2460 85
2460 87
2460 86
2460 87
2460 88
2460 88
2460 88
2460 88
2460 87
2460 88
2460 88
2460 88
2460 88
2460 88
2460 88
2460 86
2460 88
2460 88
2460 87
2460 88
2460 88
2460 88
2460 88
2460 88
2460 88
2460 88
2460 88
2460 87
2460 88
2460 87
2460 88
2460 85
2460 87
2460 87
2460 87
2460 87
2460 87
2460 88
2460 88
2460 88
2460 86
2460 87
2460 88
2460 87
2460 87
2460 88
2460 88
2460 87
2460 87
2460 87
2460 88
2460 88
2460 88
2460 87
2460 88
2460 87
2460 87
2460 87
2460 86
2460 88
2460 88
2460 88
2460 88
2465 85
2465 85
2465 85
2465 85
2465 85
2465 85
2465 85
2465 85
2465 85
2465 86
2465 86
2465 85
2465 85
2465 85
2465 85
2465 85
2465 83
2465 84
2465 85
2465 86
2465 86
2465 84
2465 85
2465 85
2465 85
2465 86
2465 85
2465 85
2465 85
2465 85
2465 85
2465 83
2465 85
2465 85
2465 85
2465 85
2465 86
2465 85
2465 85
2465 85
2465 85
2465 85
2465 84
2465 85
2465 85
2465 84
2465 84
2465 85
2465 85
2465 84
2465 85
2465 85
2465 85
2465 85
2465 84
2465 85
2465 85
2465 85
2465 85
2465 85
2465 85
2465 84
2465 83
2465 85
2465 85
2465 84
2465 86
2465 85
2465 85
2465 85
2465 84
2465 85
2465 85
2465 85
2465 84
2465 84
2465 85
2465 85
2465 85
2465 85
2465 85
2465 83
2465 85
2465 86
2465 85
2465 86
2465 85
2465 85
2465 85
2465 85
2465 86
2465 85
2465 83
2465 85
2465 84
2465 85
2465 85
2465 85
2465 85
2465 83
2470 83
2470 83
2470 83
2470 83
2470 83
2470 83
2470 83
2470 83
2470 84
2470 83
2470 84
2470 83
2470 81
2470 84
2470 84
2470 83
2470 83
2470 83
2470 84
2470 84
2470 83
2470 83
2470 84
2470 83
2470 83
2470 83
2470 83
2470 83
2470 83
2470 83
2470 83
2470 84
2470 83
2470 83
2470 83
2470 83
2470 83
2470 83
2470 83
2470 84
2470 83
2470 83
2470 83
2470 83
2470 84
2470 83
2470 83
2470 83
2470 83
2470 83
2470 84
2470 83
2470 83
2470 83
2470 82
2470 83
2470 84
2470 84
2470 83
2470 83
2470 83
2470 83
2470 83
2470 83
2470 83
2470 83
2470 83
2470 83
2470 83
2470 83
2470 83
2470 84
2470 83
2470 83
2470 83
2470 83
2470 84
2470 84
2470 83
2470 83
2470 83
2470 83
2470 83
2470 83
2470 83
2470 83
2470 83
2470 83
2470 84
2470 84
2470 84
2470 83
2470 83
2470 83
2470 83
2470 82
2470 83
2470 83
2470 83
2475 82
2475 82
2475 81
2475 81
2475 82
2475 81
2475 81
2475 81
2475 81
2475 82
2475 82
2475 81
2475 82
2475 82
2475 81
2475 81
2475 81
2475 81
2475 81
2475 82
2475 81
2475 81
2475 82
2475 81
2475 81
2475 82
2475 82
2475 82
2475 81
2475 82
2475 81
2475 81
2475 81
2475 82
2475 81
2475 81
2475 80
2475 81
2475 82
2475 81
2475 81
2475 82
2475 81
2475 81
2475 81
2475 82
2475 82
2475 82
2475 82
2475 81
2475 82
2475 81
2475 81
2475 82
2475 81
2475 82
2475 81
2475 81
2475 80
2475 81
2475 82
2475 82
2475 82
2475 83
2475 81
2475 81
2475 81
2475 81
2475 83
2475 82
2475 82
2475 82
2475 81
2475 82
2475 82
2475 81
2475 82
2475 82
2475 82
2475 81
2475 81
2475 83
2475 81
2475 82
2475 81
2475 81
2475 81
2475 81
2475 81
2475 81
2475 81
2475 82
2475 81
2475 81
2475 82
2475 81
2475 81
2475 81
2475 82
2475 82
2480 79
2480 80
2480 80
2480 79
2480 80
2480 79
2480 79
2480 80
2480 79
2480 79
2480 79
2480 80
2480 79
2480 79
2480 79
2480 79
2480 79
2480 79
2480 80
2480 79
2480 79
2480 79
2480 79
2480 79
2480 79
2480 78
2480 79
2480 79
2480 79
2480 79
2480 79
2480 79
2480 79
2480 79
2480 79
2480 79
2480 80
2480 79
2480 79
2480 79
2480 79
2480 79
2480 80
2480 79
2480 80
2480 79
2480 79
2480 79
2480 79
2480 79
2480 79
2480 79
2480 79
2480 79
2480 79
2480 80
2480 80
2480 79
2480 79
2480 78
2480 79
2480 80
2480 79
2480 77
2480 79
2480 79
2480 79
2480 79
2480 80
2480 79
2480 77
2480 79
2480 79
2480 79
2480 80
2480 79
2480 78
2480 79
2480 79
2480 79
2480 79
2480 80
2480 79
2480 79
2480 79
2480 80
2480 79
2480 79
2480 79
2480 79
2480 79
2480 80
2480 79
2480 79
2480 79
2480 79
2480 79
2480 79
2480 79
2480 79
2485 77
2485 78
2485 75
2485 77
2485 77
2485 78
2485 77
2485 77
2485 77
2485 78
2485 77
2485 77
2485 77
2485 77
2485 77
2485 77
2485 77
2485 77
2485 77
2485 77
2485 77
2485 77
2485 77
2485 77
2485 77
2485 77
2485 78
2485 78
2485 77
2485 77
2485 77
2485 77
2485 77
2485 77
2485 77
2485 78
2485 78
2485 77
2485 78
2485 77
2485 78
2485 77
2485 78
2485 77
2485 78
2485 78
2485 77
2485 77
2485 77
2485 77
2485 77
2485 78
2485 77
2485 77
2485 77
2485 77
2485 77
2485 77
2485 77
2485 78
2485 78
2485 77
2485 78
2485 77
2485 77
2485 77
2485 78
2485 77
2485 78
2485 77
2485 78
2485 77
2485 77
2485 78
2485 77
2485 77
2485 77
2485 77
2485 77
2485 78
2485 77
2485 77
2485 77
2485 78
2485 76
2485 78
2485 77
2485 77
2485 77
2485 77
2485 77
2485 78
2485 77
2485 78
2485 78
2485 77
2485 77
2485 77
2490 75
2490 77
2490 77
2490 75
2490 77
2490 75
2490 76
2490 75
2490 75
2490 76
2490 75
2490 75
2490 76
2490 76
2490 77
2490 74
2490 76
2490 76
2490 74
2490 75
2490 76
2490 76
2490 75
2490 77
2490 76
2490 76
2490 74
2490 76
2490 76
2490 75
2490 75
2490 75
2490 75
2490 75
2490 75
2490 76
2490 75
2490 76
2490 75
2490 75
2490 75
2490 76
2490 74
2490 76
2490 76
2490 76
2490 77
2490 77
2490 75
2490 75
2490 77
2490 75
2490 75
2490 76
2490 75
2490 75
2490 76
2490 75
2490 75
2490 75
2490 76
2490 75
2490 76
2490 76
2490 76
2490 76
2490 76
2490 75
2490 76
2490 75
2490 76
2490 77
2490 75
2490 74
2490 74
2490 75
2490 76
2490 75
2490 77
2490 75
2490 77
2490 76
2490 75
2490 75
2490 75
2490 75
2490 75
2490 76
2490 76
2490 75
2490 75
2490 75
2490 75
2490 75
2490 77
2490 76
2490 76
2490 76
2490 76
2490 76
2495 74
2495 74
2495 74
2495 74
2495 74
2495 74
2495 74
2495 74
2495 74
2495 74
2495 74
2495 74
2495 74
2495 74
2495 74
2495 74
2495 74
2495 74
2495 74
2495 74
2495 72
2495 74
2495 74
2495 74
2495 74
2495 74
2495 74
2495 74
2495 73
2495 74
2495 74
2495 74
2495 74
2495 72
2495 74
2495 74
2495 74
2495 74
2495 74
2495 73
2495 74
2495 74
2495 73
2495 74
2495 74
2495 74
2495 74
2495 74
2495 74
2495 74
2495 72
2495 74
2495 74
2495 74
2495 74
2495 74
2495 74
2495 74
2495 74
2495 74
2495 75
2495 74
2495 74
2495 74
2495 74
2495 74
2495 74
2495 74
2495 74
2495 74
2495 74
2495 74
2495 74
2495 74
2495 74
2495 74
2495 74
2495 74
2495 73
2495 74
2495 73
2495 74
2495 74
2495 74
2495 74
2495 74
2495 74
2495 74
2495 74
2495 74
2495 74
2495 74
2495 74
2495 74
2495 74
2495 74
2495 74
2495 73
2495 74
2495 74
2500 72
2500 71
2500 72
2500 72
2500 72
2500 72
2500 73
2500 72
2500 72
2500 71
2500 72
2500 72
2500 72
2500 72
2500 72
2500 71
2500 71
2500 71
2500 73
2500 72
2500 72
2500 72
2500 72
2500 72
2500 72
2500 72
2500 72
2500 71
2500 71
2500 72
2500 72
2500 72
2500 73
2500 71
2500 72
2500 72
2500 71
2500 72
2500 72
2500 72
2500 72
2500 72
2500 71
2500 71
2500 73
2500 72
2500 71
2500 72
2500 70
2500 72
2500 72
2500 72
2500 71
2500 72
2500 71
2500 72
2500 72
2500 72
2500 72
2500 72
2500 71
2500 72
2500 72
2500 72
2500 72
2500 72
2500 71
2500 73
2500 72
2500 72
2500 71
2500 72
2500 71
2500 72
2500 72
2500 71
2500 72
2500 72
2500 71
2500 71
2500 72
2500 72
2500 71
2500 72
2500 72
2500 72
2500 69
2500 71
2500 71
2500 72
2500 71
2500 73
2500 72
2500 72
2500 72
2500 71
2500 72
2500 72
2500 72
2500 72
2505 70
2505 69
2505 69
2505 69
2505 69
2505 69
2505 69
2505 70
2505 69
2505 69
2505 69
2505 69
2505 69
2505 69
2505 69
2505 69
2505 69
2505 69
2505 69
2505 69
2505 69
2505 69
2505 69
2505 69
2505 69
2505 67
2505 71
2505 69
2505 69
2505 69
2505 71
2505 69
2505 69
2505 69
2505 70
2505 69
2505 69
2505 69
2505 69
2505 69
2505 69
2505 70
2505 70
2505 69
2505 69
2505 69
2505 70
2505 69
2505 70
2505 69
2505 69
2505 69
2505 69
2505 69
2505 69
2505 69
2505 69
2505 69
2505 69
2505 69
2505 69
2505 69
2505 69
2505 69
2505 69
2505 71
2505 70
2505 70
2505 70
2505 69
2505 68
2505 71
2505 69
2505 69
2505 69
2505 69
2505 69
2505 68
2505 71
2505 69
2505 69
2505 69
2505 69
2505 70
2505 69
2505 69
2505 69
2505 70
2505 71
2505 69
2505 70
2505 69
2505 70
2505 69
2505 71
2505 69
2505 69
2505 69
2505 70
2505 69
2510 68
2510 68
2510 67
2510 67
2510 67
2510 68
2510 68
2510 68
2510 68
2510 68
2510 68
2510 68
2510 68
2510 68
2510 68
2510 68
2510 68
2510 68
2510 66
2510 68
2510 68
2510 68
2510 67
2510 68
2510 67
2510 68
2510 68
2510 67
2510 69
2510 68
2510 68
2510 66
2510 68
2510 68
2510 68
2510 68
2510 67
2510 68
2510 68
2510 68
2510 68
2510 68
2510 68
2510 67
2510 68
2510 68
2510 68
2510 67
2510 68
2510 68
2510 67
2510 68
2510 67
2510 68
2510 68
2510 68
2510 68
2510 68
2510 68
2510 68
2510 68
2510 68
2510 68
2510 66
2510 68
2510 67
2510 68
2510 67
2510 68
2510 68
2510 67
2510 68
2510 68
2510 67
2510 68
2510 68
2510 68
2510 68
2510 68
2510 68
2510 68
2510 68
2510 68
2510 68
2510 68
2510 68
2510 67
2510 68
2510 68
2510 66
2510 68
2510 68
2510 69
2510 68
2510 68
2510 68
2510 68
2510 68
2510 68
2510 68
2515 65
2515 66
2515 65
2515 66
2515 65
2515 66
2515 64
2515 66
2515 66
2515 65
2515 65
2515 66
2515 66
2515 66
2515 65
2515 65
2515 66
2515 65
2515 66
2515 65
2515 65
2515 66
2515 65
2515 65
2515 65
2515 65
2515 65
2515 65
2515 66
2515 64
2515 66
2515 67
2515 65
2515 65
2515 67
2515 65
2515 66
2515 65
2515 65
2515 66
2515 65
2515 65
2515 66
2515 66
2515 66
2515 65
2515 65
2515 66
2515 66
2515 66
2515 66
2515 65
2515 66
2515 66
2515 66
2515 65
2515 65
2515 65
2515 65
2515 65
2515 66
2515 66
2515 65
2515 65
2515 66
2515 66
2515 66
2515 65
2515 65
2515 66
2515 67
2515 65
2515 66
2515 65
2515 66
2515 66
2515 65
2515 63
2515 66
2515 65
2515 66
2515 65
2515 67
2515 65
2515 66
2515 65
2515 65
2515 67
2515 66
2515 67
2515 65
2515 66
2515 66
2515 65
2515 66
2515 66
2515 66
2515 65
2515 66
2515 65
2520 63
2520 63
2520 63
2520 63
2520 64
2520 63
2520 63
2520 63
2520 64
2520 63
2520 63
2520 63
2520 63
2520 64
2520 64
2520 63
2520 64
2520 63
2520 63
2520 63
2520 64
2520 63
2520 64
2520 64
2520 64
2520 63
2520 63
2520 63
2520 63
2520 63
2520 64
2520 63
2520 64
2520 63
2520 63
2520 64
2520 63
2520 63
2520 64
2520 63
2520 63
2520 63
2520 64
2520 63
2520 64
2520 64
2520 63
2520 63
2520 63
2520 64
2520 63
2520 63
2520 63
2520 63
2520 63
2520 63
2520 63
2520 64
2520 63
2520 63
2520 64
2520 64
2520 63
2520 63
2520 63
2520 63
2520 64
2520 63
2520 63
2520 63
2520 63
2520 64
2520 64
2520 63
2520 64
2520 64
2520 63
2520 64
2520 63
2520 64
2520 63
2520 63
2520 63
2520 64
2520 63
2520 63
2520 63
2520 63
2520 64
2520 63
2520 62
2520 63
2520 63
2520 63
2520 63
2520 64
2520 63
2520 64
2520 63
2520 63
2525 63
2525 62
2525 63
2525 62
2525 60
2525 62
2525 62
2525 62
2525 62
2525 62
2525 62
2525 61
2525 62
2525 63
2525 63
2525 62
2525 63
2525 62
2525 63
2525 63
2525 62
2525 62
2525 62
2525 62
2525 61
2525 62
2525 61
2525 63
2525 62
2525 62
2525 62
2525 60
2525 62
2525 63
2525 62
2525 63
2525 62
2525 61
2525 62
2525 61
2525 62
2525 62
2525 62
2525 62
2525 62
2525 62
2525 60
2525 62
2525 62
2525 62
2525 62
2525 62
2525 62
2525 62
2525 61
2525 63
2525 62
2525 62
2525 62
2525 63
2525 62
2525 63
2525 62
2525 61
2525 62
2525 62
2525 61
2525 61
2525 61
2525 63
2525 62
2525 62
2525 62
2525 62
2525 62
2525 61
2525 62
2525 62
2525 62
2525 62
2525 62
2525 62
2525 62
2525 62
2525 61
2525 62
2525 62
2525 62
2525 61
2525 62
2525 62
2525 62
2525 62
2525 62
2525 63
2525 62
2525 62
2525 62
2525 62
2525 61
2530 60
2530 60
2530 61
2530 61
2530 61
2530 61
2530 61
2530 61
2530 61
2530 61
2530 58
2530 60
2530 59
2530 61
2530 60
2530 60
2530 60
2530 60
2530 60
2530 60
2530 60
2530 60
2530 58
2530 60
2530 61
2530 60
2530 60
2530 59
2530 60
2530 61
2530 61
2530 61
2530 60
2530 60
2530 61
2530 60
2530 60
2530 60
2530 60
2530 60
2530 60
2530 61
2530 60
2530 60
2530 61
2530 60
2530 60
2530 61
2530 61
2530 60
2530 61
2530 61
2530 60
2530 61
2530 60
2530 60
2530 61
2530 60
2530 60
2530 60
2530 60
2530 60
2530 60
2530 61
2530 61
2530 61
2530 60
2530 60
2530 60
2530 60
2530 60
2530 59
2530 59
2530 60
2530 61
2530 60
2530 61
2530 60
2530 61
2530 61
2530 61
2530 60
2530 60
2530 60
2530 60
2530 59
2530 61
2530 61
2530 61
2530 60
2530 60
2530 60
2530 61
2530 61
2530 60
2530 61
2530 60
2530 60
2530 60
2530 61
2535 58
2535 58
2535 58
2535 59
2535 59
2535 58
2535 58
2535 58
2535 58
2535 59
2535 58
2535 58
2535 58
2535 59
2535 58
2535 58
2535 58
2535 58
2535 58
2535 59
2535 58
2535 56
2535 58
2535 58
2535 59
2535 59
2535 59
2535 58
2535 58
2535 58
2535 59
2535 58
2535 59
2535 58
2535 59
2535 58
2535 58
2535 58
2535 59
2535 59
2535 58
2535 58
2535 59
2535 58
2535 58
2535 58
2535 58
2535 59
2535 58
2535 58
2535 58
2535 59
2535 58
2535 58
2535 58
2535 59
2535 58
2535 58
2535 58
2535 58
2535 59
2535 59
2535 58
2535 58
2535 58
2535 58
2535 59
2535 58
2535 58
2535 59
2535 58
2535 59
2535 59
2535 58
2535 58
2535 59
2535 58
2535 59
2535 59
2535 58
2535 58
2535 58
2535 59
2535 58
2535 58
2535 59
2535 58
2535 58
2535 58
2535 59
2535 58
2535 58
2535 58
2535 59
2535 58
2535 59
2535 59
2535 58
2535 58
2535 58
2540 55
2540 56
2540 56
2540 56
2540 57
2540 56
2540 56
2540 56
2540 55
2540 56
2540 56
2540 57
2540 57
2540 56
2540 56
2540 56
2540 57
2540 56
2540 56
2540 56
2540 56
2540 56
2540 56
2540 56
2540 56
2540 56
2540 56
2540 56
2540 56
2540 56
2540 56
2540 56
2540 54
2540 56
2540 56
2540 56
2540 56
2540 56
2540 56
2540 56
2540 56
2540 56
2540 55
2540 56
2540 56
2540 55
2540 56
2540 56
2540 57
2540 56
2540 56
2540 56
2540 56
2540 56
2540 56
2540 55
2540 56
2540 56
2540 57
2540 56
2540 57
2540 56
2540 56
2540 56
2540 57
2540 55
2540 56
2540 56
2540 56
2540 56
2540 56
2540 56
2540 56
2540 57
2540 56
2540 57
2540 55
2540 56
2540 56
2540 57
2540 56
2540 56
2540 57
2540 56
2540 56
2540 56
2540 56
2540 56
2540 56
2540 56
2540 56
2540 56
2540 55
2540 56
2540 56
2540 56
2540 56
2540 56
2540 56
2540 56
2545 54
2545 54
2545 53
2545 54
2545 54
2545 54
2545 53
2545 54
2545 54
2545 54
2545 54
2545 54
2545 54
2545 54
2545 53
2545 54
2545 54
2545 53
2545 54
2545 54
2545 54
2545 52
2545 53
2545 54
2545 54
2545 53
2545 54
2545 53
2545 54
2545 53
2545 54
2545 54
2545 54
2545 53
2545 54
2545 54
2545 55
2545 53
2545 54
2545 54
2545 53
2545 54
2545 54
2545 54
2545 54
2545 53
2545 54
2545 54
2545 53
2545 54
2545 54
2545 54
2545 54
2545 54
2545 54
2545 54
2545 54
2545 54
2545 54
2545 54
2545 52
2545 54
2545 54
2545 53
2545 54
2545 54
2545 54
2545 54
2545 54
2545 53
2545 54
2545 53
2545 53
2545 54
2545 54
2545 53
2545 54
2545 54
2545 53
2545 53
2545 53
2545 54
2545 53
2545 53
2545 54
2545 53
2545 53
2545 54
2545 54
2545 54
2545 54
2545 54
2545 53
2545 53
2545 52
2545 54
2545 53
2545 53
2545 54
2545 54
2550 52
2550 52
2550 51
2550 51
2550 51
2550 52
2550 52
2550 52
2550 51
2550 52
2550 52
2550 52
2550 51
2550 53
2550 52
2550 52
2550 52
2550 52
2550 52
2550 52
2550 52
2550 51
2550 52
2550 51
2550 53
2550 51
2550 52
2550 53
2550 52
2550 51
2550 52
2550 52
2550 52
2550 52
2550 52
2550 52
2550 51
2550 52
2550 52
2550 51
2550 52
2550 52
2550 51
2550 53
2550 52
2550 52
2550 51
2550 51
2550 51
2550 52
2550 52
2550 53
2550 52
2550 52
2550 52
2550 52
2550 52
2550 52
2550 52
2550 52
2550 52
2550 53
2550 50
2550 52
2550 53
2550 51
2550 51
2550 51
2550 52
2550 52
2550 52
2550 52
2550 52
2550 52
2550 52
2550 52
2550 51
2550 52
2550 51
2550 51
2550 51
2550 52
2550 52
2550 52
2550 52
2550 52
2550 52
2550 52
2550 52
2550 51
2550 51
2550 52
2550 52
2550 52
2550 52
2550 53
2550 52
2550 51
2550 51
2555 51
2555 51
2555 50
2555 51
2555 49
2555 50
2555 51
2555 50
2555 50
2555 50
2555 50
2555 51
2555 51
2555 50
2555 50
2555 51
2555 50
2555 50
2555 51
2555 51
2555 49
2555 51
2555 51
2555 51
2555 50
2555 50
2555 51
2555 50
2555 50
2555 50
2555 51
2555 50
2555 50
2555 50
2555 50
2555 51
2555 50
2555 50
2555 50
2555 51
2555 50
2555 50
2555 50
2555 50
2555 50
2555 50
2555 50
2555 50
2555 51
2555 50
2555 50
2555 50
2555 50
2555 51
2555 51
2555 49
2555 50
2555 49
2555 51
2555 51
2555 50
2555 50
2555 50
2555 50
2555 50
2555 51
2555 50
2555 51
2555 50
2555 50
2555 50
2555 50
2555 50
2555 50
2555 50
2555 50
2555 50
2555 50
2555 49
2555 50
2555 51
2555 50
2555 50
2555 50
2555 50
2555 51
2555 50
2555 50
2555 50
2555 50
2555 51
2555 50
2555 50
2555 51
2555 51
2555 50
2555 50
2555 50
2555 49
2560 49
2560 49
2560 49
2560 49
2560 49
2560 49
2560 49
2560 49
2560 49
2560 49
2560 49
2560 48
2560 48
2560 49
2560 49
2560 49
2560 49
2560 49
2560 49
2560 49
2560 48
2560 49
2560 49
2560 49
2560 49
2560 49
2560 49
2560 49
2560 49
2560 49
2560 48
2560 49
2560 47
2560 49
2560 50
2560 49
2560 48
2560 49
2560 49
2560 49
2560 49
2560 48
2560 49
2560 49
2560 49
2560 49
2560 49
2560 49
2560 49
2560 49
2560 49
2560 50
2560 49
2560 49
2560 49
2560 49
2560 48
2560 49
2560 48
2560 49
2560 49
2560 49
2560 49
2560 49
2560 49
2560 49
2560 49
2560 49
2560 49
2560 49
2560 49
2560 49
2560 49
2560 49
2560 49
2560 49
2560 49
2560 49
2560 49
2560 49
2560 49
2560 49
2560 48
2560 49
2560 49
2560 49
2560 49
2560 49
2560 49
2560 49
2560 48
2560 49
2560 49
2560 49
2560 49
2560 49
2560 47
2560 49
2560 49
2565 47
2565 48
2565 47
2565 47
2565 48
2565 47
2565 47
2565 47
2565 48
2565 47
2565 47
2565 47
2565 47
2565 47
2565 47
2565 47
2565 47
2565 47
2565 46
2565 47
2565 47
2565 47
2565 47
2565 47
2565 47
2565 47
2565 47
2565 47
2565 46
2565 47
2565 47
2565 47
2565 47
2565 47
2565 47
2565 47
2565 47
2565 47
2565 47
2565 47
2565 48
2565 47
2565 47
2565 47
2565 47
2565 46
2565 47
2565 47
2565 47
2565 47
2565 47
2565 47
2565 47
2565 47
2565 47
2565 46
2565 47
2565 46
2565 47
2565 47
2565 47
2565 47
2565 47
2565 47
2565 47
2565 47
2565 46
2565 46
2565 46
2565 47
2565 47
2565 47
2565 47
2565 46
2565 47
2565 47
2565 47
2565 47
2565 47
2565 47
2565 47
2565 47
2565 47
2565 47
2565 47
2565 47
2565 47
2565 47
2565 47
2565 47
2565 47
2565 47
2565 47
2565 47
2565 47
2565 47
2565 47
2565 47
2565 47
2565 46
2570 45
2570 45
2570 45
2570 45
2570 45
2570 45
2570 44
2570 46
2570 45
2570 45
2570 45
2570 45
2570 45
2570 45
2570 45
2570 45
2570 45
2570 46
2570 45
2570 46
2570 45
2570 45
2570 45
2570 45
2570 45
2570 46
2570 45
2570 45
2570 45
2570 46
2570 46
2570 45
2570 46
2570 45
2570 46
2570 45
2570 45
2570 45
2570 45
2570 45
2570 45
2570 45
2570 46
2570 46
2570 45
2570 45
2570 45
2570 45
2570 45
2570 46
2570 45
2570 45
2570 45
2570 45
2570 45
2570 44
2570 45
2570 45
2570 45
2570 45
2570 46
2570 45
2570 45
2570 46
2570 45
2570 46
2570 45
2570 45
2570 46
2570 45
2570 45
2570 46
2570 45
2570 46
2570 46
2570 45
2570 45
2570 45
2570 45
2570 46
2570 46
2570 46
2570 46
2570 45
2570 45
2570 45
2570 45
2570 45
2570 46
2570 45
2570 45
2570 46
2570 45
2570 46
2570 45
2570 45
2570 45
2570 45
2575 43
2575 44
2575 43
2575 44
2575 44
2575 44
2575 44
2575 44
2575 42
2575 43
2575 44
2575 43
2575 43
2575 42
2575 43
2575 43
2575 43
2575 43
2575 43
2575 44
2575 43
2575 42
2575 44
2575 43
2575 43
2575 42
2575 43
2575 43
2575 43
2575 44
2575 43
2575 43
2575 44
2575 43
2575 43
2575 43
2575 42
2575 43
2575 43
2575 43
2575 42
2575 43
2575 43
2575 42
2575 43
2575 43
2575 43
2575 42
2575 44
2575 45
2575 42
2575 43
2575 44
2575 44
2575 43
2575 43
2575 42
2575 43
2575 43
2575 42
2575 43
2575 44
2575 43
2575 44
2575 44
2575 44
2575 44
2575 43
2575 42
2575 44
2575 44
2575 44
2575 44
2575 45
2575 43
2575 42
2575 43
2575 42
2575 42
2575 43
2575 43
2575 43
2575 42
2575 44
2575 44
2575 43
2575 43
2575 44
2575 42
2575 42
2575 42
2575 42
2575 43
2575 42
2575 43
2575 42
2575 42
2575 43
2575 44
2575 43
2580 41
2580 41
2580 41
2580 40
2580 41
2580 41
2580 40
2580 41
2580 41
2580 40
2580 40
2580 42
2580 41
2580 40
2580 42
2580 42
2580 41
2580 41
2580 41
2580 42
2580 42
2580 41
2580 41
2580 40
2580 41
2580 41
2580 41
2580 40
2580 41
2580 41
2580 41
2580 41
2580 42
2580 42
2580 41
2580 41
2580 42
2580 41
2580 40
2580 41
2580 41
2580 41
2580 41
2580 41
2580 41
2580 40
2580 42
2580 42
2580 41
2580 41
2580 40
2580 41
2580 41
2580 40
2580 40
2580 40
2580 42
2580 41
2580 41
2580 41
2580 41
2580 40
2580 41
2580 41
2580 40
2580 42
2580 41
2580 41
2580 41
2580 41
2580 41
2580 41
2580 42
2580 41
2580 41
2580 41
2580 41
2580 41
2580 42
2580 42
2580 42
2580 40
2580 41
2580 41
2580 41
2580 41
2580 42
2580 42
2580 41
2580 41
2580 40
2580 42
2580 41
2580 41
2580 41
2580 42
2580 42
2580 40
2580 41
2580 41
2585 39
2585 39
2585 40
2585 39
2585 39
2585 38
2585 39
2585 39
2585 39
2585 39
2585 39
2585 39
2585 39
2585 39
2585 39
2585 39
2585 39
2585 39
2585 39
2585 39
2585 39
2585 38
2585 39
2585 39
2585 39
2585 39
2585 39
2585 39
2585 39
2585 37
2585 39
2585 39
2585 39
2585 37
2585 40
2585 39
2585 39
2585 39
2585 39
2585 39
2585 39
2585 39
2585 39
2585 39
2585 39
2585 39
2585 40
2585 39
2585 39
2585 39
2585 39
2585 39
2585 39
2585 39
2585 39
2585 39
2585 40
2585 39
2585 38
2585 38
2585 39
2585 39
2585 39
2585 38
2585 39
2585 39
2585 39
2585 39
2585 39
2585 39
2585 39
2585 39
2585 39
2585 39
2585 39
2585 39
2585 39
2585 39
2585 40
2585 39
2585 39
2585 39
2585 39
2585 39
2585 40
2585 40
2585 40
2585 39
2585 38
2585 37
2585 39
2585 39
2585 38
2585 39
2585 39
2585 39
2585 39
2585 37
2585 39
2585 39
2590 37
2590 36
2590 36
2590 37
2590 37
2590 37
2590 37
2590 39
2590 36
2590 36
2590 36
2590 36
2590 37
2590 37
2590 36
2590 36
2590 37
2590 36
2590 36
2590 37
2590 37
2590 37
2590 36
2590 36
2590 36
2590 36
2590 37
2590 37
2590 36
2590 36
2590 36
2590 37
2590 37
2590 37
2590 36
2590 37
2590 36
2590 36
2590 36
2590 38
2590 36
2590 37
2590 37
2590 37
2590 36
2590 37
2590 37
2590 37
2590 36
2590 37
2590 36
2590 37
2590 37
2590 37
2590 36
2590 37
2590 37
2590 37
2590 37
2590 36
2590 36
2590 37
2590 36
2590 37
2590 38
2590 37
2590 36
2590 37
2590 37
2590 38
2590 37
2590 35
2590 37
2590 36
2590 36
2590 36
2590 36
2590 36
2590 37
2590 37
2590 36
2590 36
2590 37
2590 36
2590 36
2590 36
2590 37
2590 36
2590 37
2590 36
2590 37
2590 37
2590 36
2590 37
2590 36
2590 37
2590 37
2590 37
2590 37
2590 37
2595 34
2595 35
2595 35
2595 35
2595 35
2595 35
2595 35
2595 35
2595 35
2595 35
2595 35
2595 35
2595 35
2595 35
2595 35
2595 35
2595 34
2595 36
2595 35
2595 35
2595 35
2595 35
2595 35
2595 34
2595 34
2595 35
2595 36
2595 35
2595 35
2595 34
2595 35
2595 35
2595 35
2595 34
2595 35
2595 34
2595 36
2595 34
2595 35
2595 35
2595 34
2595 34
2595 34
2595 35
2595 35
2595 35
2595 35
2595 35
2595 34
2595 35
2595 33
2595 35
2595 36
2595 35
2595 35
2595 35
2595 35
2595 35
2595 35
2595 35
2595 35
2595 34
2595 35
2595 35
2595 35
2595 35
2595 34
2595 35
2595 34
2595 34
2595 34
2595 35
2595 35
2595 35
2595 35
2595 34
2595 34
2595 34
2595 34
2595 35
2595 36
2595 35
2595 35
2595 35
2595 35
2595 35
2595 34
2595 34
2595 35
2595 35
2595 35
2595 34
2595 35
2595 35
2595 35
2595 35
2595 35
2595 34
2595 34
2595 35
2600 33
2600 33
2600 33
2600 32
2600 32
2600 32
2600 32
2600 31
2600 32
2600 32
2600 32
2600 32
2600 33
2600 33
2600 33
2600 33
2600 33
2600 33
2600 32
2600 32
2600 33
2600 32
2600 32
2600 32
2600 33
2600 32
2600 33
2600 33
2600 32
2600 32
2600 32
2600 32
2600 32
2600 33
2600 33
2600 32
2600 32
2600 33
2600 31
2600 32
2600 31
2600 33
2600 32
2600 31
2600 33
2600 32
2600 33
2600 33
2600 32
2600 32
2600 32
2600 32
2600 32
2600 32
2600 32
2600 32
2600 32
2600 32
2600 32
2600 32
2600 32
2600 32
2600 32
2600 32
2600 33
2600 33
2600 31
2600 32
2600 32
2600 32
2600 32
2600 33
2600 33
2600 33
2600 32
2600 32
2600 32
2600 32
2600 32
2600 32
2600 32
2600 33
2600 33
2600 33
2600 32
2600 32
2600 32
2600 32
2600 32
2600 33
2600 32
2600 32
2600 32
2600 32
2600 32
2600 32
2600 32
2600 33
2600 33
2600 33
2605 31
2605 31
2605 31
2605 31
2605 31
2605 31
2605 31
2605 31
2605 30
2605 30
2605 31
2605 31
2605 30
2605 31
2605 31
2605 30
2605 30
2605 31
2605 31
2605 31
2605 31
2605 31
2605 31
2605 31
2605 31
2605 31
2605 31
2605 30
2605 30
2605 31
2605 30
2605 31
2605 30
2605 31
2605 31
2605 31
2605 31
2605 31
2605 31
2605 30
2605 31
2605 31
2605 31
2605 31
2605 31
2605 31
2605 31
2605 31
2605 31
2605 31
2605 31
2605 31
2605 31
2605 31
2605 31
2605 31
2605 31
2605 31
2605 31
2605 31
2605 31
2605 31
2605 31
2605 31
2605 31
2605 31
2605 31
2605 31
2605 31
2605 31
2605 31
2605 30
2605 31
2605 31
2605 31
2605 31
2605 31
2605 31
2605 30
2605 31
2605 31
2605 30
2605 31
2605 31
2605 31
2605 31
2605 30
2605 30
2605 30
2605 30
2605 31
2605 31
2605 30
2605 31
2605 31
2605 31
2605 31
2605 31
2605 31
2605 31
2610 29
2610 29
2610 30
2610 29
2610 30
2610 29
2610 29
2610 28
2610 29
2610 28
2610 29
2610 29
2610 29
2610 29
2610 29
2610 29
2610 29
2610 29
2610 28
2610 30
2610 30
2610 29
2610 29
2610 29
2610 30
2610 29
2610 29
2610 29
2610 29
2610 29
2610 29
2610 29
2610 29
2610 29
2610 30
2610 30
2610 29
2610 29
2610 29
2610 29
2610 29
2610 29
2610 29
2610 29
2610 29
2610 29
2610 29
2610 29
2610 28
2610 29
2610 29
2610 29
2610 28
2610 29
2610 29
2610 29
2610 29
2610 29
2610 30
2610 29
2610 29
2610 28
2610 29
2610 29
2610 30
2610 30
2610 29
2610 30
2610 29
2610 29
2610 30
2610 30
2610 29
2610 28
2610 29
2610 29
2610 30
2610 29
2610 29
2610 29
2610 29
2610 29
2610 29
2610 29
2610 29
2610 29
2610 29
2610 29
2610 28
2610 29
2610 30
2610 29
2610 29
2610 30
2610 28
2610 29
2610 30
2610 29
2610 30
2615 27
2615 27
2615 27
2615 27
2615 27
2615 27
2615 27
2615 27
2615 27
2615 26
2615 27
2615 27
2615 27
2615 27
2615 27
2615 28
2615 28
2615 27
2615 28
2615 27
2615 27
2615 28
2615 28
2615 27
2615 27
2615 27
2615 27
2615 27
2615 27
2615 27
2615 26
2615 27
2615 26
2615 27
2615 27
2615 26
2615 27
2615 27
2615 27
2615 27
2615 27
2615 27
2615 27
2615 27
2615 27
2615 27
2615 27
2615 27
2615 28
2615 26
2615 27
2615 27
2615 27
2615 27
2615 27
2615 27
2615 27
2615 27
2615 27
2615 27
2615 27
2615 27
2615 27
2615 27
2615 28
2615 27
2615 27
2615 26
2615 27
2615 27
2615 26
2615 27
2615 27
2615 27
2615 28
2615 27
2615 26
2615 28
2615 27
2615 27
2615 27
2615 27
2615 27
2615 27
2615 27
2615 27
2615 27
2615 27
2615 27
2615 27
2615 27
2615 28
2615 27
2615 27
2615 27
2615 27
2615 27
2615 27
2615 27
2615 27
2620 24
2620 25
2620 25
2620 24
2620 26
2620 25
2620 24
2620 25
2620 25
2620 24
2620 25
2620 25
2620 24
2620 24
2620 24
2620 25
2620 24
2620 25
2620 24
2620 25
2620 24
2620 25
2620 25
2620 24
2620 25
2620 25
2620 25
2620 25
2620 24
2620 25
2620 25
2620 24
2620 25
2620 24
2620 26
2620 24
2620 25
2620 25
2620 26
2620 25
2620 24
2620 25
2620 25
2620 25
2620 25
2620 25
2620 26
2620 25
2620 25
2620 25
2620 25
2620 26
2620 25
2620 24
2620 25
2620 24
2620 24
2620 25
2620 24
2620 26
2620 25
2620 26
2620 26
2620 25
2620 24
2620 24
2620 25
2620 25
2620 25
2620 25
2620 24
2620 24
2620 26
2620 24
2620 25
2620 24
2620 25
2620 24
2620 24
2620 24
2620 25
2620 25
2620 26
2620 25
2620 24
2620 26
2620 24
2620 25
2620 24
2620 25
2620 26
2620 25
2620 25
2620 26
2620 25
2620 25
2620 25
2620 24
2620 26
2620 25
2625 23
2625 22
2625 23
2625 22
2625 23
2625 22
2625 24
2625 22
2625 23
2625 22
2625 22
2625 24
2625 23
2625 22
2625 22
2625 23
2625 24
2625 22
2625 22
2625 23
2625 23
2625 22
2625 24
2625 22
2625 23
2625 23
2625 22
2625 24
2625 23
2625 23
2625 24
2625 22
2625 22
2625 23
2625 22
2625 22
2625 22
2625 23
2625 22
2625 22
2625 22
2625 24
2625 22
2625 22
2625 22
2625 23
2625 23
2625 22
2625 23
2625 23
2625 22
2625 23
2625 22
2625 22
2625 24
2625 21
2625 22
2625 22
2625 23
2625 22
2625 22
2625 23
2625 23
2625 23
2625 24
2625 23
2625 23
2625 22
2625 23
2625 22
2625 24
2625 23
2625 23
2625 23
2625 23
2625 22
2625 24
2625 23
2625 23
2625 23
2625 23
2625 24
2625 23
2625 23
2625 22
2625 23
2625 23
2625 22
2625 23
2625 24
2625 22
2625 23
2625 23
2625 24
2625 22
2625 24
2625 22
2625 23
2625 22
2630 21
2630 21
2630 21
2630 21
2630 21
2630 21
2630 20
2630 21
2630 20
2630 21
2630 21
2630 20
2630 21
2630 20
2630 21
2630 21
2630 21
2630 21
2630 21
2630 21
2630 20
2630 21
2630 20
2630 22
2630 21
2630 21
2630 21
2630 21
2630 20
2630 21
2630 20
2630 21
2630 20
2630 21
2630 21
2630 21
2630 21
2630 20
2630 21
2630 21
2630 21
2630 21
2630 21
2630 21
2630 21
2630 21
2630 21
2630 20
2630 21
2630 21
2630 20
2630 20
2630 20
2630 21
2630 21
2630 21
2630 21
2630 21
2630 20
2630 20
2630 20
2630 21
2630 21
2630 20
2630 21
2630 21
2630 21
2630 21
2630 21
2630 21
2630 21
2630 20
2630 21
2630 22
2630 21
2630 20
2630 20
2630 21
2630 20
2630 20
2630 20
2630 21
2630 20
2630 21
2630 21
2630 21
2630 21
2630 21
2630 21
2630 19
2630 22
2630 21
2630 22
2630 21
2630 21
2630 21
2630 20
2630 21
2630 21
2630 20
2635 19
2635 19
2635 19
2635 19
2635 19
2635 19
2635 19
2635 19
2635 20
2635 19
2635 19
2635 19
2635 18
2635 18
2635 19
2635 19
2635 19
2635 19
2635 19
2635 19
2635 19
2635 19
2635 19
2635 18
2635 19
2635 19
2635 19
2635 19
2635 19
2635 19
2635 19
2635 19
2635 19
2635 19
2635 18
2635 19
2635 19
2635 19
2635 19
2635 19
2635 19
2635 19
2635 19
2635 19
2635 19
2635 19
2635 19
2635 19
2635 19
2635 18
2635 19
2635 18
2635 19
2635 19
2635 19
2635 19
2635 19
2635 19
2635 19
2635 19
2635 19
2635 19
2635 19
2635 18
2635 19
2635 19
2635 18
2635 19
2635 19
2635 19
2635 19
2635 19
2635 20
2635 19
2635 19
2635 19
2635 19
2635 19
2635 18
2635 19
2635 19
2635 19
2635 19
2635 19
2635 19
2635 19
2635 19
2635 19
2635 19
2635 19
2635 19
2635 19
2635 19
2635 19
2635 19
2635 18
2635 19
2635 19
2635 19
2635 19
2640 17
2640 16
2640 17
2640 17
2640 17
2640 17
2640 17
2640 17
2640 17
2640 16
2640 17
2640 17
2640 16
2640 17
2640 15
2640 17
2640 17
2640 17
2640 17
2640 16
2640 17
2640 17
2640 17
2640 17
2640 16
2640 17
2640 17
2640 16
2640 17
2640 17
2640 17
2640 17
2640 16
2640 17
2640 17
2640 17
2640 16
2640 16
2640 16
2640 17
2640 17
2640 17
2640 17
2640 17
2640 16
2640 16
2640 16
2640 17
2640 17
2640 17
2640 16
2640 17
2640 17
2640 17
2640 17
2640 17
2640 17
2640 17
2640 17
2640 15
2640 17
2640 16
2640 16
2640 16
2640 17
2640 17
2640 15
2640 16
2640 17
2640 16
2640 16
2640 17
2640 17
2640 17
2640 17
2640 17
2640 17
2640 17
2640 16
2640 17
2640 17
2640 17
2640 17
2640 17
2640 16
2640 17
2640 17
2640 17
2640 17
2640 17
2640 16
2640 17
2640 17
2640 17
2640 17
2640 17
2640 16
2640 17
2640 17
2640 17
2645 15
2645 15
2645 14
2645 15
2645 15
2645 15
2645 15
2645 15
2645 15
2645 15
2645 14
2645 15
2645 15
2645 15
2645 15
2645 14
2645 14
2645 14
2645 15
2645 15
2645 15
2645 14
2645 14
2645 15
2645 15
2645 14
2645 15
2645 15
2645 15
2645 14
2645 14
2645 15
2645 14
2645 15
2645 14
2645 15
2645 15
2645 14
2645 15
2645 15
2645 15
2645 14
2645 14
2645 16
2645 14
2645 15
2645 15
2645 13
2645 15
2645 15
2645 14
2645 14
2645 15
2645 14
2645 15
2645 15
2645 15
2645 14
2645 14
2645 15
2645 14
2645 15
2645 14
2645 15
2645 15
2645 14
2645 15
2645 15
2645 15
2645 15
2645 14
2645 15
2645 14
2645 15
2645 14
2645 15
2645 14
2645 15
2645 14
2645 15
2645 15
2645 15
2645 14
2645 14
2645 14
2645 15
2645 14
2645 14
2645 14
2645 15
2645 14
2645 15
2645 15
2645 14
2645 15
2645 14
2645 15
2645 14
2645 14
2645 14
2650 13
2650 13
2650 13
2650 13
2650 13
2650 13
2650 13
2650 13
2650 13
2650 13
2650 13
2650 13
2650 13
2650 12
2650 13
2650 13
2650 13
2650 13
2650 13
2650 13
2650 13
2650 13
2650 13
2650 13
2650 13
2650 13
2650 13
2650 13
2650 13
2650 13
2650 13
2650 13
2650 13
2650 13
2650 13
2650 13
2650 13
2650 13
2650 13
2650 13
2650 13
2650 13
2650 12
2650 13
2650 13
2650 13
2650 13
2650 13
2650 13
2650 13
2650 13
2650 13
2650 13
2650 13
2650 13
2650 13
2650 13
2650 13
2650 13
2650 13
2650 13
2650 13
2650 13
2650 13
2650 13
2650 13
2650 13
2650 13
2650 13
2650 13
2650 13
2650 13
2650 13
2650 13
2650 13
2650 13
2650 13
2650 13
2650 12
2650 13
2650 13
2650 13
2650 12
2650 13
2650 13
2650 12
2650 12
2650 13
2650 13
2650 13
2650 13
2650 13
2650 13
2650 13
2650 14
2650 12
2650 13
2650 13
2655 10
2655 10
2655 10
2655 10
2655 11
2655 11
2655 10
2655 10
2655 10
2655 10
2655 10
2655 11
2655 10
2655 10
2655 10
2655 10
2655 10
2655 10
2655 10
2655 10
2655 10
2655 10
2655 10
2655 10
2655 10
2655 10
2655 11
2655 11
2655 10
2655 10
2655 11
2655 10
2655 12
2655 10
2655 11
2655 10
2655 10
2655 10
2655 10
2655 10
2655 10
2655 10
2655 10
2655 10
2655 13
2655 11
2655 10
2655 11
2655 10
2655 10
2655 11
2655 10
2655 10
2655 10
2655 10
2655 10
2655 10
2655 10
2655 10
2655 10
2655 11
2655 10
2655 11
2655 10
2655 10
2655 10
2655 10
2655 10
2655 10
2655 10
2655 11
2655 10
2655 10
2655 10
2655 10
2655 10
2655 10
2655 11
2655 10
2655 10
2655 10
2655 10
2655 10
2655 10
2655 10
2655 10
2655 10
2655 10
2655 11
2655 10
2655 10
2655 10
2655 11
2655 10
2655 10
2655 10
2655 11
2655 10
2655 10
2660 8
2660 9
2660 8
2660 8
2660 7
2660 8
2660 9
2660 8
2660 9
2660 8
2660 7
2660 8
2660 8
2660 8
2660 8
2660 7
2660 7
2660 8
2660 8
2660 8
2660 8
2660 8
2660 9
2660 7
2660 8
2660 7
2660 8
2660 8
2660 7
2660 8
2660 8
2660 8
2660 8
2660 8
2660 8
2660 8
2660 9
2660 8
2660 8
2660 8
2660 8
2660 8
2660 7
2660 8
2660 8
2660 8
2660 8
2660 8
2660 8
2660 9
2660 9
2660 8
2660 7
2660 8
2660 8
2660 8
2660 8
2660 8
2660 8
2660 7
2660 8
2660 8
2660 8
2660 7
2660 8
2660 7
2660 8
2660 9
2660 8
2660 8
2660 8
2660 8
2660 8
2660 8
2660 8
2660 8
2660 9
2660 7
2660 8
2660 8
2660 8
2660 9
2660 8
2660 8
2660 8
2660 8
2660 8
2660 8
2660 8
2660 8
2660 9
2660 8
2660 8
2660 8
2660 7
2660 8
2660 8
2660 8
2660 8
2660 8
2665 5
2665 7
2665 6
2665 5
2665 5
2665 5
2665 6
2665 5
2665 5
2665 5
2665 5
2665 5
2665 5
2665 7
2665 5
2665 6
2665 5
2665 5
2665 5
2665 5
2665 5
2665 5
2665 5
2665 5
2665 5
2665 4
2665 5
2665 6
2665 6
2665 6
2665 5
2665 6
2665 4
2665 7
2665 6
2665 5
2665 6
2665 5
2665 5
2665 5
2665 5
2665 5
2665 5
2665 5
2665 5
2665 5
2665 6
2665 5
2665 7
2665 5
2665 5
2665 5
2665 5
2665 5
2665 6
2665 5
2665 5
2665 5
2665 6
2665 5
2665 5
2665 5
2665 5
2665 5
2665 6
2665 4
2665 5
2665 5
2665 5
2665 5
2665 5
2665 6
2665 5
2665 5
2665 5
2665 5
2665 5
2665 5
2665 6
2665 5
2665 5
2665 5
2665 5
2665 5
2665 5
2665 6
2665 5
2665 6
2665 5
2665 5
2665 6
2665 5
2665 5
2665 5
2665 5
2665 5
2665 5
2665 7
2665 5
2665 5
2670 4
2670 4
2670 8
2670 4
2670 4
2670 4
2670 4
2670 4
2670 4
2670 4
2670 4
2670 4
2670 4
2670 4
2670 5
2670 4
2670 7
2670 4
2670 4
2670 4
2670 4
2670 6
2670 4
2670 4
2670 4
2670 4
2670 4
2670 4
2670 4
2670 5
2670 4
2670 4
2670 4
2670 4
2670 4
2670 4
2670 4
2670 13
2670 4
2670 4
2670 4
2670 4
2670 4
2670 4
2670 4
2670 4
2670 5
2670 4
2670 4
2670 4
2670 4
2670 5
2670 4
2670 5
2670 4
2670 4
2670 4
2670 4
2670 4
2670 4
2670 5
2670 4
2670 4
2670 4
2670 5
2670 5
2670 4
2670 5
