TOA measurement vs Delay ---- Mon Jun 15 01:03:02 2020
Pixel = 3
config file = config/asic_config_B4.yml
NofIterations = 100
LSBest = 22.08203766916148
mean value = [  0.           0.           0.           0.           0.
   0.           0.           0.           0.           0.
   0.           0.           0.           0.           0.
   0.           0.           0.           0.           0.
   0.           0.           0.           0.         125.88764045
 123.71       121.94949495 120.11       117.24242424 115.5
 113.29       111.21212121 108.35353535 106.26       104.27
 102.42        99.97        98.          96.28        93.82828283
  90.8         89.3030303   87.46        85.04        82.58
  80.32        78.16161616  76.1010101   73.23        71.09090909
  69.1         67.27        65.06        62.34        60.29292929
  58.36        56.07070707  53.8         52.27        50.24
  47.72        45.56        43.41        41.21        38.80808081
  36.78787879  35.01        33.59        30.17        27.97
  26.1         24.48        22.27        20.62        18.88888889
  16.58585859  13.7         11.47         9.61         7.29
   4.83         0.           0.           0.           0.
   0.           0.           0.           0.           0.
   0.           0.           0.           0.           0.
   0.           0.           0.           0.           0.        ]
sigma = [0.         0.         0.         0.         0.         0.
 0.         0.         0.         0.         0.         0.
 0.         0.         0.         0.         0.         0.
 0.         0.         0.         0.         0.         0.
 0.56382593 0.53780418 0.41435693 0.5111099  0.53590119 0.57735027
 0.69945217 0.59284841 0.62664944 0.70408333 0.54811799 0.58901047
 0.43867224 0.32145503 0.87460467 0.53494839 0.55075705 0.70466763
 0.60969938 0.53078558 0.57178084 0.54857391 0.46779238 0.56174241
 0.600361   0.43148578 0.43969687 0.600361   0.54747907 0.6064102
 0.5573662  0.56011903 0.43525275 0.49328829 0.61679278 0.55293158
 0.55220769 0.57422411 0.60434538 0.60764573 0.48828224 0.52025105
 0.39145029 0.57029232 0.53332292 0.41525093 0.4163332  0.59408192
 0.54811799 0.56474183 0.4497786  0.5709305  0.54160256 0.57657032
 0.61744096 0.53780418 0.51423082 0.         0.         0.
 0.         0.         0.         0.         0.         0.
 0.         0.         0.         0.         0.         0.
 0.         0.         0.         0.        ]
Pulse delay   TOA 
2200 63
2320 126
2320 126
2320 125
2320 126
2320 126
2320 126
2320 126
2320 126
2320 126
2320 126
2320 126
2320 125
2320 126
2320 126
2320 126
2320 126
2320 126
2320 126
2320 126
2320 126
2320 126
2320 126
2320 126
2320 126
2320 126
2320 126
2320 126
2320 126
2320 126
2320 126
2320 126
2320 125
2320 126
2320 126
2320 126
2320 123
2320 126
2320 126
2320 126
2320 126
2320 126
2320 126
2320 126
2320 126
2320 126
2320 126
2320 126
2320 126
2320 126
2320 126
2320 126
2320 126
2320 126
2320 126
2320 123
2320 126
2320 126
2320 126
2320 126
2320 126
2320 126
2320 126
2320 126
2320 126
2320 126
2320 126
2320 126
2320 126
2320 126
2320 126
2320 126
2320 126
2320 126
2320 126
2320 126
2320 126
2320 126
2320 126
2320 126
2320 126
2320 126
2320 126
2320 126
2320 126
2320 126
2320 126
2320 126
2320 126
2320 125
2325 124
2325 124
2325 124
2325 124
2325 123
2325 124
2325 123
2325 124
2325 123
2325 124
2325 124
2325 123
2325 124
2325 123
2325 124
2325 124
2325 123
2325 124
2325 124
2325 123
2325 124
2325 123
2325 124
2325 124
2325 124
2325 123
2325 124
2325 124
2325 124
2325 124
2325 124
2325 124
2325 124
2325 124
2325 124
2325 124
2325 124
2325 124
2325 124
2325 123
2325 124
2325 124
2325 124
2325 124
2325 124
2325 124
2325 123
2325 124
2325 124
2325 124
2325 124
2325 124
2325 124
2325 124
2325 124
2325 124
2325 124
2325 124
2325 123
2325 123
2325 124
2325 124
2325 124
2325 124
2325 124
2325 124
2325 123
2325 123
2325 124
2325 123
2325 123
2325 123
2325 123
2325 124
2325 124
2325 124
2325 123
2325 124
2325 124
2325 124
2325 123
2325 123
2325 124
2325 123
2325 124
2325 124
2325 123
2325 124
2325 124
2325 124
2325 123
2325 123
2325 124
2325 124
2325 123
2325 124
2325 124
2325 123
2325 123
2325 124
2330 122
2330 122
2330 122
2330 122
2330 122
2330 122
2330 122
2330 122
2330 122
2330 122
2330 122
2330 122
2330 122
2330 122
2330 122
2330 122
2330 122
2330 122
2330 122
2330 122
2330 122
2330 122
2330 122
2330 122
2330 122
2330 122
2330 122
2330 122
2330 122
2330 122
2330 122
2330 122
2330 122
2330 122
2330 122
2330 122
2330 122
2330 120
2330 122
2330 122
2330 122
2330 122
2330 122
2330 122
2330 122
2330 122
2330 122
2330 122
2330 122
2330 122
2330 122
2330 122
2330 122
2330 122
2330 122
2330 122
2330 122
2330 122
2330 122
2330 122
2330 122
2330 122
2330 122
2330 122
2330 122
2330 122
2330 122
2330 122
2330 122
2330 122
2330 122
2330 122
2330 122
2330 122
2330 121
2330 122
2330 120
2330 122
2330 122
2330 122
2330 122
2330 122
2330 122
2330 122
2330 122
2330 122
2330 122
2330 122
2330 122
2330 122
2330 122
2330 122
2330 122
2330 122
2330 122
2330 122
2330 122
2330 122
2330 122
2335 121
2335 121
2335 120
2335 120
2335 120
2335 120
2335 120
2335 120
2335 120
2335 120
2335 121
2335 120
2335 120
2335 121
2335 120
2335 120
2335 120
2335 120
2335 120
2335 120
2335 120
2335 120
2335 120
2335 120
2335 120
2335 120
2335 120
2335 120
2335 120
2335 120
2335 120
2335 120
2335 120
2335 120
2335 121
2335 120
2335 120
2335 120
2335 120
2335 120
2335 120
2335 120
2335 120
2335 120
2335 120
2335 120
2335 121
2335 120
2335 120
2335 120
2335 120
2335 120
2335 120
2335 120
2335 120
2335 120
2335 120
2335 120
2335 120
2335 120
2335 120
2335 120
2335 120
2335 120
2335 120
2335 120
2335 120
2335 120
2335 118
2335 120
2335 120
2335 121
2335 120
2335 120
2335 120
2335 120
2335 120
2335 120
2335 120
2335 120
2335 120
2335 122
2335 120
2335 121
2335 120
2335 120
2335 120
2335 120
2335 120
2335 120
2335 120
2335 120
2335 120
2335 120
2335 121
2335 121
2335 120
2335 120
2335 120
2335 121
2340 118
2340 118
2340 117
2340 117
2340 117
2340 117
2340 117
2340 117
2340 117
2340 117
2340 118
2340 117
2340 117
2340 117
2340 118
2340 117
2340 117
2340 117
2340 117
2340 117
2340 118
2340 118
2340 117
2340 117
2340 117
2340 117
2340 117
2340 118
2340 117
2340 117
2340 118
2340 117
2340 117
2340 117
2340 117
2340 117
2340 117
2340 117
2340 117
2340 117
2340 117
2340 117
2340 117
2340 117
2340 117
2340 118
2340 118
2340 117
2340 118
2340 117
2340 118
2340 118
2340 117
2340 117
2340 117
2340 117
2340 117
2340 117
2340 118
2340 117
2340 117
2340 117
2340 117
2340 118
2340 117
2340 118
2340 117
2340 118
2340 117
2340 118
2340 116
2340 117
2340 117
2340 117
2340 117
2340 118
2340 117
2340 117
2340 117
2340 118
2340 117
2340 118
2340 117
2340 118
2340 118
2340 117
2340 117
2340 117
2340 117
2340 117
2340 117
2340 117
2340 117
2340 118
2340 117
2340 118
2340 117
2340 117
2340 117
2345 116
2345 116
2345 116
2345 115
2345 116
2345 115
2345 115
2345 115
2345 116
2345 115
2345 115
2345 116
2345 115
2345 115
2345 115
2345 115
2345 116
2345 116
2345 115
2345 115
2345 116
2345 116
2345 115
2345 116
2345 115
2345 116
2345 115
2345 115
2345 116
2345 116
2345 115
2345 115
2345 116
2345 116
2345 116
2345 115
2345 116
2345 116
2345 116
2345 116
2345 115
2345 115
2345 116
2345 115
2345 115
2345 115
2345 115
2345 116
2345 116
2345 116
2345 116
2345 116
2345 116
2345 116
2345 115
2345 116
2345 115
2345 115
2345 115
2345 116
2345 115
2345 115
2345 116
2345 115
2345 116
2345 116
2345 115
2345 116
2345 116
2345 116
2345 115
2345 116
2345 115
2345 115
2345 115
2345 115
2345 116
2345 115
2345 115
2345 116
2345 115
2345 116
2345 116
2345 116
2345 115
2345 116
2345 115
2345 116
2345 115
2345 116
2345 116
2345 116
2345 115
2345 115
2345 116
2345 116
2345 115
2345 115
2345 115
2345 115
2350 113
2350 113
2350 113
2350 114
2350 114
2350 113
2350 114
2350 114
2350 113
2350 114
2350 113
2350 113
2350 115
2350 113
2350 113
2350 113
2350 114
2350 114
2350 113
2350 114
2350 113
2350 113
2350 113
2350 114
2350 113
2350 114
2350 113
2350 113
2350 113
2350 113
2350 114
2350 113
2350 113
2350 113
2350 113
2350 113
2350 114
2350 113
2350 113
2350 111
2350 114
2350 114
2350 113
2350 114
2350 113
2350 111
2350 113
2350 113
2350 113
2350 113
2350 113
2350 114
2350 114
2350 114
2350 113
2350 114
2350 113
2350 114
2350 114
2350 114
2350 113
2350 113
2350 113
2350 113
2350 114
2350 114
2350 114
2350 113
2350 113
2350 114
2350 114
2350 114
2350 113
2350 113
2350 113
2350 113
2350 113
2350 113
2350 114
2350 113
2350 113
2350 113
2350 113
2350 111
2350 113
2350 114
2350 113
2350 113
2350 113
2350 113
2350 114
2350 113
2350 113
2350 114
2350 113
2350 113
2350 114
2350 113
2350 113
2350 113
2355 111
2355 111
2355 111
2355 111
2355 111
2355 111
2355 111
2355 111
2355 111
2355 112
2355 112
2355 112
2355 111
2355 112
2355 111
2355 111
2355 112
2355 112
2355 111
2355 111
2355 111
2355 111
2355 111
2355 111
2355 111
2355 112
2355 111
2355 110
2355 111
2355 111
2355 112
2355 111
2355 111
2355 112
2355 111
2355 110
2355 112
2355 111
2355 112
2355 111
2355 111
2355 110
2355 111
2355 111
2355 111
2355 111
2355 111
2355 111
2355 111
2355 111
2355 110
2355 111
2355 112
2355 111
2355 111
2355 112
2355 111
2355 111
2355 111
2355 111
2355 112
2355 112
2355 111
2355 112
2355 112
2355 111
2355 112
2355 111
2355 112
2355 110
2355 111
2355 111
2355 111
2355 111
2355 111
2355 111
2355 111
2355 111
2355 111
2355 112
2355 111
2355 111
2355 112
2355 111
2355 111
2355 111
2355 111
2355 111
2355 111
2355 112
2355 112
2355 111
2355 111
2355 112
2355 112
2355 111
2355 111
2355 112
2355 111
2360 108
2360 109
2360 109
2360 109
2360 108
2360 108
2360 108
2360 109
2360 109
2360 108
2360 109
2360 108
2360 109
2360 109
2360 109
2360 108
2360 108
2360 108
2360 109
2360 108
2360 108
2360 109
2360 108
2360 108
2360 108
2360 108
2360 109
2360 108
2360 109
2360 108
2360 108
2360 109
2360 108
2360 107
2360 108
2360 108
2360 107
2360 109
2360 109
2360 108
2360 109
2360 108
2360 109
2360 108
2360 109
2360 108
2360 109
2360 109
2360 109
2360 108
2360 108
2360 108
2360 109
2360 108
2360 109
2360 109
2360 109
2360 108
2360 108
2360 109
2360 107
2360 109
2360 108
2360 108
2360 108
2360 109
2360 109
2360 108
2360 108
2360 109
2360 108
2360 109
2360 109
2360 109
2360 108
2360 108
2360 107
2360 109
2360 108
2360 108
2360 108
2360 108
2360 109
2360 108
2360 109
2360 108
2360 108
2360 108
2360 108
2360 108
2360 108
2360 109
2360 108
2360 108
2360 108
2360 109
2360 108
2360 108
2360 108
2365 106
2365 107
2365 107
2365 106
2365 106
2365 107
2365 107
2365 106
2365 107
2365 106
2365 106
2365 107
2365 107
2365 107
2365 107
2365 106
2365 106
2365 106
2365 106
2365 106
2365 107
2365 106
2365 105
2365 106
2365 106
2365 106
2365 106
2365 106
2365 107
2365 106
2365 106
2365 107
2365 105
2365 107
2365 107
2365 105
2365 106
2365 106
2365 106
2365 107
2365 106
2365 106
2365 107
2365 107
2365 107
2365 106
2365 107
2365 107
2365 106
2365 106
2365 106
2365 105
2365 106
2365 107
2365 107
2365 107
2365 106
2365 106
2365 106
2365 106
2365 106
2365 106
2365 106
2365 106
2365 106
2365 105
2365 107
2365 104
2365 105
2365 106
2365 106
2365 107
2365 107
2365 107
2365 106
2365 107
2365 106
2365 105
2365 107
2365 106
2365 106
2365 106
2365 105
2365 106
2365 107
2365 106
2365 106
2365 107
2365 106
2365 107
2365 107
2365 106
2365 107
2365 106
2365 107
2365 106
2365 106
2365 106
2365 106
2365 107
2370 105
2370 104
2370 104
2370 104
2370 105
2370 104
2370 104
2370 104
2370 105
2370 105
2370 105
2370 104
2370 104
2370 104
2370 104
2370 104
2370 104
2370 104
2370 104
2370 104
2370 105
2370 105
2370 105
2370 104
2370 105
2370 105
2370 105
2370 104
2370 104
2370 104
2370 104
2370 104
2370 104
2370 104
2370 104
2370 105
2370 105
2370 105
2370 104
2370 104
2370 104
2370 104
2370 104
2370 104
2370 104
2370 104
2370 105
2370 105
2370 104
2370 105
2370 105
2370 104
2370 104
2370 104
2370 103
2370 104
2370 104
2370 104
2370 104
2370 105
2370 104
2370 104
2370 104
2370 105
2370 104
2370 105
2370 104
2370 104
2370 105
2370 104
2370 104
2370 104
2370 104
2370 104
2370 104
2370 105
2370 104
2370 104
2370 105
2370 104
2370 104
2370 104
2370 104
2370 104
2370 104
2370 104
2370 104
2370 104
2370 105
2370 104
2370 105
2370 104
2370 104
2370 104
2370 104
2370 105
2370 104
2370 105
2370 104
2370 104
2375 102
2375 102
2375 102
2375 102
2375 102
2375 102
2375 103
2375 102
2375 102
2375 103
2375 102
2375 102
2375 103
2375 103
2375 102
2375 102
2375 103
2375 102
2375 103
2375 102
2375 103
2375 103
2375 103
2375 102
2375 103
2375 103
2375 103
2375 102
2375 103
2375 102
2375 102
2375 103
2375 102
2375 103
2375 103
2375 102
2375 103
2375 103
2375 102
2375 101
2375 102
2375 102
2375 102
2375 102
2375 102
2375 102
2375 103
2375 103
2375 102
2375 102
2375 102
2375 102
2375 102
2375 102
2375 103
2375 102
2375 103
2375 103
2375 103
2375 103
2375 102
2375 102
2375 102
2375 103
2375 102
2375 103
2375 103
2375 103
2375 103
2375 102
2375 102
2375 102
2375 102
2375 103
2375 103
2375 102
2375 102
2375 103
2375 102
2375 102
2375 102
2375 102
2375 102
2375 102
2375 102
2375 102
2375 103
2375 103
2375 102
2375 102
2375 102
2375 103
2375 103
2375 102
2375 103
2375 103
2375 103
2375 103
2375 103
2375 103
2380 99
2380 100
2380 100
2380 99
2380 100
2380 100
2380 100
2380 100
2380 100
2380 100
2380 100
2380 99
2380 100
2380 100
2380 100
2380 100
2380 100
2380 100
2380 100
2380 100
2380 99
2380 100
2380 101
2380 100
2380 99
2380 100
2380 100
2380 100
2380 100
2380 100
2380 100
2380 100
2380 100
2380 100
2380 100
2380 100
2380 100
2380 100
2380 100
2380 100
2380 100
2380 100
2380 100
2380 100
2380 100
2380 100
2380 100
2380 100
2380 100
2380 100
2380 100
2380 100
2380 100
2380 100
2380 100
2380 100
2380 100
2380 100
2380 100
2380 100
2380 100
2380 101
2380 100
2380 100
2380 100
2380 100
2380 100
2380 99
2380 100
2380 100
2380 101
2380 100
2380 100
2380 100
2380 100
2380 100
2380 100
2380 100
2380 101
2380 100
2380 100
2380 100
2380 100
2380 100
2380 100
2380 100
2380 99
2380 100
2380 100
2380 100
2380 100
2380 100
2380 100
2380 100
2380 100
2380 100
2380 100
2380 100
2380 100
2380 100
2385 98
2385 98
2385 98
2385 98
2385 98
2385 98
2385 98
2385 98
2385 98
2385 98
2385 98
2385 98
2385 98
2385 98
2385 98
2385 98
2385 98
2385 98
2385 98
2385 98
2385 98
2385 98
2385 98
2385 98
2385 98
2385 98
2385 98
2385 98
2385 98
2385 97
2385 98
2385 98
2385 98
2385 98
2385 98
2385 98
2385 98
2385 98
2385 98
2385 98
2385 98
2385 98
2385 98
2385 98
2385 98
2385 98
2385 98
2385 98
2385 98
2385 98
2385 98
2385 98
2385 98
2385 98
2385 98
2385 99
2385 98
2385 98
2385 98
2385 98
2385 98
2385 98
2385 98
2385 98
2385 98
2385 98
2385 98
2385 98
2385 98
2385 98
2385 98
2385 98
2385 98
2385 98
2385 98
2385 98
2385 98
2385 98
2385 98
2385 98
2385 98
2385 98
2385 98
2385 98
2385 98
2385 98
2385 98
2385 98
2385 98
2385 98
2385 98
2385 98
2385 98
2385 98
2385 98
2385 98
2385 98
2385 98
2385 98
2385 98
2390 97
2390 97
2390 97
2390 97
2390 96
2390 97
2390 95
2390 97
2390 96
2390 97
2390 95
2390 95
2390 97
2390 97
2390 95
2390 97
2390 97
2390 97
2390 97
2390 96
2390 97
2390 96
2390 97
2390 95
2390 96
2390 97
2390 95
2390 96
2390 95
2390 97
2390 96
2390 95
2390 96
2390 95
2390 96
2390 97
2390 97
2390 95
2390 97
2390 97
2390 97
2390 95
2390 96
2390 97
2390 96
2390 97
2390 95
2390 96
2390 97
2390 95
2390 97
2390 95
2390 97
2390 96
2390 96
2390 95
2390 97
2390 97
2390 97
2390 95
2390 96
2390 96
2390 97
2390 97
2390 97
2390 97
2390 97
2390 95
2390 97
2390 97
2390 97
2390 97
2390 97
2390 96
2390 97
2390 96
2390 97
2390 96
2390 96
2390 96
2390 97
2390 95
2390 97
2390 96
2390 97
2390 96
2390 96
2390 97
2390 95
2390 97
2390 97
2390 96
2390 97
2390 96
2390 97
2390 94
2390 96
2390 97
2390 95
2390 95
2395 94
2395 94
2395 93
2395 94
2395 92
2395 94
2395 94
2395 93
2395 94
2395 94
2395 94
2395 94
2395 94
2395 94
2395 94
2395 93
2395 94
2395 94
2395 94
2395 94
2395 94
2395 94
2395 93
2395 93
2395 94
2395 94
2395 94
2395 94
2395 94
2395 94
2395 94
2395 94
2395 94
2395 94
2395 95
2395 94
2395 93
2395 95
2395 94
2395 94
2395 93
2395 94
2395 94
2395 94
2395 93
2395 94
2395 93
2395 94
2395 94
2395 94
2395 94
2395 94
2395 93
2395 94
2395 94
2395 94
2395 94
2395 94
2395 94
2395 94
2395 93
2395 94
2395 94
2395 94
2395 94
2395 94
2395 94
2395 94
2395 93
2395 94
2395 94
2395 94
2395 94
2395 94
2395 94
2395 94
2395 93
2395 93
2395 94
2395 94
2395 94
2395 94
2395 94
2395 94
2395 94
2395 94
2395 94
2395 94
2395 94
2395 94
2395 94
2395 94
2395 94
2395 93
2395 94
2395 93
2395 94
2395 93
2395 94
2400 91
2400 91
2400 91
2400 91
2400 90
2400 91
2400 91
2400 91
2400 90
2400 91
2400 90
2400 92
2400 91
2400 91
2400 91
2400 90
2400 91
2400 91
2400 91
2400 91
2400 91
2400 91
2400 90
2400 91
2400 91
2400 90
2400 91
2400 90
2400 91
2400 90
2400 90
2400 91
2400 91
2400 91
2400 90
2400 91
2400 90
2400 91
2400 91
2400 90
2400 90
2400 91
2400 92
2400 91
2400 91
2400 91
2400 91
2400 91
2400 91
2400 91
2400 91
2400 91
2400 90
2400 91
2400 91
2400 91
2400 91
2400 91
2400 91
2400 91
2400 91
2400 91
2400 91
2400 90
2400 91
2400 91
2400 91
2400 91
2400 91
2400 91
2400 91
2400 91
2400 90
2400 90
2400 90
2400 91
2400 90
2400 91
2400 91
2400 91
2400 91
2400 91
2400 91
2400 91
2400 90
2400 91
2400 91
2400 91
2400 91
2400 91
2400 91
2400 91
2400 91
2400 90
2400 91
2400 92
2400 90
2400 90
2400 91
2400 91
2405 90
2405 88
2405 89
2405 88
2405 90
2405 90
2405 90
2405 89
2405 89
2405 89
2405 89
2405 89
2405 89
2405 89
2405 90
2405 88
2405 90
2405 89
2405 89
2405 88
2405 89
2405 90
2405 90
2405 89
2405 90
2405 89
2405 89
2405 89
2405 90
2405 88
2405 89
2405 89
2405 90
2405 90
2405 90
2405 90
2405 90
2405 90
2405 89
2405 90
2405 90
2405 89
2405 89
2405 89
2405 90
2405 90
2405 89
2405 90
2405 89
2405 89
2405 89
2405 90
2405 89
2405 90
2405 89
2405 89
2405 89
2405 89
2405 89
2405 90
2405 89
2405 90
2405 90
2405 89
2405 89
2405 89
2405 89
2405 89
2405 89
2405 90
2405 89
2405 90
2405 89
2405 90
2405 89
2405 88
2405 88
2405 89
2405 88
2405 89
2405 90
2405 90
2405 90
2405 89
2405 90
2405 89
2405 90
2405 88
2405 90
2405 89
2405 90
2405 90
2405 89
2405 90
2405 90
2405 89
2405 89
2405 90
2405 88
2410 88
2410 87
2410 88
2410 88
2410 87
2410 88
2410 87
2410 88
2410 87
2410 87
2410 88
2410 88
2410 87
2410 87
2410 88
2410 88
2410 87
2410 87
2410 88
2410 86
2410 87
2410 88
2410 86
2410 87
2410 87
2410 88
2410 88
2410 87
2410 88
2410 88
2410 87
2410 87
2410 88
2410 87
2410 87
2410 88
2410 87
2410 87
2410 88
2410 87
2410 88
2410 87
2410 87
2410 88
2410 87
2410 87
2410 87
2410 87
2410 87
2410 88
2410 88
2410 87
2410 87
2410 88
2410 88
2410 87
2410 88
2410 88
2410 88
2410 87
2410 87
2410 87
2410 88
2410 87
2410 87
2410 88
2410 87
2410 87
2410 88
2410 87
2410 88
2410 88
2410 88
2410 87
2410 88
2410 88
2410 87
2410 88
2410 87
2410 88
2410 87
2410 87
2410 88
2410 88
2410 87
2410 88
2410 87
2410 88
2410 88
2410 88
2410 88
2410 87
2410 87
2410 87
2410 88
2410 87
2410 88
2410 88
2410 87
2410 88
2415 85
2415 86
2415 85
2415 85
2415 85
2415 85
2415 85
2415 85
2415 85
2415 85
2415 85
2415 85
2415 85
2415 85
2415 85
2415 85
2415 85
2415 85
2415 86
2415 85
2415 85
2415 85
2415 86
2415 86
2415 85
2415 84
2415 85
2415 85
2415 85
2415 86
2415 85
2415 85
2415 85
2415 85
2415 85
2415 85
2415 85
2415 85
2415 86
2415 85
2415 85
2415 85
2415 85
2415 85
2415 85
2415 85
2415 85
2415 85
2415 85
2415 85
2415 85
2415 85
2415 86
2415 85
2415 85
2415 85
2415 85
2415 85
2415 85
2415 85
2415 85
2415 85
2415 85
2415 85
2415 85
2415 85
2415 85
2415 85
2415 86
2415 85
2415 85
2415 83
2415 85
2415 85
2415 85
2415 85
2415 86
2415 85
2415 85
2415 85
2415 85
2415 85
2415 85
2415 85
2415 83
2415 84
2415 85
2415 85
2415 85
2415 85
2415 85
2415 85
2415 85
2415 85
2415 86
2415 85
2415 85
2415 85
2415 85
2415 85
2420 82
2420 82
2420 83
2420 83
2420 83
2420 83
2420 82
2420 83
2420 83
2420 83
2420 82
2420 82
2420 82
2420 82
2420 82
2420 83
2420 83
2420 83
2420 83
2420 83
2420 82
2420 83
2420 82
2420 83
2420 83
2420 83
2420 82
2420 83
2420 83
2420 83
2420 83
2420 82
2420 83
2420 82
2420 83
2420 83
2420 82
2420 83
2420 83
2420 82
2420 82
2420 82
2420 83
2420 83
2420 82
2420 82
2420 83
2420 82
2420 82
2420 82
2420 83
2420 83
2420 82
2420 82
2420 82
2420 82
2420 83
2420 83
2420 83
2420 82
2420 82
2420 82
2420 82
2420 83
2420 83
2420 82
2420 83
2420 82
2420 83
2420 83
2420 82
2420 83
2420 82
2420 83
2420 82
2420 82
2420 82
2420 82
2420 83
2420 83
2420 83
2420 83
2420 82
2420 82
2420 83
2420 83
2420 83
2420 83
2420 82
2420 83
2420 83
2420 83
2420 83
2420 82
2420 83
2420 83
2420 83
2420 83
2420 83
2420 83
2425 80
2425 81
2425 81
2425 80
2425 80
2425 81
2425 80
2425 80
2425 81
2425 81
2425 80
2425 80
2425 81
2425 80
2425 80
2425 81
2425 80
2425 80
2425 80
2425 80
2425 81
2425 81
2425 80
2425 81
2425 80
2425 80
2425 80
2425 81
2425 80
2425 80
2425 80
2425 80
2425 80
2425 80
2425 80
2425 80
2425 80
2425 81
2425 80
2425 80
2425 80
2425 80
2425 81
2425 80
2425 80
2425 80
2425 80
2425 80
2425 80
2425 80
2425 80
2425 80
2425 80
2425 80
2425 80
2425 80
2425 81
2425 80
2425 81
2425 80
2425 80
2425 80
2425 81
2425 80
2425 80
2425 81
2425 81
2425 81
2425 81
2425 80
2425 81
2425 81
2425 80
2425 80
2425 81
2425 81
2425 80
2425 81
2425 80
2425 81
2425 80
2425 80
2425 80
2425 80
2425 80
2425 80
2425 80
2425 80
2425 80
2425 80
2425 80
2425 81
2425 81
2425 81
2425 81
2425 80
2425 80
2425 80
2425 81
2425 81
2430 79
2430 78
2430 78
2430 79
2430 78
2430 78
2430 78
2430 78
2430 78
2430 78
2430 78
2430 78
2430 78
2430 78
2430 78
2430 79
2430 78
2430 78
2430 78
2430 78
2430 79
2430 78
2430 78
2430 78
2430 78
2430 79
2430 78
2430 78
2430 78
2430 78
2430 78
2430 78
2430 78
2430 78
2430 78
2430 79
2430 78
2430 79
2430 78
2430 78
2430 79
2430 78
2430 78
2430 79
2430 78
2430 79
2430 78
2430 79
2430 78
2430 78
2430 78
2430 78
2430 78
2430 78
2430 78
2430 78
2430 78
2430 78
2430 79
2430 78
2430 78
2430 78
2430 78
2430 78
2430 79
2430 78
2430 78
2430 78
2430 78
2430 79
2430 78
2430 78
2430 78
2430 78
2430 78
2430 78
2430 78
2430 78
2430 78
2430 78
2430 78
2430 78
2430 79
2430 78
2430 78
2430 78
2430 78
2430 78
2430 78
2430 78
2430 78
2430 78
2430 78
2430 78
2430 78
2430 79
2430 78
2430 78
2430 78
2435 76
2435 76
2435 77
2435 76
2435 76
2435 76
2435 76
2435 76
2435 76
2435 76
2435 76
2435 76
2435 76
2435 76
2435 77
2435 77
2435 76
2435 76
2435 76
2435 76
2435 76
2435 76
2435 76
2435 76
2435 77
2435 76
2435 76
2435 76
2435 76
2435 76
2435 76
2435 77
2435 76
2435 76
2435 76
2435 76
2435 77
2435 76
2435 76
2435 76
2435 76
2435 77
2435 76
2435 76
2435 76
2435 76
2435 76
2435 76
2435 77
2435 76
2435 76
2435 76
2435 77
2435 76
2435 76
2435 77
2435 76
2435 76
2435 75
2435 76
2435 76
2435 76
2435 76
2435 77
2435 76
2435 76
2435 76
2435 76
2435 76
2435 77
2435 74
2435 76
2435 76
2435 76
2435 76
2435 76
2435 76
2435 77
2435 76
2435 76
2435 77
2435 76
2435 77
2435 75
2435 75
2435 76
2435 76
2435 76
2435 75
2435 76
2435 76
2435 76
2435 76
2435 76
2435 77
2435 76
2435 76
2435 76
2435 76
2440 73
2440 73
2440 74
2440 73
2440 74
2440 74
2440 73
2440 73
2440 73
2440 73
2440 73
2440 72
2440 73
2440 73
2440 73
2440 72
2440 73
2440 73
2440 74
2440 73
2440 73
2440 73
2440 73
2440 74
2440 73
2440 73
2440 73
2440 73
2440 73
2440 73
2440 74
2440 75
2440 74
2440 73
2440 73
2440 73
2440 73
2440 74
2440 73
2440 73
2440 73
2440 74
2440 73
2440 73
2440 74
2440 74
2440 74
2440 73
2440 73
2440 74
2440 73
2440 72
2440 73
2440 73
2440 73
2440 73
2440 73
2440 73
2440 73
2440 73
2440 73
2440 74
2440 73
2440 73
2440 73
2440 73
2440 73
2440 73
2440 73
2440 73
2440 72
2440 73
2440 73
2440 73
2440 74
2440 73
2440 73
2440 74
2440 74
2440 73
2440 73
2440 73
2440 74
2440 73
2440 73
2440 73
2440 74
2440 74
2440 73
2440 73
2440 74
2440 73
2440 74
2440 74
2440 73
2440 73
2440 73
2440 74
2440 74
2440 73
2445 71
2445 72
2445 71
2445 71
2445 71
2445 71
2445 71
2445 71
2445 72
2445 71
2445 71
2445 71
2445 72
2445 71
2445 71
2445 71
2445 71
2445 71
2445 71
2445 71
2445 71
2445 71
2445 71
2445 71
2445 71
2445 71
2445 71
2445 71
2445 71
2445 72
2445 71
2445 71
2445 71
2445 71
2445 72
2445 71
2445 71
2445 71
2445 71
2445 71
2445 71
2445 72
2445 71
2445 71
2445 72
2445 71
2445 71
2445 70
2445 71
2445 71
2445 71
2445 71
2445 71
2445 71
2445 71
2445 71
2445 71
2445 71
2445 71
2445 71
2445 71
2445 71
2445 71
2445 71
2445 71
2445 71
2445 71
2445 71
2445 71
2445 71
2445 71
2445 71
2445 71
2445 71
2445 71
2445 72
2445 71
2445 71
2445 71
2445 71
2445 71
2445 71
2445 72
2445 71
2445 71
2445 71
2445 71
2445 71
2445 72
2445 71
2445 71
2445 71
2445 71
2445 71
2445 71
2445 71
2445 71
2445 71
2445 71
2450 69
2450 69
2450 69
2450 70
2450 70
2450 69
2450 69
2450 69
2450 69
2450 70
2450 69
2450 69
2450 69
2450 69
2450 69
2450 70
2450 69
2450 69
2450 69
2450 69
2450 69
2450 69
2450 69
2450 70
2450 69
2450 69
2450 69
2450 69
2450 69
2450 69
2450 69
2450 69
2450 69
2450 69
2450 70
2450 69
2450 69
2450 69
2450 69
2450 69
2450 70
2450 69
2450 69
2450 69
2450 69
2450 69
2450 69
2450 69
2450 69
2450 69
2450 69
2450 69
2450 69
2450 69
2450 69
2450 69
2450 69
2450 69
2450 69
2450 69
2450 69
2450 69
2450 69
2450 68
2450 69
2450 70
2450 69
2450 69
2450 69
2450 69
2450 69
2450 69
2450 69
2450 69
2450 69
2450 69
2450 69
2450 70
2450 69
2450 69
2450 69
2450 69
2450 69
2450 69
2450 69
2450 69
2450 69
2450 69
2450 69
2450 69
2450 69
2450 69
2450 69
2450 69
2450 69
2450 69
2450 69
2450 69
2450 70
2450 70
2455 68
2455 67
2455 67
2455 67
2455 67
2455 67
2455 68
2455 67
2455 67
2455 67
2455 67
2455 68
2455 68
2455 68
2455 66
2455 66
2455 67
2455 67
2455 67
2455 68
2455 67
2455 67
2455 67
2455 66
2455 68
2455 67
2455 67
2455 68
2455 67
2455 67
2455 67
2455 68
2455 67
2455 68
2455 67
2455 68
2455 68
2455 68
2455 68
2455 67
2455 67
2455 67
2455 67
2455 67
2455 68
2455 68
2455 67
2455 67
2455 68
2455 67
2455 67
2455 68
2455 67
2455 67
2455 67
2455 68
2455 67
2455 67
2455 67
2455 67
2455 68
2455 67
2455 68
2455 68
2455 67
2455 67
2455 67
2455 67
2455 67
2455 67
2455 67
2455 68
2455 67
2455 67
2455 67
2455 66
2455 67
2455 68
2455 68
2455 67
2455 67
2455 67
2455 67
2455 67
2455 67
2455 68
2455 67
2455 67
2455 68
2455 68
2455 67
2455 67
2455 67
2455 67
2455 67
2455 68
2455 68
2455 67
2455 67
2455 68
2460 65
2460 65
2460 65
2460 65
2460 65
2460 65
2460 65
2460 65
2460 65
2460 66
2460 65
2460 66
2460 65
2460 65
2460 65
2460 65
2460 65
2460 65
2460 65
2460 65
2460 66
2460 65
2460 65
2460 63
2460 65
2460 65
2460 65
2460 65
2460 65
2460 65
2460 65
2460 65
2460 65
2460 65
2460 65
2460 65
2460 65
2460 65
2460 65
2460 65
2460 65
2460 65
2460 65
2460 66
2460 65
2460 66
2460 65
2460 65
2460 65
2460 65
2460 64
2460 66
2460 65
2460 65
2460 65
2460 65
2460 65
2460 65
2460 65
2460 64
2460 65
2460 65
2460 66
2460 65
2460 65
2460 65
2460 65
2460 65
2460 63
2460 65
2460 65
2460 65
2460 65
2460 66
2460 65
2460 65
2460 65
2460 65
2460 65
2460 65
2460 65
2460 65
2460 65
2460 65
2460 65
2460 65
2460 65
2460 65
2460 66
2460 65
2460 65
2460 65
2460 65
2460 66
2460 66
2460 65
2460 65
2460 66
2460 65
2460 65
2465 63
2465 63
2465 62
2465 62
2465 62
2465 63
2465 62
2465 62
2465 60
2465 62
2465 62
2465 62
2465 63
2465 62
2465 63
2465 62
2465 62
2465 63
2465 63
2465 62
2465 63
2465 62
2465 62
2465 63
2465 62
2465 63
2465 62
2465 62
2465 63
2465 62
2465 62
2465 62
2465 62
2465 63
2465 62
2465 62
2465 62
2465 63
2465 63
2465 63
2465 62
2465 62
2465 63
2465 62
2465 62
2465 63
2465 63
2465 62
2465 63
2465 62
2465 63
2465 62
2465 62
2465 62
2465 63
2465 63
2465 62
2465 62
2465 62
2465 63
2465 62
2465 63
2465 62
2465 62
2465 62
2465 62
2465 62
2465 63
2465 62
2465 63
2465 62
2465 62
2465 63
2465 62
2465 63
2465 62
2465 62
2465 62
2465 62
2465 63
2465 63
2465 62
2465 62
2465 63
2465 63
2465 62
2465 62
2465 62
2465 62
2465 62
2465 62
2465 62
2465 62
2465 62
2465 63
2465 62
2465 62
2465 63
2465 63
2465 63
2470 60
2470 60
2470 61
2470 61
2470 60
2470 60
2470 60
2470 60
2470 60
2470 60
2470 60
2470 60
2470 60
2470 60
2470 60
2470 60
2470 60
2470 60
2470 60
2470 60
2470 60
2470 60
2470 61
2470 61
2470 60
2470 60
2470 60
2470 61
2470 61
2470 61
2470 60
2470 60
2470 60
2470 60
2470 60
2470 60
2470 60
2470 61
2470 61
2470 60
2470 60
2470 60
2470 60
2470 60
2470 61
2470 60
2470 60
2470 61
2470 60
2470 61
2470 61
2470 61
2470 61
2470 60
2470 60
2470 60
2470 60
2470 61
2470 60
2470 60
2470 60
2470 61
2470 61
2470 60
2470 60
2470 60
2470 60
2470 60
2470 60
2470 61
2470 61
2470 60
2470 60
2470 60
2470 61
2470 60
2470 61
2470 60
2470 60
2470 61
2470 60
2470 59
2470 61
2470 61
2470 61
2470 60
2470 60
2470 61
2470 61
2470 60
2470 60
2470 60
2470 60
2470 60
2470 60
2470 60
2470 61
2470 60
2470 61
2475 58
2475 58
2475 59
2475 58
2475 58
2475 58
2475 58
2475 58
2475 58
2475 58
2475 58
2475 58
2475 59
2475 58
2475 59
2475 58
2475 58
2475 59
2475 59
2475 58
2475 59
2475 59
2475 59
2475 58
2475 58
2475 58
2475 58
2475 58
2475 58
2475 59
2475 58
2475 59
2475 58
2475 58
2475 58
2475 58
2475 58
2475 59
2475 59
2475 58
2475 58
2475 59
2475 58
2475 58
2475 58
2475 58
2475 58
2475 59
2475 58
2475 58
2475 59
2475 58
2475 58
2475 59
2475 58
2475 59
2475 58
2475 59
2475 59
2475 59
2475 59
2475 59
2475 58
2475 58
2475 59
2475 58
2475 58
2475 59
2475 58
2475 59
2475 59
2475 58
2475 58
2475 59
2475 59
2475 58
2475 59
2475 58
2475 58
2475 58
2475 58
2475 59
2475 58
2475 58
2475 58
2475 59
2475 58
2475 58
2475 58
2475 58
2475 59
2475 59
2475 58
2475 59
2475 59
2475 58
2475 59
2475 58
2475 58
2475 58
2480 56
2480 56
2480 56
2480 56
2480 56
2480 56
2480 56
2480 57
2480 56
2480 56
2480 56
2480 56
2480 56
2480 56
2480 56
2480 56
2480 56
2480 56
2480 55
2480 56
2480 56
2480 56
2480 56
2480 56
2480 56
2480 56
2480 56
2480 57
2480 56
2480 57
2480 56
2480 56
2480 56
2480 57
2480 56
2480 56
2480 56
2480 56
2480 56
2480 56
2480 56
2480 56
2480 56
2480 56
2480 57
2480 56
2480 56
2480 56
2480 56
2480 56
2480 56
2480 56
2480 56
2480 56
2480 56
2480 56
2480 56
2480 56
2480 56
2480 56
2480 56
2480 56
2480 56
2480 56
2480 56
2480 57
2480 56
2480 57
2480 56
2480 56
2480 56
2480 56
2480 56
2480 57
2480 56
2480 55
2480 56
2480 56
2480 56
2480 56
2480 56
2480 56
2480 56
2480 56
2480 56
2480 57
2480 56
2480 56
2480 56
2480 56
2480 56
2480 56
2480 56
2480 56
2480 56
2480 56
2480 56
2480 56
2480 56
2485 54
2485 54
2485 54
2485 54
2485 53
2485 54
2485 54
2485 54
2485 53
2485 54
2485 53
2485 54
2485 54
2485 54
2485 54
2485 54
2485 54
2485 54
2485 54
2485 54
2485 54
2485 54
2485 53
2485 54
2485 54
2485 54
2485 54
2485 54
2485 54
2485 53
2485 54
2485 54
2485 54
2485 53
2485 53
2485 54
2485 54
2485 53
2485 54
2485 54
2485 54
2485 53
2485 53
2485 54
2485 54
2485 54
2485 54
2485 54
2485 54
2485 54
2485 54
2485 54
2485 54
2485 54
2485 54
2485 53
2485 54
2485 54
2485 54
2485 53
2485 54
2485 54
2485 54
2485 54
2485 54
2485 53
2485 53
2485 54
2485 53
2485 54
2485 54
2485 54
2485 54
2485 54
2485 54
2485 54
2485 54
2485 54
2485 54
2485 54
2485 54
2485 53
2485 53
2485 54
2485 54
2485 54
2485 54
2485 54
2485 54
2485 54
2485 54
2485 54
2485 54
2485 53
2485 54
2485 54
2485 53
2485 54
2485 53
2485 54
2490 52
2490 52
2490 51
2490 52
2490 52
2490 52
2490 52
2490 53
2490 52
2490 53
2490 52
2490 53
2490 52
2490 51
2490 53
2490 53
2490 52
2490 52
2490 52
2490 52
2490 52
2490 53
2490 53
2490 53
2490 53
2490 52
2490 52
2490 53
2490 53
2490 52
2490 52
2490 52
2490 52
2490 52
2490 52
2490 53
2490 53
2490 52
2490 52
2490 52
2490 52
2490 52
2490 52
2490 52
2490 52
2490 52
2490 53
2490 52
2490 53
2490 52
2490 52
2490 53
2490 52
2490 52
2490 52
2490 52
2490 52
2490 52
2490 53
2490 52
2490 51
2490 53
2490 53
2490 52
2490 53
2490 52
2490 52
2490 52
2490 52
2490 52
2490 52
2490 53
2490 53
2490 52
2490 53
2490 52
2490 53
2490 52
2490 52
2490 51
2490 52
2490 53
2490 53
2490 53
2490 52
2490 52
2490 52
2490 53
2490 52
2490 52
2490 53
2490 53
2490 53
2490 52
2490 53
2490 51
2490 52
2490 52
2490 52
2490 52
2495 51
2495 50
2495 50
2495 50
2495 50
2495 50
2495 50
2495 50
2495 50
2495 51
2495 50
2495 50
2495 50
2495 50
2495 50
2495 50
2495 50
2495 51
2495 50
2495 50
2495 50
2495 51
2495 51
2495 50
2495 51
2495 50
2495 50
2495 51
2495 51
2495 50
2495 50
2495 51
2495 50
2495 50
2495 51
2495 50
2495 51
2495 50
2495 50
2495 50
2495 50
2495 50
2495 51
2495 50
2495 50
2495 50
2495 51
2495 51
2495 51
2495 50
2495 50
2495 50
2495 50
2495 51
2495 50
2495 51
2495 50
2495 50
2495 50
2495 50
2495 50
2495 50
2495 50
2495 49
2495 50
2495 50
2495 50
2495 51
2495 50
2495 50
2495 51
2495 50
2495 50
2495 50
2495 50
2495 51
2495 50
2495 50
2495 50
2495 51
2495 50
2495 50
2495 50
2495 50
2495 51
2495 49
2495 50
2495 50
2495 51
2495 50
2495 50
2495 51
2495 51
2495 50
2495 50
2495 50
2495 51
2495 50
2495 50
2495 50
2500 47
2500 47
2500 48
2500 48
2500 48
2500 47
2500 48
2500 48
2500 48
2500 48
2500 48
2500 48
2500 47
2500 48
2500 48
2500 47
2500 48
2500 47
2500 46
2500 48
2500 47
2500 48
2500 48
2500 48
2500 47
2500 48
2500 48
2500 48
2500 48
2500 48
2500 48
2500 48
2500 47
2500 48
2500 48
2500 48
2500 48
2500 48
2500 48
2500 48
2500 47
2500 48
2500 48
2500 48
2500 48
2500 48
2500 47
2500 48
2500 47
2500 48
2500 48
2500 47
2500 48
2500 47
2500 48
2500 47
2500 47
2500 48
2500 48
2500 48
2500 48
2500 48
2500 47
2500 48
2500 48
2500 47
2500 48
2500 48
2500 47
2500 48
2500 48
2500 48
2500 48
2500 48
2500 48
2500 47
2500 48
2500 48
2500 48
2500 48
2500 48
2500 48
2500 48
2500 48
2500 48
2500 47
2500 48
2500 48
2500 48
2500 47
2500 48
2500 47
2500 48
2500 48
2500 47
2500 48
2500 47
2500 47
2500 48
2500 48
2505 46
2505 46
2505 46
2505 46
2505 46
2505 45
2505 46
2505 46
2505 45
2505 45
2505 45
2505 46
2505 46
2505 45
2505 46
2505 45
2505 45
2505 46
2505 46
2505 45
2505 46
2505 45
2505 46
2505 46
2505 46
2505 45
2505 45
2505 46
2505 45
2505 45
2505 46
2505 45
2505 45
2505 46
2505 46
2505 46
2505 46
2505 46
2505 45
2505 46
2505 45
2505 45
2505 45
2505 45
2505 46
2505 45
2505 45
2505 46
2505 45
2505 46
2505 46
2505 46
2505 46
2505 46
2505 46
2505 45
2505 46
2505 45
2505 45
2505 45
2505 45
2505 45
2505 45
2505 45
2505 45
2505 45
2505 46
2505 45
2505 45
2505 46
2505 46
2505 45
2505 46
2505 45
2505 45
2505 46
2505 46
2505 46
2505 46
2505 46
2505 46
2505 45
2505 46
2505 45
2505 46
2505 46
2505 45
2505 46
2505 46
2505 46
2505 45
2505 45
2505 46
2505 46
2505 46
2505 46
2505 46
2505 46
2505 46
2505 45
2510 43
2510 44
2510 43
2510 43
2510 44
2510 43
2510 43
2510 44
2510 44
2510 44
2510 44
2510 44
2510 43
2510 44
2510 43
2510 43
2510 44
2510 44
2510 44
2510 43
2510 42
2510 43
2510 43
2510 43
2510 43
2510 44
2510 43
2510 44
2510 43
2510 44
2510 43
2510 44
2510 43
2510 43
2510 43
2510 43
2510 44
2510 44
2510 43
2510 43
2510 44
2510 43
2510 44
2510 43
2510 43
2510 43
2510 44
2510 44
2510 44
2510 44
2510 43
2510 43
2510 43
2510 44
2510 45
2510 44
2510 43
2510 44
2510 44
2510 43
2510 43
2510 44
2510 43
2510 43
2510 44
2510 43
2510 43
2510 43
2510 43
2510 44
2510 43
2510 43
2510 43
2510 44
2510 43
2510 43
2510 43
2510 43
2510 43
2510 43
2510 44
2510 43
2510 43
2510 43
2510 43
2510 44
2510 44
2510 44
2510 44
2510 44
2510 44
2510 43
2510 43
2510 43
2510 44
2510 43
2510 43
2510 43
2510 44
2510 43
2515 42
2515 41
2515 41
2515 41
2515 41
2515 41
2515 42
2515 41
2515 42
2515 41
2515 43
2515 41
2515 41
2515 41
2515 41
2515 41
2515 42
2515 42
2515 41
2515 41
2515 42
2515 41
2515 41
2515 41
2515 42
2515 41
2515 41
2515 41
2515 42
2515 41
2515 41
2515 42
2515 41
2515 41
2515 42
2515 41
2515 42
2515 40
2515 41
2515 42
2515 42
2515 42
2515 42
2515 42
2515 41
2515 41
2515 41
2515 41
2515 41
2515 41
2515 41
2515 41
2515 41
2515 41
2515 40
2515 42
2515 40
2515 41
2515 41
2515 41
2515 41
2515 40
2515 41
2515 41
2515 40
2515 41
2515 41
2515 41
2515 41
2515 41
2515 42
2515 41
2515 41
2515 41
2515 42
2515 41
2515 41
2515 42
2515 41
2515 41
2515 42
2515 41
2515 41
2515 41
2515 41
2515 41
2515 42
2515 41
2515 41
2515 42
2515 41
2515 42
2515 41
2515 41
2515 41
2515 41
2515 41
2515 41
2515 41
2515 41
2520 39
2520 39
2520 39
2520 39
2520 39
2520 38
2520 39
2520 39
2520 39
2520 39
2520 39
2520 39
2520 38
2520 39
2520 39
2520 39
2520 39
2520 39
2520 39
2520 39
2520 39
2520 38
2520 39
2520 39
2520 39
2520 39
2520 39
2520 39
2520 39
2520 38
2520 38
2520 39
2520 39
2520 38
2520 39
2520 38
2520 39
2520 39
2520 39
2520 39
2520 39
2520 39
2520 38
2520 39
2520 39
2520 39
2520 39
2520 39
2520 39
2520 39
2520 39
2520 39
2520 39
2520 39
2520 38
2520 38
2520 39
2520 39
2520 39
2520 39
2520 39
2520 39
2520 39
2520 39
2520 39
2520 39
2520 39
2520 39
2520 39
2520 39
2520 38
2520 39
2520 39
2520 38
2520 39
2520 39
2520 38
2520 38
2520 39
2520 38
2520 38
2520 39
2520 39
2520 39
2520 39
2520 38
2520 39
2520 38
2520 39
2520 39
2520 39
2520 39
2520 39
2520 39
2520 38
2520 39
2520 39
2520 39
2520 39
2525 36
2525 37
2525 37
2525 37
2525 36
2525 37
2525 37
2525 37
2525 36
2525 37
2525 37
2525 37
2525 37
2525 37
2525 36
2525 37
2525 37
2525 36
2525 37
2525 37
2525 36
2525 37
2525 37
2525 37
2525 37
2525 36
2525 37
2525 36
2525 37
2525 37
2525 36
2525 37
2525 37
2525 36
2525 36
2525 37
2525 37
2525 37
2525 37
2525 37
2525 37
2525 37
2525 37
2525 36
2525 37
2525 37
2525 37
2525 37
2525 37
2525 36
2525 37
2525 37
2525 37
2525 37
2525 37
2525 37
2525 37
2525 36
2525 37
2525 37
2525 37
2525 37
2525 37
2525 37
2525 37
2525 37
2525 37
2525 36
2525 37
2525 37
2525 36
2525 37
2525 36
2525 37
2525 36
2525 37
2525 37
2525 37
2525 36
2525 36
2525 37
2525 38
2525 37
2525 37
2525 36
2525 37
2525 36
2525 37
2525 37
2525 37
2525 37
2525 37
2525 37
2525 37
2525 37
2525 37
2525 37
2525 37
2525 37
2530 35
2530 35
2530 35
2530 35
2530 35
2530 35
2530 35
2530 35
2530 35
2530 35
2530 35
2530 35
2530 35
2530 35
2530 35
2530 35
2530 35
2530 35
2530 35
2530 35
2530 35
2530 35
2530 35
2530 35
2530 34
2530 35
2530 35
2530 35
2530 35
2530 35
2530 35
2530 35
2530 35
2530 35
2530 35
2530 35
2530 35
2530 35
2530 35
2530 35
2530 35
2530 35
2530 35
2530 35
2530 35
2530 36
2530 35
2530 35
2530 35
2530 35
2530 35
2530 36
2530 35
2530 35
2530 35
2530 35
2530 35
2530 35
2530 35
2530 35
2530 35
2530 35
2530 35
2530 35
2530 35
2530 35
2530 34
2530 35
2530 34
2530 36
2530 36
2530 35
2530 35
2530 35
2530 35
2530 35
2530 35
2530 35
2530 35
2530 35
2530 35
2530 35
2530 35
2530 35
2530 35
2530 35
2530 35
2530 35
2530 35
2530 35
2530 35
2530 35
2530 35
2530 35
2530 35
2530 35
2530 35
2530 35
2530 35
2530 35
2535 33
2535 34
2535 33
2535 34
2535 34
2535 34
2535 33
2535 34
2535 33
2535 34
2535 33
2535 34
2535 34
2535 33
2535 34
2535 34
2535 34
2535 34
2535 34
2535 33
2535 34
2535 34
2535 34
2535 34
2535 33
2535 34
2535 34
2535 34
2535 34
2535 33
2535 34
2535 33
2535 34
2535 34
2535 33
2535 34
2535 33
2535 33
2535 34
2535 34
2535 34
2535 33
2535 34
2535 34
2535 33
2535 33
2535 34
2535 34
2535 33
2535 33
2535 34
2535 34
2535 34
2535 34
2535 33
2535 33
2535 33
2535 33
2535 33
2535 34
2535 34
2535 34
2535 33
2535 34
2535 33
2535 33
2535 34
2535 34
2535 33
2535 33
2535 33
2535 34
2535 34
2535 33
2535 33
2535 33
2535 34
2535 34
2535 34
2535 33
2535 34
2535 34
2535 34
2535 34
2535 34
2535 34
2535 33
2535 34
2535 33
2535 33
2535 34
2535 34
2535 34
2535 33
2535 33
2535 34
2535 33
2535 33
2535 33
2535 34
2540 30
2540 30
2540 30
2540 30
2540 30
2540 31
2540 30
2540 30
2540 30
2540 30
2540 31
2540 30
2540 31
2540 30
2540 30
2540 30
2540 30
2540 30
2540 31
2540 31
2540 30
2540 30
2540 30
2540 30
2540 29
2540 30
2540 30
2540 30
2540 30
2540 30
2540 30
2540 31
2540 30
2540 30
2540 31
2540 30
2540 29
2540 30
2540 30
2540 30
2540 30
2540 31
2540 31
2540 30
2540 30
2540 30
2540 29
2540 31
2540 31
2540 30
2540 30
2540 30
2540 30
2540 30
2540 30
2540 31
2540 30
2540 30
2540 30
2540 31
2540 30
2540 31
2540 31
2540 30
2540 30
2540 31
2540 30
2540 30
2540 30
2540 30
2540 30
2540 30
2540 30
2540 30
2540 30
2540 31
2540 30
2540 30
2540 30
2540 30
2540 31
2540 30
2540 30
2540 30
2540 31
2540 30
2540 30
2540 30
2540 30
2540 30
2540 30
2540 30
2540 31
2540 30
2540 30
2540 30
2540 30
2540 30
2540 30
2540 30
2545 28
2545 28
2545 28
2545 28
2545 28
2545 28
2545 28
2545 28
2545 28
2545 28
2545 28
2545 28
2545 28
2545 28
2545 28
2545 28
2545 28
2545 28
2545 28
2545 29
2545 28
2545 28
2545 28
2545 27
2545 28
2545 28
2545 28
2545 28
2545 28
2545 28
2545 28
2545 28
2545 27
2545 29
2545 28
2545 28
2545 28
2545 28
2545 28
2545 28
2545 28
2545 28
2545 28
2545 28
2545 28
2545 28
2545 28
2545 28
2545 28
2545 28
2545 28
2545 28
2545 28
2545 28
2545 28
2545 28
2545 28
2545 28
2545 27
2545 28
2545 28
2545 27
2545 28
2545 28
2545 28
2545 28
2545 28
2545 28
2545 28
2545 28
2545 28
2545 28
2545 28
2545 28
2545 28
2545 28
2545 28
2545 28
2545 28
2545 28
2545 28
2545 29
2545 27
2545 28
2545 28
2545 28
2545 28
2545 27
2545 28
2545 28
2545 28
2545 28
2545 28
2545 28
2545 28
2545 28
2545 28
2545 28
2545 28
2545 28
2550 26
2550 27
2550 26
2550 26
2550 26
2550 26
2550 26
2550 26
2550 26
2550 26
2550 26
2550 26
2550 26
2550 26
2550 26
2550 26
2550 26
2550 26
2550 26
2550 26
2550 26
2550 26
2550 26
2550 26
2550 26
2550 26
2550 26
2550 27
2550 26
2550 26
2550 26
2550 26
2550 26
2550 27
2550 26
2550 26
2550 26
2550 26
2550 26
2550 26
2550 26
2550 26
2550 26
2550 26
2550 26
2550 26
2550 26
2550 26
2550 26
2550 26
2550 26
2550 27
2550 26
2550 26
2550 26
2550 26
2550 26
2550 27
2550 26
2550 26
2550 26
2550 26
2550 26
2550 26
2550 26
2550 26
2550 27
2550 26
2550 26
2550 26
2550 26
2550 26
2550 26
2550 26
2550 26
2550 26
2550 26
2550 26
2550 26
2550 27
2550 27
2550 26
2550 26
2550 26
2550 27
2550 26
2550 26
2550 26
2550 26
2550 26
2550 26
2550 26
2550 27
2550 26
2550 26
2550 26
2550 26
2550 26
2550 26
2550 26
2555 24
2555 24
2555 24
2555 24
2555 24
2555 24
2555 24
2555 24
2555 25
2555 25
2555 24
2555 24
2555 25
2555 25
2555 25
2555 25
2555 25
2555 25
2555 25
2555 25
2555 24
2555 25
2555 24
2555 26
2555 24
2555 24
2555 25
2555 24
2555 24
2555 25
2555 24
2555 25
2555 25
2555 25
2555 24
2555 24
2555 24
2555 24
2555 25
2555 24
2555 24
2555 25
2555 25
2555 24
2555 25
2555 24
2555 24
2555 25
2555 25
2555 25
2555 24
2555 25
2555 24
2555 24
2555 24
2555 24
2555 25
2555 24
2555 24
2555 24
2555 24
2555 24
2555 25
2555 25
2555 24
2555 24
2555 25
2555 24
2555 25
2555 25
2555 25
2555 24
2555 24
2555 25
2555 25
2555 25
2555 25
2555 24
2555 25
2555 24
2555 25
2555 25
2555 25
2555 25
2555 25
2555 24
2555 25
2555 24
2555 25
2555 24
2555 24
2555 25
2555 25
2555 24
2555 24
2555 24
2555 24
2555 24
2555 25
2555 24
2560 22
2560 22
2560 22
2560 22
2560 22
2560 23
2560 22
2560 22
2560 22
2560 22
2560 22
2560 22
2560 22
2560 22
2560 22
2560 22
2560 23
2560 23
2560 22
2560 22
2560 22
2560 23
2560 23
2560 22
2560 23
2560 23
2560 22
2560 22
2560 22
2560 22
2560 22
2560 22
2560 22
2560 22
2560 23
2560 22
2560 22
2560 22
2560 22
2560 22
2560 22
2560 23
2560 22
2560 22
2560 22
2560 22
2560 23
2560 22
2560 22
2560 22
2560 23
2560 22
2560 22
2560 22
2560 22
2560 23
2560 23
2560 22
2560 23
2560 22
2560 23
2560 22
2560 23
2560 22
2560 22
2560 22
2560 22
2560 23
2560 22
2560 22
2560 22
2560 22
2560 24
2560 22
2560 22
2560 23
2560 22
2560 23
2560 22
2560 22
2560 23
2560 22
2560 22
2560 22
2560 22
2560 22
2560 22
2560 22
2560 23
2560 22
2560 22
2560 22
2560 23
2560 23
2560 23
2560 22
2560 22
2560 22
2560 23
2560 22
2565 21
2565 21
2565 20
2565 21
2565 21
2565 20
2565 21
2565 21
2565 20
2565 20
2565 21
2565 21
2565 21
2565 21
2565 20
2565 21
2565 21
2565 20
2565 21
2565 20
2565 21
2565 20
2565 20
2565 21
2565 21
2565 20
2565 21
2565 20
2565 21
2565 21
2565 21
2565 21
2565 21
2565 21
2565 21
2565 21
2565 21
2565 20
2565 21
2565 20
2565 21
2565 20
2565 20
2565 20
2565 21
2565 20
2565 21
2565 20
2565 21
2565 20
2565 21
2565 20
2565 21
2565 21
2565 20
2565 20
2565 20
2565 21
2565 21
2565 21
2565 21
2565 21
2565 21
2565 20
2565 21
2565 21
2565 21
2565 21
2565 20
2565 21
2565 21
2565 20
2565 20
2565 21
2565 21
2565 20
2565 20
2565 20
2565 21
2565 20
2565 20
2565 20
2565 21
2565 20
2565 20
2565 21
2565 21
2565 20
2565 21
2565 21
2565 21
2565 20
2565 20
2565 21
2565 21
2565 21
2565 21
2565 21
2565 21
2565 21
2570 19
2570 19
2570 19
2570 19
2570 19
2570 19
2570 19
2570 19
2570 19
2570 18
2570 19
2570 19
2570 19
2570 19
2570 19
2570 19
2570 19
2570 19
2570 19
2570 19
2570 19
2570 19
2570 19
2570 18
2570 19
2570 19
2570 19
2570 19
2570 19
2570 19
2570 19
2570 19
2570 19
2570 19
2570 19
2570 19
2570 18
2570 19
2570 19
2570 19
2570 18
2570 18
2570 19
2570 19
2570 18
2570 19
2570 19
2570 19
2570 19
2570 19
2570 19
2570 19
2570 19
2570 19
2570 19
2570 19
2570 19
2570 19
2570 19
2570 19
2570 19
2570 19
2570 19
2570 19
2570 19
2570 20
2570 19
2570 19
2570 19
2570 18
2570 19
2570 19
2570 19
2570 19
2570 19
2570 18
2570 19
2570 19
2570 19
2570 19
2570 19
2570 19
2570 18
2570 19
2570 18
2570 19
2570 18
2570 19
2570 19
2570 19
2570 19
2570 19
2570 19
2570 18
2570 19
2570 19
2570 19
2570 19
2570 19
2575 16
2575 17
2575 17
2575 16
2575 16
2575 16
2575 17
2575 16
2575 17
2575 17
2575 16
2575 17
2575 17
2575 16
2575 16
2575 17
2575 17
2575 16
2575 16
2575 17
2575 16
2575 17
2575 17
2575 16
2575 16
2575 17
2575 16
2575 16
2575 17
2575 17
2575 17
2575 17
2575 17
2575 16
2575 17
2575 17
2575 16
2575 16
2575 17
2575 16
2575 17
2575 17
2575 16
2575 16
2575 17
2575 17
2575 17
2575 17
2575 16
2575 17
2575 16
2575 17
2575 17
2575 17
2575 17
2575 16
2575 16
2575 16
2575 17
2575 17
2575 17
2575 17
2575 17
2575 17
2575 17
2575 16
2575 16
2575 17
2575 16
2575 16
2575 17
2575 17
2575 16
2575 16
2575 16
2575 16
2575 16
2575 16
2575 17
2575 16
2575 17
2575 17
2575 16
2575 17
2575 17
2575 17
2575 17
2575 17
2575 17
2575 17
2575 17
2575 17
2575 16
2575 16
2575 17
2575 17
2575 16
2575 17
2575 17
2580 14
2580 14
2580 14
2580 14
2580 13
2580 14
2580 14
2580 13
2580 14
2580 13
2580 14
2580 14
2580 14
2580 14
2580 14
2580 14
2580 14
2580 14
2580 14
2580 13
2580 14
2580 14
2580 14
2580 14
2580 14
2580 13
2580 14
2580 13
2580 14
2580 14
2580 14
2580 13
2580 14
2580 14
2580 14
2580 14
2580 13
2580 13
2580 14
2580 14
2580 13
2580 13
2580 13
2580 14
2580 14
2580 14
2580 14
2580 14
2580 13
2580 14
2580 14
2580 13
2580 14
2580 14
2580 14
2580 14
2580 14
2580 14
2580 13
2580 13
2580 13
2580 13
2580 14
2580 13
2580 14
2580 14
2580 14
2580 13
2580 14
2580 14
2580 13
2580 13
2580 14
2580 14
2580 13
2580 13
2580 14
2580 14
2580 14
2580 13
2580 13
2580 14
2580 13
2580 14
2580 14
2580 14
2580 14
2580 14
2580 13
2580 14
2580 13
2580 14
2580 13
2580 14
2580 14
2580 14
2580 14
2580 14
2580 14
2580 14
2585 12
2585 11
2585 12
2585 12
2585 11
2585 12
2585 11
2585 12
2585 11
2585 11
2585 11
2585 12
2585 12
2585 11
2585 11
2585 12
2585 11
2585 11
2585 11
2585 11
2585 12
2585 12
2585 12
2585 12
2585 12
2585 12
2585 12
2585 12
2585 11
2585 11
2585 12
2585 12
2585 12
2585 12
2585 11
2585 12
2585 12
2585 12
2585 11
2585 11
2585 11
2585 11
2585 11
2585 12
2585 11
2585 11
2585 12
2585 12
2585 12
2585 12
2585 11
2585 11
2585 11
2585 11
2585 11
2585 12
2585 11
2585 11
2585 12
2585 11
2585 11
2585 11
2585 11
2585 11
2585 11
2585 12
2585 12
2585 12
2585 12
2585 12
2585 12
2585 11
2585 11
2585 11
2585 11
2585 11
2585 12
2585 12
2585 11
2585 12
2585 11
2585 11
2585 11
2585 11
2585 11
2585 11
2585 11
2585 12
2585 12
2585 12
2585 11
2585 11
2585 12
2585 12
2585 12
2585 11
2585 12
2585 11
2585 12
2585 11
2590 9
2590 10
2590 10
2590 9
2590 9
2590 10
2590 9
2590 9
2590 10
2590 9
2590 10
2590 10
2590 9
2590 9
2590 10
2590 9
2590 10
2590 10
2590 10
2590 9
2590 10
2590 10
2590 10
2590 10
2590 9
2590 9
2590 10
2590 10
2590 10
2590 10
2590 9
2590 10
2590 10
2590 10
2590 9
2590 9
2590 9
2590 10
2590 9
2590 10
2590 10
2590 9
2590 10
2590 9
2590 9
2590 10
2590 9
2590 9
2590 10
2590 9
2590 10
2590 10
2590 10
2590 11
2590 9
2590 9
2590 11
2590 10
2590 9
2590 9
2590 10
2590 10
2590 10
2590 9
2590 10
2590 10
2590 10
2590 10
2590 10
2590 10
2590 10
2590 10
2590 9
2590 10
2590 10
2590 9
2590 9
2590 10
2590 9
2590 10
2590 9
2590 9
2590 10
2590 9
2590 10
2590 10
2590 9
2590 9
2590 10
2590 9
2590 9
2590 10
2590 10
2590 9
2590 9
2590 11
2590 10
2590 9
2590 10
2590 10
2595 8
2595 7
2595 7
2595 8
2595 8
2595 8
2595 7
2595 8
2595 7
2595 8
2595 7
2595 8
2595 7
2595 7
2595 7
2595 8
2595 8
2595 7
2595 7
2595 7
2595 7
2595 7
2595 7
2595 7
2595 7
2595 7
2595 7
2595 8
2595 8
2595 8
2595 7
2595 8
2595 7
2595 7
2595 7
2595 8
2595 7
2595 7
2595 7
2595 8
2595 7
2595 7
2595 8
2595 8
2595 8
2595 7
2595 7
2595 7
2595 7
2595 7
2595 7
2595 7
2595 7
2595 8
2595 8
2595 7
2595 8
2595 7
2595 8
2595 7
2595 7
2595 7
2595 7
2595 7
2595 7
2595 8
2595 7
2595 7
2595 7
2595 7
2595 8
2595 7
2595 7
2595 7
2595 7
2595 7
2595 7
2595 7
2595 7
2595 8
2595 7
2595 7
2595 7
2595 7
2595 7
2595 7
2595 7
2595 7
2595 7
2595 8
2595 7
2595 7
2595 7
2595 7
2595 8
2595 8
2595 7
2595 8
2595 7
2595 7
2600 5
2600 5
2600 5
2600 5
2600 5
2600 5
2600 5
2600 5
2600 4
2600 5
2600 5
2600 5
2600 5
2600 5
2600 5
2600 5
2600 5
2600 5
2600 5
2600 5
2600 4
2600 5
2600 5
2600 4
2600 5
2600 4
2600 5
2600 5
2600 4
2600 5
2600 5
2600 5
2600 5
2600 5
2600 5
2600 5
2600 5
2600 5
2600 5
2600 4
2600 4
2600 5
2600 5
2600 6
2600 5
2600 5
2600 4
2600 5
2600 5
2600 5
2600 4
2600 4
2600 4
2600 5
2600 5
2600 5
2600 5
2600 5
2600 5
2600 4
2600 5
2600 4
2600 5
2600 5
2600 5
2600 5
2600 6
2600 5
2600 4
2600 5
2600 5
2600 5
2600 5
2600 5
2600 5
2600 5
2600 5
2600 5
2600 5
2600 5
2600 4
2600 5
2600 5
2600 5
2600 5
2600 5
2600 5
2600 5
2600 5
2600 5
2600 5
2600 5
2600 4
2600 5
2600 5
2600 4
2600 4
2600 5
2600 5
2600 4
2605 4
2605 6
2605 4
2605 4
2605 8
2605 4
