TOA measurement vs Delay ---- Mon Jun 15 01:27:36 2020
Pixel = 2
config file = config/asic_config_B4.yml
NofIterations = 100
LSBest = 24.670898257707027
mean value = [  0.           0.           0.           0.           0.
   0.           0.           0.           0.           0.
   0.           0.           0.           0.           0.
   0.           0.           0.           0.           0.
   0.           0.         125.17       123.99       121.44444444
 119.31       117.82       116.         113.14141414 111.25
 109.71       107.34       104.97       102.83       101.97959184
  99.38        97.11        95.53535354  93.43        92.06
  89.96        87.84848485  86.44        84.23232323  81.77
  79.92        78.22        76.          73.67        71.87755102
  70.04        68.          65.63        64.07        62.37
  60.58        58.          56.06        54.94        52.94
  50.96        48.99        47.19191919  45.3         42.88
  40.95        39.01010101  37.86868687  34.4040404   33.04040404
  31.67        29.43        28.05        26.          24.48
  22.98989899  20.24        18.67676768  17.01        15.02020202
  12.12        10.76         8.98979592   6.96         4.57
   2.3814433    0.           0.           0.           0.
   0.           0.           0.           0.           0.
   0.           0.           0.           0.           0.        ]
sigma = [0.         0.         0.         0.         0.         0.
 0.         0.         0.         0.         0.         0.
 0.         0.         0.         0.         0.         0.
 0.         0.         0.         0.         0.47374395 0.36501142
 0.70132951 0.5451911  0.53938236 0.28867513 0.45249256 0.5204165
 0.57378858 0.55473718 0.36391391 0.51423082 0.32144207 0.61557561
 0.42571508 0.57626683 0.59028242 0.37380922 0.34890304 0.46031689
 0.59138256 0.5115491  0.51032669 0.5449159  0.50490923 0.3217691
 0.58688443 0.61193303 0.34890304 0.53418493 0.56252407 0.4104063
 0.62962952 0.57178084 0.28867513 0.37380922 0.37380922 0.48962571
 0.76271445 0.30534134 0.48828224 0.67330033 0.43466462 0.36170891
 0.44084285 0.44430094 0.56931985 0.37723588 0.55175478 0.59028242
 0.36170891 0.28867513 0.6579767  0.30550338 0.51549329 0.76479723
 0.33650161 0.40463971 0.43466462 0.51549329 0.3056686  0.42630193
 0.79273787 0.64990032 0.         0.         0.         0.
 0.         0.         0.         0.         0.         0.
 0.         0.         0.         0.        ]
Pulse delay   TOA 
2200 126
2265 15
2270 13
2275 12
2310 125
2310 126
2310 126
2310 125
2310 126
2310 125
2310 125
2310 126
2310 125
2310 126
2310 125
2310 125
2310 125
2310 126
2310 125
2310 125
2310 125
2310 126
2310 125
2310 125
2310 125
2310 125
2310 125
2310 125
2310 125
2310 125
2310 125
2310 125
2310 125
2310 125
2310 125
2310 125
2310 125
2310 126
2310 125
2310 125
2310 125
2310 125
2310 125
2310 126
2310 125
2310 125
2310 125
2310 125
2310 125
2310 125
2310 125
2310 125
2310 125
2310 126
2310 125
2310 125
2310 125
2310 125
2310 125
2310 125
2310 126
2310 125
2310 125
2310 125
2310 125
2310 125
2310 125
2310 125
2310 125
2310 125
2310 126
2310 125
2310 125
2310 125
2310 125
2310 125
2310 125
2310 125
2310 125
2310 125
2310 126
2310 125
2310 125
2310 125
2310 125
2310 125
2310 126
2310 125
2310 125
2310 125
2310 125
2310 125
2310 125
2310 125
2310 126
2310 125
2310 125
2310 126
2310 125
2310 125
2310 126
2310 125
2310 125
2310 125
2315 124
2315 125
2315 124
2315 123
2315 124
2315 124
2315 124
2315 124
2315 124
2315 124
2315 124
2315 124
2315 123
2315 124
2315 124
2315 124
2315 124
2315 124
2315 124
2315 124
2315 124
2315 124
2315 124
2315 124
2315 124
2315 124
2315 124
2315 124
2315 124
2315 124
2315 124
2315 124
2315 124
2315 124
2315 124
2315 124
2315 123
2315 124
2315 124
2315 124
2315 124
2315 124
2315 124
2315 124
2315 124
2315 124
2315 124
2315 124
2315 125
2315 124
2315 124
2315 124
2315 124
2315 124
2315 124
2315 124
2315 124
2315 124
2315 124
2315 124
2315 124
2315 124
2315 124
2315 124
2315 124
2315 124
2315 124
2315 124
2315 124
2315 124
2315 124
2315 124
2315 124
2315 124
2315 124
2315 124
2315 124
2315 124
2315 124
2315 124
2315 124
2315 124
2315 124
2315 124
2315 124
2315 124
2315 124
2315 124
2315 124
2315 124
2315 124
2315 124
2315 124
2315 124
2315 124
2315 124
2315 124
2315 124
2315 124
2315 124
2320 122
2320 122
2320 121
2320 122
2320 121
2320 122
2320 122
2320 121
2320 122
2320 121
2320 122
2320 122
2320 122
2320 120
2320 122
2320 122
2320 122
2320 121
2320 121
2320 122
2320 122
2320 121
2320 121
2320 122
2320 122
2320 122
2320 121
2320 121
2320 122
2320 122
2320 121
2320 121
2320 122
2320 121
2320 120
2320 121
2320 122
2320 121
2320 121
2320 122
2320 121
2320 122
2320 121
2320 121
2320 121
2320 122
2320 120
2320 122
2320 122
2320 121
2320 120
2320 122
2320 121
2320 122
2320 121
2320 121
2320 121
2320 122
2320 121
2320 121
2320 122
2320 122
2320 120
2320 121
2320 121
2320 122
2320 122
2320 122
2320 121
2320 121
2320 122
2320 122
2320 122
2320 122
2320 120
2320 120
2320 122
2320 121
2320 122
2320 121
2320 122
2320 122
2320 121
2320 121
2320 122
2320 122
2320 122
2320 122
2320 122
2320 122
2320 121
2320 121
2320 122
2320 121
2320 122
2320 122
2320 120
2320 122
2320 121
2325 119
2325 119
2325 119
2325 120
2325 119
2325 119
2325 119
2325 119
2325 120
2325 119
2325 120
2325 119
2325 120
2325 119
2325 119
2325 119
2325 119
2325 120
2325 119
2325 119
2325 119
2325 119
2325 120
2325 119
2325 120
2325 119
2325 119
2325 119
2325 120
2325 119
2325 119
2325 119
2325 119
2325 120
2325 119
2325 120
2325 120
2325 119
2325 120
2325 119
2325 119
2325 119
2325 119
2325 119
2325 120
2325 120
2325 119
2325 119
2325 119
2325 120
2325 119
2325 119
2325 119
2325 119
2325 119
2325 120
2325 119
2325 120
2325 120
2325 119
2325 119
2325 119
2325 119
2325 119
2325 119
2325 120
2325 119
2325 119
2325 119
2325 119
2325 119
2325 120
2325 120
2325 120
2325 119
2325 119
2325 120
2325 119
2325 120
2325 120
2325 120
2325 119
2325 119
2325 120
2325 119
2325 119
2325 119
2325 120
2325 119
2325 119
2325 119
2325 119
2325 119
2325 120
2325 120
2325 119
2325 119
2325 120
2325 119
2325 119
2330 118
2330 118
2330 118
2330 118
2330 118
2330 118
2330 118
2330 117
2330 118
2330 118
2330 118
2330 118
2330 118
2330 118
2330 118
2330 118
2330 119
2330 117
2330 118
2330 118
2330 118
2330 118
2330 117
2330 118
2330 118
2330 118
2330 118
2330 118
2330 118
2330 117
2330 118
2330 118
2330 118
2330 118
2330 118
2330 118
2330 118
2330 118
2330 118
2330 118
2330 118
2330 118
2330 118
2330 118
2330 118
2330 117
2330 118
2330 117
2330 117
2330 117
2330 117
2330 118
2330 118
2330 117
2330 118
2330 118
2330 117
2330 118
2330 118
2330 118
2330 118
2330 117
2330 118
2330 118
2330 119
2330 118
2330 118
2330 118
2330 118
2330 118
2330 117
2330 118
2330 117
2330 117
2330 117
2330 118
2330 118
2330 118
2330 118
2330 117
2330 118
2330 118
2330 118
2330 118
2330 117
2330 118
2330 118
2330 117
2330 118
2330 117
2330 119
2330 118
2330 118
2330 118
2330 117
2330 118
2330 118
2330 118
2330 118
2330 118
2335 116
2335 116
2335 116
2335 116
2335 116
2335 116
2335 116
2335 116
2335 116
2335 116
2335 116
2335 116
2335 116
2335 116
2335 116
2335 116
2335 116
2335 116
2335 116
2335 116
2335 116
2335 116
2335 116
2335 116
2335 116
2335 116
2335 116
2335 116
2335 116
2335 116
2335 116
2335 116
2335 116
2335 116
2335 116
2335 116
2335 116
2335 116
2335 116
2335 116
2335 116
2335 116
2335 116
2335 116
2335 116
2335 116
2335 116
2335 116
2335 116
2335 116
2335 116
2335 116
2335 116
2335 116
2335 116
2335 116
2335 116
2335 116
2335 116
2335 116
2335 116
2335 116
2335 116
2335 116
2335 116
2335 116
2335 116
2335 116
2335 116
2335 116
2335 116
2335 116
2335 116
2335 116
2335 116
2335 116
2335 116
2335 116
2335 116
2335 116
2335 116
2335 116
2335 116
2335 116
2335 116
2335 116
2335 116
2335 116
2335 116
2335 116
2335 116
2335 116
2335 116
2335 116
2335 116
2335 116
2335 116
2335 116
2335 116
2335 116
2340 113
2340 113
2340 113
2340 113
2340 113
2340 113
2340 113
2340 113
2340 113
2340 113
2340 113
2340 113
2340 113
2340 113
2340 113
2340 113
2340 114
2340 113
2340 114
2340 114
2340 113
2340 113
2340 113
2340 113
2340 113
2340 113
2340 113
2340 113
2340 114
2340 114
2340 113
2340 113
2340 113
2340 113
2340 113
2340 113
2340 113
2340 113
2340 113
2340 113
2340 113
2340 113
2340 113
2340 114
2340 113
2340 114
2340 113
2340 114
2340 114
2340 113
2340 113
2340 113
2340 113
2340 113
2340 114
2340 113
2340 113
2340 113
2340 113
2340 114
2340 113
2340 113
2340 113
2340 113
2340 114
2340 113
2340 113
2340 113
2340 113
2340 113
2340 113
2340 113
2340 113
2340 113
2340 113
2340 113
2340 113
2340 113
2340 113
2340 113
2340 114
2340 113
2340 113
2340 113
2340 113
2340 113
2340 113
2340 113
2340 113
2340 113
2340 113
2340 113
2340 113
2340 113
2340 113
2340 113
2340 113
2340 114
2340 113
2345 111
2345 111
2345 111
2345 111
2345 111
2345 111
2345 111
2345 112
2345 111
2345 111
2345 111
2345 111
2345 111
2345 112
2345 111
2345 112
2345 112
2345 111
2345 111
2345 111
2345 112
2345 111
2345 111
2345 111
2345 111
2345 111
2345 111
2345 111
2345 111
2345 111
2345 111
2345 112
2345 112
2345 111
2345 112
2345 111
2345 111
2345 111
2345 112
2345 112
2345 111
2345 111
2345 112
2345 111
2345 112
2345 111
2345 111
2345 111
2345 112
2345 111
2345 111
2345 111
2345 111
2345 111
2345 112
2345 112
2345 111
2345 111
2345 112
2345 111
2345 111
2345 112
2345 111
2345 112
2345 111
2345 112
2345 111
2345 111
2345 111
2345 111
2345 111
2345 111
2345 111
2345 111
2345 111
2345 111
2345 111
2345 111
2345 111
2345 111
2345 111
2345 111
2345 112
2345 111
2345 111
2345 112
2345 111
2345 112
2345 111
2345 112
2345 111
2345 111
2345 111
2345 111
2345 112
2345 111
2345 112
2345 111
2345 111
2345 111
2350 110
2350 110
2350 110
2350 110
2350 110
2350 108
2350 110
2350 110
2350 109
2350 110
2350 110
2350 110
2350 110
2350 110
2350 110
2350 109
2350 110
2350 109
2350 110
2350 110
2350 110
2350 109
2350 110
2350 110
2350 110
2350 110
2350 110
2350 109
2350 109
2350 110
2350 110
2350 110
2350 109
2350 110
2350 110
2350 110
2350 110
2350 110
2350 110
2350 110
2350 110
2350 110
2350 110
2350 110
2350 110
2350 109
2350 109
2350 110
2350 110
2350 110
2350 109
2350 110
2350 110
2350 110
2350 110
2350 110
2350 110
2350 109
2350 108
2350 110
2350 110
2350 110
2350 110
2350 109
2350 110
2350 109
2350 109
2350 110
2350 109
2350 110
2350 110
2350 110
2350 110
2350 110
2350 109
2350 110
2350 110
2350 110
2350 110
2350 110
2350 110
2350 109
2350 110
2350 109
2350 109
2350 110
2350 109
2350 110
2350 110
2350 110
2350 110
2350 109
2350 109
2350 110
2350 110
2350 109
2350 110
2350 110
2350 109
2350 109
2355 107
2355 107
2355 108
2355 107
2355 107
2355 108
2355 107
2355 107
2355 108
2355 107
2355 107
2355 107
2355 108
2355 107
2355 107
2355 107
2355 107
2355 108
2355 108
2355 108
2355 107
2355 107
2355 108
2355 107
2355 108
2355 108
2355 107
2355 108
2355 107
2355 107
2355 108
2355 107
2355 107
2355 108
2355 107
2355 107
2355 107
2355 108
2355 107
2355 108
2355 107
2355 108
2355 107
2355 107
2355 108
2355 107
2355 107
2355 108
2355 107
2355 107
2355 108
2355 107
2355 107
2355 107
2355 107
2355 107
2355 107
2355 108
2355 108
2355 107
2355 108
2355 107
2355 107
2355 107
2355 108
2355 107
2355 107
2355 108
2355 107
2355 107
2355 108
2355 108
2355 108
2355 108
2355 108
2355 108
2355 107
2355 108
2355 107
2355 107
2355 107
2355 107
2355 107
2355 107
2355 107
2355 107
2355 107
2355 108
2355 107
2355 107
2355 107
2355 107
2355 107
2355 107
2355 108
2355 107
2355 107
2355 108
2355 107
2355 107
2360 105
2360 106
2360 105
2360 104
2360 105
2360 105
2360 105
2360 105
2360 105
2360 104
2360 105
2360 105
2360 105
2360 105
2360 105
2360 105
2360 104
2360 105
2360 105
2360 105
2360 105
2360 105
2360 105
2360 105
2360 105
2360 105
2360 105
2360 105
2360 105
2360 105
2360 105
2360 105
2360 105
2360 105
2360 105
2360 105
2360 105
2360 105
2360 105
2360 105
2360 105
2360 105
2360 105
2360 105
2360 105
2360 105
2360 105
2360 105
2360 105
2360 105
2360 105
2360 105
2360 105
2360 105
2360 105
2360 105
2360 105
2360 105
2360 105
2360 105
2360 105
2360 105
2360 105
2360 105
2360 105
2360 105
2360 105
2360 105
2360 105
2360 105
2360 105
2360 105
2360 105
2360 105
2360 105
2360 105
2360 105
2360 105
2360 105
2360 104
2360 105
2360 105
2360 105
2360 105
2360 105
2360 105
2360 105
2360 105
2360 105
2360 105
2360 105
2360 105
2360 105
2360 105
2360 105
2360 105
2360 105
2360 105
2360 105
2360 105
2365 103
2365 103
2365 104
2365 102
2365 104
2365 103
2365 103
2365 103
2365 103
2365 103
2365 103
2365 103
2365 103
2365 102
2365 103
2365 103
2365 103
2365 103
2365 102
2365 102
2365 103
2365 103
2365 103
2365 103
2365 102
2365 103
2365 103
2365 103
2365 102
2365 102
2365 102
2365 103
2365 103
2365 103
2365 103
2365 103
2365 103
2365 103
2365 103
2365 103
2365 103
2365 102
2365 103
2365 103
2365 103
2365 103
2365 103
2365 102
2365 103
2365 103
2365 102
2365 102
2365 103
2365 103
2365 103
2365 103
2365 103
2365 102
2365 103
2365 103
2365 103
2365 103
2365 103
2365 102
2365 102
2365 103
2365 103
2365 103
2365 103
2365 102
2365 103
2365 103
2365 103
2365 102
2365 103
2365 103
2365 103
2365 103
2365 103
2365 103
2365 103
2365 103
2365 103
2365 103
2365 103
2365 103
2365 103
2365 103
2365 102
2365 103
2365 103
2365 103
2365 102
2365 103
2365 103
2365 103
2365 103
2365 103
2365 103
2365 103
2370 102
2370 102
2370 102
2370 102
2370 102
2370 102
2370 102
2370 102
2370 101
2370 102
2370 102
2370 102
2370 102
2370 102
2370 102
2370 102
2370 102
2370 102
2370 102
2370 102
2370 102
2370 102
2370 102
2370 102
2370 102
2370 102
2370 102
2370 102
2370 102
2370 102
2370 102
2370 102
2370 102
2370 102
2370 102
2370 102
2370 102
2370 102
2370 102
2370 102
2370 102
2370 102
2370 102
2370 102
2370 102
2370 102
2370 102
2370 102
2370 102
2370 102
2370 102
2370 102
2370 102
2370 102
2370 102
2370 102
2370 102
2370 102
2370 102
2370 102
2370 102
2370 102
2370 102
2370 102
2370 102
2370 102
2370 102
2370 102
2370 102
2370 102
2370 102
2370 102
2370 102
2370 102
2370 102
2370 102
2370 102
2370 102
2370 102
2370 102
2370 102
2370 102
2370 102
2370 102
2370 102
2370 102
2370 102
2370 102
2370 102
2370 102
2370 102
2370 102
2370 102
2370 101
2370 102
2370 102
2370 102
2370 102
2375 100
2375 100
2375 100
2375 100
2375 99
2375 99
2375 99
2375 99
2375 100
2375 99
2375 99
2375 99
2375 98
2375 98
2375 99
2375 99
2375 99
2375 99
2375 99
2375 99
2375 99
2375 99
2375 100
2375 100
2375 100
2375 99
2375 100
2375 100
2375 99
2375 100
2375 100
2375 99
2375 99
2375 100
2375 100
2375 100
2375 101
2375 100
2375 99
2375 99
2375 99
2375 100
2375 100
2375 99
2375 99
2375 100
2375 100
2375 99
2375 100
2375 99
2375 99
2375 100
2375 99
2375 100
2375 100
2375 99
2375 99
2375 99
2375 100
2375 100
2375 100
2375 99
2375 99
2375 99
2375 99
2375 99
2375 100
2375 99
2375 99
2375 99
2375 99
2375 99
2375 99
2375 99
2375 99
2375 99
2375 99
2375 99
2375 100
2375 99
2375 100
2375 100
2375 99
2375 100
2375 100
2375 99
2375 100
2375 99
2375 100
2375 99
2375 99
2375 99
2375 99
2375 100
2375 100
2375 99
2375 99
2375 99
2375 100
2375 99
2380 97
2380 97
2380 97
2380 97
2380 97
2380 97
2380 97
2380 97
2380 97
2380 97
2380 97
2380 97
2380 97
2380 97
2380 97
2380 97
2380 97
2380 97
2380 97
2380 97
2380 97
2380 97
2380 97
2380 97
2380 97
2380 97
2380 98
2380 97
2380 97
2380 97
2380 97
2380 97
2380 97
2380 98
2380 97
2380 97
2380 97
2380 97
2380 97
2380 97
2380 97
2380 97
2380 97
2380 97
2380 97
2380 97
2380 97
2380 97
2380 98
2380 97
2380 97
2380 97
2380 98
2380 97
2380 97
2380 97
2380 97
2380 97
2380 97
2380 97
2380 98
2380 98
2380 97
2380 97
2380 97
2380 97
2380 98
2380 97
2380 97
2380 97
2380 97
2380 97
2380 97
2380 98
2380 97
2380 97
2380 97
2380 97
2380 97
2380 97
2380 97
2380 97
2380 98
2380 97
2380 97
2380 97
2380 97
2380 97
2380 97
2380 97
2380 97
2380 97
2380 97
2380 98
2380 97
2380 97
2380 97
2380 98
2380 97
2380 97
2385 96
2385 96
2385 96
2385 96
2385 95
2385 96
2385 96
2385 96
2385 96
2385 96
2385 95
2385 96
2385 95
2385 95
2385 96
2385 96
2385 96
2385 96
2385 95
2385 96
2385 95
2385 95
2385 95
2385 95
2385 96
2385 96
2385 95
2385 95
2385 96
2385 96
2385 96
2385 96
2385 95
2385 95
2385 96
2385 96
2385 96
2385 96
2385 96
2385 95
2385 95
2385 95
2385 95
2385 95
2385 95
2385 95
2385 95
2385 96
2385 95
2385 95
2385 95
2385 95
2385 96
2385 96
2385 95
2385 95
2385 95
2385 96
2385 96
2385 95
2385 96
2385 95
2385 95
2385 96
2385 95
2385 95
2385 95
2385 96
2385 96
2385 96
2385 96
2385 95
2385 96
2385 95
2385 96
2385 95
2385 96
2385 96
2385 95
2385 96
2385 95
2385 96
2385 95
2385 95
2385 96
2385 96
2385 96
2385 96
2385 96
2385 96
2385 95
2385 96
2385 95
2385 95
2385 96
2385 96
2385 95
2385 95
2385 96
2390 93
2390 93
2390 94
2390 93
2390 94
2390 94
2390 94
2390 94
2390 94
2390 93
2390 93
2390 94
2390 93
2390 93
2390 94
2390 93
2390 93
2390 94
2390 93
2390 94
2390 93
2390 94
2390 94
2390 94
2390 94
2390 93
2390 94
2390 94
2390 93
2390 93
2390 93
2390 94
2390 93
2390 94
2390 93
2390 94
2390 94
2390 94
2390 93
2390 94
2390 94
2390 93
2390 93
2390 93
2390 94
2390 93
2390 93
2390 94
2390 94
2390 94
2390 93
2390 93
2390 93
2390 93
2390 94
2390 93
2390 94
2390 93
2390 93
2390 93
2390 93
2390 94
2390 94
2390 93
2390 95
2390 94
2390 93
2390 93
2390 93
2390 94
2390 93
2390 93
2390 93
2390 94
2390 93
2390 93
2390 93
2390 94
2390 93
2390 94
2390 93
2390 93
2390 94
2390 93
2390 93
2390 93
2390 93
2390 93
2390 93
2390 93
2390 93
2390 94
2390 93
2390 94
2390 93
2390 94
2390 93
2390 93
2390 94
2390 93
2395 92
2395 92
2395 92
2395 92
2395 92
2395 92
2395 92
2395 92
2395 92
2395 92
2395 92
2395 92
2395 92
2395 92
2395 92
2395 92
2395 92
2395 92
2395 92
2395 92
2395 92
2395 92
2395 92
2395 92
2395 92
2395 92
2395 92
2395 92
2395 92
2395 92
2395 92
2395 92
2395 92
2395 92
2395 92
2395 92
2395 93
2395 92
2395 92
2395 92
2395 92
2395 92
2395 92
2395 92
2395 92
2395 92
2395 92
2395 92
2395 92
2395 92
2395 92
2395 92
2395 92
2395 92
2395 92
2395 92
2395 92
2395 92
2395 92
2395 92
2395 92
2395 92
2395 92
2395 93
2395 92
2395 93
2395 92
2395 92
2395 92
2395 92
2395 92
2395 92
2395 92
2395 92
2395 93
2395 93
2395 92
2395 92
2395 92
2395 92
2395 92
2395 92
2395 92
2395 93
2395 92
2395 92
2395 92
2395 92
2395 92
2395 92
2395 92
2395 92
2395 92
2395 92
2395 92
2395 92
2395 92
2395 92
2395 92
2395 92
2400 90
2400 90
2400 90
2400 90
2400 89
2400 90
2400 90
2400 90
2400 90
2400 90
2400 89
2400 90
2400 90
2400 90
2400 90
2400 90
2400 90
2400 90
2400 90
2400 90
2400 90
2400 90
2400 90
2400 90
2400 90
2400 90
2400 90
2400 90
2400 90
2400 90
2400 90
2400 90
2400 90
2400 90
2400 90
2400 90
2400 90
2400 90
2400 90
2400 90
2400 90
2400 90
2400 90
2400 90
2400 90
2400 90
2400 90
2400 90
2400 90
2400 90
2400 90
2400 90
2400 90
2400 90
2400 90
2400 90
2400 90
2400 90
2400 90
2400 90
2400 90
2400 90
2400 90
2400 90
2400 89
2400 90
2400 90
2400 90
2400 89
2400 90
2400 90
2400 90
2400 90
2400 90
2400 90
2400 90
2400 90
2400 90
2400 90
2400 90
2400 90
2400 90
2400 90
2400 90
2400 90
2400 90
2400 90
2400 90
2400 90
2400 90
2400 90
2400 90
2400 90
2400 90
2400 90
2400 90
2400 90
2400 90
2400 90
2400 90
2405 87
2405 88
2405 88
2405 88
2405 87
2405 88
2405 87
2405 88
2405 88
2405 88
2405 87
2405 87
2405 88
2405 88
2405 87
2405 88
2405 88
2405 88
2405 87
2405 88
2405 88
2405 88
2405 88
2405 88
2405 88
2405 88
2405 88
2405 88
2405 87
2405 88
2405 88
2405 88
2405 87
2405 88
2405 88
2405 88
2405 88
2405 88
2405 88
2405 88
2405 88
2405 88
2405 88
2405 88
2405 88
2405 88
2405 88
2405 88
2405 88
2405 88
2405 87
2405 88
2405 88
2405 88
2405 88
2405 88
2405 88
2405 88
2405 88
2405 88
2405 87
2405 88
2405 88
2405 88
2405 88
2405 88
2405 88
2405 88
2405 88
2405 88
2405 88
2405 88
2405 88
2405 88
2405 88
2405 88
2405 88
2405 88
2405 88
2405 88
2405 88
2405 88
2405 88
2405 87
2405 87
2405 88
2405 88
2405 88
2405 88
2405 88
2405 88
2405 88
2405 88
2405 88
2405 88
2405 87
2405 87
2405 88
2405 88
2410 86
2410 87
2410 86
2410 86
2410 86
2410 86
2410 86
2410 86
2410 86
2410 87
2410 86
2410 86
2410 87
2410 87
2410 86
2410 87
2410 86
2410 87
2410 87
2410 86
2410 86
2410 87
2410 86
2410 87
2410 87
2410 87
2410 87
2410 87
2410 86
2410 86
2410 86
2410 87
2410 86
2410 86
2410 87
2410 86
2410 87
2410 87
2410 86
2410 86
2410 86
2410 86
2410 86
2410 87
2410 87
2410 87
2410 86
2410 86
2410 86
2410 86
2410 87
2410 86
2410 87
2410 87
2410 86
2410 87
2410 86
2410 86
2410 87
2410 86
2410 87
2410 87
2410 87
2410 86
2410 87
2410 85
2410 86
2410 87
2410 86
2410 86
2410 86
2410 86
2410 86
2410 86
2410 87
2410 87
2410 86
2410 87
2410 87
2410 87
2410 86
2410 86
2410 87
2410 87
2410 87
2410 87
2410 87
2410 87
2410 86
2410 87
2410 86
2410 86
2410 86
2410 86
2410 86
2410 87
2410 86
2410 87
2410 87
2410 86
2415 84
2415 84
2415 85
2415 85
2415 85
2415 84
2415 85
2415 84
2415 84
2415 85
2415 84
2415 84
2415 84
2415 85
2415 84
2415 84
2415 85
2415 84
2415 85
2415 84
2415 85
2415 84
2415 84
2415 84
2415 84
2415 84
2415 84
2415 85
2415 85
2415 84
2415 84
2415 84
2415 84
2415 84
2415 84
2415 84
2415 84
2415 84
2415 84
2415 84
2415 84
2415 84
2415 85
2415 84
2415 84
2415 85
2415 84
2415 85
2415 84
2415 84
2415 84
2415 84
2415 84
2415 84
2415 84
2415 84
2415 84
2415 84
2415 84
2415 84
2415 84
2415 84
2415 84
2415 84
2415 84
2415 84
2415 84
2415 84
2415 84
2415 85
2415 84
2415 84
2415 84
2415 84
2415 85
2415 84
2415 84
2415 84
2415 84
2415 84
2415 84
2415 85
2415 85
2415 84
2415 84
2415 85
2415 84
2415 84
2415 84
2415 84
2415 84
2415 85
2415 84
2415 84
2415 84
2415 85
2415 85
2415 85
2415 84
2420 82
2420 81
2420 82
2420 82
2420 82
2420 81
2420 81
2420 82
2420 82
2420 81
2420 82
2420 82
2420 82
2420 82
2420 82
2420 82
2420 82
2420 82
2420 82
2420 82
2420 82
2420 82
2420 81
2420 82
2420 81
2420 81
2420 82
2420 81
2420 81
2420 82
2420 82
2420 82
2420 81
2420 82
2420 82
2420 81
2420 82
2420 82
2420 82
2420 81
2420 82
2420 82
2420 82
2420 82
2420 82
2420 82
2420 82
2420 82
2420 81
2420 81
2420 82
2420 82
2420 82
2420 82
2420 82
2420 82
2420 82
2420 82
2420 81
2420 82
2420 82
2420 81
2420 82
2420 82
2420 82
2420 82
2420 82
2420 82
2420 82
2420 82
2420 82
2420 82
2420 82
2420 82
2420 82
2420 82
2420 82
2420 82
2420 82
2420 81
2420 82
2420 81
2420 82
2420 82
2420 81
2420 81
2420 82
2420 81
2420 82
2420 82
2420 82
2420 82
2420 82
2420 82
2420 82
2420 82
2420 82
2420 81
2420 82
2420 81
2425 80
2425 80
2425 80
2425 80
2425 80
2425 79
2425 79
2425 80
2425 79
2425 80
2425 80
2425 79
2425 80
2425 81
2425 80
2425 80
2425 80
2425 80
2425 80
2425 80
2425 80
2425 79
2425 81
2425 80
2425 80
2425 80
2425 80
2425 80
2425 80
2425 80
2425 80
2425 80
2425 80
2425 81
2425 80
2425 80
2425 81
2425 80
2425 80
2425 81
2425 81
2425 79
2425 80
2425 80
2425 79
2425 80
2425 80
2425 80
2425 79
2425 80
2425 80
2425 80
2425 80
2425 80
2425 80
2425 80
2425 80
2425 80
2425 80
2425 80
2425 80
2425 80
2425 80
2425 80
2425 80
2425 79
2425 80
2425 80
2425 80
2425 80
2425 79
2425 80
2425 80
2425 80
2425 80
2425 80
2425 80
2425 80
2425 80
2425 79
2425 80
2425 79
2425 80
2425 80
2425 80
2425 80
2425 80
2425 79
2425 80
2425 80
2425 80
2425 79
2425 80
2425 80
2425 80
2425 80
2425 79
2425 81
2425 80
2425 80
2430 78
2430 78
2430 79
2430 78
2430 78
2430 78
2430 79
2430 78
2430 79
2430 78
2430 79
2430 78
2430 78
2430 79
2430 79
2430 78
2430 78
2430 78
2430 78
2430 78
2430 78
2430 78
2430 79
2430 78
2430 78
2430 78
2430 78
2430 78
2430 78
2430 79
2430 78
2430 78
2430 78
2430 78
2430 78
2430 78
2430 78
2430 78
2430 78
2430 78
2430 79
2430 79
2430 78
2430 79
2430 78
2430 78
2430 79
2430 79
2430 78
2430 78
2430 78
2430 78
2430 78
2430 78
2430 78
2430 79
2430 78
2430 79
2430 78
2430 78
2430 78
2430 78
2430 78
2430 78
2430 79
2430 78
2430 78
2430 79
2430 78
2430 78
2430 78
2430 78
2430 78
2430 79
2430 78
2430 79
2430 78
2430 79
2430 78
2430 79
2430 78
2430 78
2430 78
2430 78
2430 78
2430 78
2430 78
2430 78
2430 78
2430 78
2430 78
2430 78
2430 78
2430 78
2430 79
2430 78
2430 78
2430 78
2430 78
2430 78
2435 76
2435 76
2435 76
2435 76
2435 76
2435 76
2435 76
2435 76
2435 76
2435 76
2435 76
2435 76
2435 76
2435 76
2435 76
2435 76
2435 76
2435 76
2435 76
2435 76
2435 76
2435 76
2435 76
2435 76
2435 76
2435 76
2435 76
2435 76
2435 76
2435 76
2435 76
2435 76
2435 76
2435 76
2435 76
2435 76
2435 76
2435 76
2435 76
2435 76
2435 76
2435 76
2435 76
2435 76
2435 77
2435 76
2435 76
2435 76
2435 76
2435 76
2435 76
2435 76
2435 76
2435 76
2435 76
2435 76
2435 76
2435 76
2435 76
2435 75
2435 76
2435 76
2435 76
2435 76
2435 76
2435 76
2435 76
2435 76
2435 76
2435 76
2435 76
2435 76
2435 76
2435 76
2435 76
2435 76
2435 76
2435 76
2435 76
2435 76
2435 76
2435 76
2435 76
2435 76
2435 76
2435 76
2435 76
2435 76
2435 76
2435 76
2435 76
2435 76
2435 76
2435 76
2435 76
2435 76
2435 76
2435 76
2435 76
2440 73
2440 74
2440 74
2440 74
2440 74
2440 73
2440 74
2440 74
2440 73
2440 73
2440 74
2440 73
2440 73
2440 74
2440 73
2440 74
2440 73
2440 74
2440 74
2440 73
2440 74
2440 73
2440 74
2440 73
2440 74
2440 73
2440 74
2440 73
2440 73
2440 74
2440 73
2440 73
2440 74
2440 74
2440 74
2440 74
2440 73
2440 74
2440 74
2440 73
2440 73
2440 74
2440 73
2440 74
2440 74
2440 73
2440 74
2440 74
2440 73
2440 73
2440 74
2440 73
2440 74
2440 75
2440 73
2440 73
2440 73
2440 74
2440 74
2440 74
2440 74
2440 74
2440 73
2440 74
2440 74
2440 74
2440 74
2440 74
2440 74
2440 74
2440 74
2440 74
2440 74
2440 74
2440 74
2440 74
2440 74
2440 73
2440 74
2440 73
2440 74
2440 74
2440 73
2440 74
2440 74
2440 74
2440 73
2440 73
2440 74
2440 73
2440 74
2440 73
2440 74
2440 74
2440 74
2440 75
2440 74
2440 74
2440 74
2440 74
2445 72
2445 72
2445 72
2445 72
2445 72
2445 72
2445 72
2445 72
2445 71
2445 72
2445 72
2445 72
2445 72
2445 73
2445 71
2445 72
2445 72
2445 73
2445 73
2445 71
2445 71
2445 72
2445 72
2445 72
2445 72
2445 72
2445 71
2445 71
2445 71
2445 72
2445 72
2445 72
2445 72
2445 73
2445 72
2445 73
2445 71
2445 72
2445 72
2445 71
2445 72
2445 72
2445 72
2445 72
2445 73
2445 72
2445 72
2445 73
2445 71
2445 72
2445 72
2445 73
2445 72
2445 72
2445 72
2445 71
2445 72
2445 72
2445 71
2445 72
2445 71
2445 72
2445 72
2445 72
2445 72
2445 72
2445 72
2445 71
2445 72
2445 72
2445 72
2445 71
2445 71
2445 71
2445 72
2445 72
2445 72
2445 72
2445 72
2445 72
2445 73
2445 72
2445 72
2445 72
2445 72
2445 72
2445 71
2445 72
2445 72
2445 72
2445 72
2445 72
2445 72
2445 72
2445 71
2445 71
2445 71
2445 72
2450 70
2450 70
2450 70
2450 70
2450 70
2450 70
2450 70
2450 70
2450 70
2450 70
2450 70
2450 70
2450 70
2450 70
2450 70
2450 70
2450 70
2450 70
2450 70
2450 70
2450 70
2450 70
2450 70
2450 70
2450 70
2450 70
2450 70
2450 70
2450 70
2450 70
2450 70
2450 70
2450 70
2450 70
2450 70
2450 70
2450 70
2450 70
2450 70
2450 70
2450 70
2450 70
2450 70
2450 70
2450 70
2450 70
2450 70
2450 70
2450 70
2450 70
2450 70
2450 70
2450 71
2450 70
2450 70
2450 70
2450 70
2450 70
2450 70
2450 70
2450 70
2450 70
2450 70
2450 70
2450 70
2450 70
2450 70
2450 70
2450 70
2450 70
2450 70
2450 70
2450 70
2450 70
2450 71
2450 70
2450 70
2450 70
2450 70
2450 70
2450 70
2450 70
2450 70
2450 70
2450 70
2450 70
2450 70
2450 70
2450 70
2450 70
2450 70
2450 70
2450 71
2450 70
2450 70
2450 70
2450 71
2450 70
2450 70
2450 70
2455 68
2455 68
2455 68
2455 68
2455 68
2455 68
2455 68
2455 68
2455 68
2455 68
2455 68
2455 67
2455 68
2455 67
2455 68
2455 69
2455 68
2455 68
2455 68
2455 67
2455 68
2455 68
2455 69
2455 68
2455 69
2455 68
2455 68
2455 67
2455 68
2455 69
2455 69
2455 68
2455 68
2455 67
2455 68
2455 68
2455 68
2455 68
2455 68
2455 68
2455 67
2455 68
2455 68
2455 68
2455 68
2455 69
2455 68
2455 68
2455 69
2455 68
2455 68
2455 68
2455 68
2455 68
2455 68
2455 68
2455 68
2455 68
2455 68
2455 68
2455 68
2455 68
2455 68
2455 67
2455 68
2455 68
2455 68
2455 68
2455 68
2455 67
2455 68
2455 68
2455 68
2455 67
2455 68
2455 68
2455 68
2455 68
2455 68
2455 68
2455 68
2455 68
2455 68
2455 68
2455 68
2455 69
2455 67
2455 68
2455 68
2455 68
2455 68
2455 68
2455 68
2455 68
2455 68
2455 68
2455 68
2455 69
2455 69
2460 66
2460 65
2460 66
2460 65
2460 65
2460 66
2460 66
2460 66
2460 66
2460 66
2460 66
2460 66
2460 65
2460 65
2460 65
2460 65
2460 66
2460 65
2460 65
2460 66
2460 66
2460 65
2460 65
2460 65
2460 65
2460 66
2460 66
2460 66
2460 66
2460 66
2460 66
2460 65
2460 65
2460 66
2460 65
2460 65
2460 66
2460 66
2460 66
2460 66
2460 66
2460 66
2460 66
2460 66
2460 66
2460 65
2460 66
2460 65
2460 65
2460 66
2460 66
2460 65
2460 66
2460 66
2460 66
2460 65
2460 65
2460 66
2460 65
2460 65
2460 65
2460 66
2460 66
2460 66
2460 65
2460 66
2460 66
2460 65
2460 65
2460 66
2460 66
2460 66
2460 66
2460 66
2460 65
2460 65
2460 66
2460 66
2460 65
2460 66
2460 65
2460 65
2460 66
2460 66
2460 66
2460 66
2460 66
2460 66
2460 66
2460 66
2460 65
2460 66
2460 66
2460 66
2460 66
2460 66
2460 66
2460 65
2460 65
2460 66
2465 64
2465 64
2465 64
2465 64
2465 64
2465 64
2465 64
2465 64
2465 64
2465 64
2465 64
2465 65
2465 64
2465 64
2465 64
2465 64
2465 64
2465 64
2465 64
2465 64
2465 64
2465 64
2465 64
2465 64
2465 64
2465 64
2465 64
2465 64
2465 64
2465 64
2465 64
2465 65
2465 64
2465 64
2465 64
2465 64
2465 64
2465 64
2465 64
2465 64
2465 64
2465 64
2465 64
2465 64
2465 64
2465 64
2465 65
2465 64
2465 65
2465 64
2465 64
2465 64
2465 64
2465 64
2465 64
2465 64
2465 63
2465 64
2465 64
2465 64
2465 64
2465 64
2465 64
2465 64
2465 64
2465 64
2465 64
2465 64
2465 64
2465 64
2465 64
2465 64
2465 64
2465 64
2465 65
2465 65
2465 64
2465 64
2465 64
2465 64
2465 64
2465 64
2465 64
2465 65
2465 64
2465 64
2465 65
2465 64
2465 64
2465 64
2465 64
2465 64
2465 64
2465 64
2465 64
2465 64
2465 64
2465 64
2465 64
2465 64
2470 62
2470 63
2470 63
2470 62
2470 61
2470 62
2470 63
2470 62
2470 63
2470 62
2470 63
2470 62
2470 62
2470 62
2470 63
2470 63
2470 62
2470 62
2470 63
2470 62
2470 62
2470 62
2470 62
2470 62
2470 62
2470 62
2470 62
2470 62
2470 62
2470 63
2470 63
2470 62
2470 62
2470 62
2470 62
2470 62
2470 62
2470 63
2470 63
2470 63
2470 63
2470 63
2470 62
2470 62
2470 62
2470 62
2470 62
2470 63
2470 61
2470 62
2470 63
2470 63
2470 63
2470 63
2470 62
2470 63
2470 63
2470 62
2470 62
2470 63
2470 62
2470 63
2470 63
2470 62
2470 63
2470 62
2470 62
2470 63
2470 63
2470 63
2470 62
2470 62
2470 62
2470 63
2470 62
2470 63
2470 62
2470 62
2470 63
2470 62
2470 62
2470 62
2470 62
2470 62
2470 62
2470 62
2470 62
2470 63
2470 63
2470 62
2470 62
2470 63
2470 61
2470 61
2470 63
2470 63
2470 63
2470 63
2470 63
2470 63
2475 60
2475 61
2475 61
2475 61
2475 60
2475 61
2475 60
2475 61
2475 61
2475 60
2475 61
2475 60
2475 61
2475 61
2475 60
2475 61
2475 61
2475 61
2475 61
2475 60
2475 60
2475 61
2475 61
2475 60
2475 60
2475 60
2475 60
2475 60
2475 61
2475 61
2475 61
2475 61
2475 60
2475 60
2475 61
2475 61
2475 61
2475 60
2475 61
2475 61
2475 61
2475 61
2475 61
2475 61
2475 61
2475 60
2475 61
2475 61
2475 60
2475 60
2475 61
2475 60
2475 60
2475 61
2475 60
2475 60
2475 60
2475 60
2475 61
2475 61
2475 61
2475 60
2475 61
2475 60
2475 60
2475 60
2475 61
2475 61
2475 61
2475 60
2475 61
2475 61
2475 60
2475 61
2475 60
2475 60
2475 61
2475 61
2475 61
2475 61
2475 61
2475 61
2475 60
2475 61
2475 60
2475 61
2475 60
2475 60
2475 60
2475 61
2475 60
2475 61
2475 61
2475 60
2475 60
2475 61
2475 61
2475 61
2475 60
2475 61
2480 58
2480 58
2480 58
2480 58
2480 58
2480 58
2480 58
2480 58
2480 58
2480 58
2480 58
2480 58
2480 58
2480 58
2480 58
2480 58
2480 58
2480 58
2480 58
2480 58
2480 58
2480 58
2480 58
2480 58
2480 58
2480 58
2480 58
2480 58
2480 58
2480 58
2480 58
2480 58
2480 58
2480 58
2480 58
2480 58
2480 58
2480 58
2480 58
2480 58
2480 58
2480 58
2480 58
2480 58
2480 58
2480 58
2480 58
2480 58
2480 58
2480 58
2480 58
2480 58
2480 58
2480 58
2480 58
2480 58
2480 58
2480 58
2480 58
2480 58
2480 58
2480 58
2480 58
2480 58
2480 58
2480 58
2480 58
2480 58
2480 58
2480 58
2480 58
2480 58
2480 58
2480 58
2480 58
2480 58
2480 58
2480 58
2480 58
2480 58
2480 58
2480 58
2480 58
2480 58
2480 58
2480 58
2480 58
2480 58
2480 58
2480 58
2480 58
2480 58
2480 58
2480 58
2480 58
2480 58
2480 58
2480 58
2480 58
2480 58
2485 56
2485 56
2485 56
2485 56
2485 56
2485 56
2485 56
2485 56
2485 56
2485 56
2485 56
2485 57
2485 56
2485 56
2485 56
2485 56
2485 56
2485 56
2485 56
2485 56
2485 56
2485 56
2485 56
2485 56
2485 56
2485 56
2485 56
2485 56
2485 56
2485 56
2485 56
2485 56
2485 56
2485 56
2485 56
2485 56
2485 56
2485 56
2485 56
2485 56
2485 56
2485 56
2485 56
2485 56
2485 56
2485 56
2485 56
2485 56
2485 56
2485 56
2485 57
2485 56
2485 56
2485 56
2485 56
2485 56
2485 56
2485 57
2485 56
2485 56
2485 56
2485 56
2485 56
2485 56
2485 56
2485 56
2485 56
2485 56
2485 56
2485 56
2485 56
2485 56
2485 57
2485 56
2485 56
2485 56
2485 56
2485 56
2485 56
2485 56
2485 56
2485 56
2485 56
2485 56
2485 56
2485 56
2485 56
2485 56
2485 56
2485 56
2485 56
2485 56
2485 56
2485 56
2485 57
2485 56
2485 57
2485 56
2485 56
2485 56
2490 55
2490 55
2490 54
2490 55
2490 55
2490 54
2490 55
2490 55
2490 55
2490 54
2490 54
2490 55
2490 55
2490 55
2490 55
2490 55
2490 55
2490 55
2490 55
2490 55
2490 55
2490 55
2490 55
2490 55
2490 55
2490 55
2490 55
2490 55
2490 55
2490 55
2490 55
2490 55
2490 55
2490 55
2490 55
2490 55
2490 55
2490 55
2490 54
2490 55
2490 55
2490 55
2490 55
2490 55
2490 55
2490 55
2490 55
2490 55
2490 55
2490 55
2490 55
2490 55
2490 55
2490 55
2490 55
2490 55
2490 55
2490 55
2490 55
2490 55
2490 55
2490 55
2490 55
2490 55
2490 55
2490 55
2490 55
2490 55
2490 55
2490 55
2490 55
2490 55
2490 55
2490 55
2490 55
2490 55
2490 55
2490 55
2490 55
2490 55
2490 55
2490 55
2490 54
2490 55
2490 55
2490 55
2490 55
2490 55
2490 55
2490 55
2490 55
2490 55
2490 55
2490 55
2490 55
2490 55
2490 55
2490 55
2490 55
2490 55
2495 53
2495 53
2495 53
2495 53
2495 53
2495 53
2495 53
2495 53
2495 53
2495 53
2495 53
2495 53
2495 54
2495 53
2495 52
2495 53
2495 53
2495 53
2495 53
2495 53
2495 53
2495 53
2495 53
2495 53
2495 53
2495 53
2495 52
2495 53
2495 53
2495 53
2495 53
2495 53
2495 53
2495 53
2495 53
2495 53
2495 53
2495 53
2495 53
2495 54
2495 53
2495 54
2495 53
2495 53
2495 53
2495 53
2495 53
2495 53
2495 53
2495 54
2495 52
2495 54
2495 53
2495 53
2495 53
2495 53
2495 52
2495 53
2495 53
2495 53
2495 53
2495 53
2495 53
2495 53
2495 53
2495 53
2495 53
2495 53
2495 53
2495 53
2495 53
2495 53
2495 52
2495 52
2495 53
2495 53
2495 52
2495 53
2495 52
2495 53
2495 53
2495 52
2495 53
2495 53
2495 52
2495 53
2495 53
2495 53
2495 53
2495 53
2495 53
2495 53
2495 53
2495 53
2495 53
2495 53
2495 53
2495 52
2495 53
2495 53
2500 51
2500 52
2500 51
2500 50
2500 50
2500 51
2500 50
2500 52
2500 52
2500 51
2500 50
2500 51
2500 50
2500 50
2500 51
2500 50
2500 51
2500 51
2500 51
2500 50
2500 52
2500 50
2500 51
2500 52
2500 51
2500 51
2500 51
2500 52
2500 52
2500 51
2500 51
2500 51
2500 50
2500 51
2500 51
2500 52
2500 50
2500 51
2500 51
2500 51
2500 51
2500 52
2500 51
2500 50
2500 51
2500 52
2500 50
2500 50
2500 51
2500 52
2500 51
2500 52
2500 50
2500 51
2500 51
2500 51
2500 50
2500 50
2500 50
2500 51
2500 50
2500 51
2500 52
2500 51
2500 50
2500 52
2500 51
2500 50
2500 51
2500 50
2500 50
2500 51
2500 50
2500 51
2500 51
2500 52
2500 51
2500 51
2500 52
2500 51
2500 52
2500 52
2500 51
2500 50
2500 51
2500 51
2500 51
2500 51
2500 51
2500 52
2500 50
2500 50
2500 51
2500 51
2500 51
2500 52
2500 52
2500 52
2500 51
2500 52
2505 49
2505 48
2505 49
2505 49
2505 49
2505 49
2505 49
2505 49
2505 49
2505 49
2505 49
2505 49
2505 49
2505 49
2505 49
2505 49
2505 49
2505 49
2505 49
2505 49
2505 49
2505 49
2505 49
2505 49
2505 49
2505 49
2505 49
2505 49
2505 49
2505 49
2505 49
2505 49
2505 49
2505 49
2505 49
2505 49
2505 49
2505 49
2505 49
2505 49
2505 49
2505 49
2505 49
2505 49
2505 49
2505 49
2505 49
2505 49
2505 49
2505 49
2505 49
2505 49
2505 49
2505 49
2505 49
2505 49
2505 49
2505 49
2505 49
2505 49
2505 49
2505 49
2505 49
2505 49
2505 49
2505 49
2505 49
2505 49
2505 49
2505 49
2505 49
2505 49
2505 49
2505 49
2505 49
2505 49
2505 49
2505 49
2505 49
2505 49
2505 49
2505 49
2505 49
2505 49
2505 49
2505 49
2505 49
2505 49
2505 49
2505 49
2505 49
2505 49
2505 49
2505 49
2505 49
2505 49
2505 49
2505 49
2505 49
2505 49
2510 47
2510 47
2510 47
2510 47
2510 47
2510 47
2510 47
2510 47
2510 47
2510 47
2510 47
2510 47
2510 47
2510 48
2510 47
2510 48
2510 47
2510 47
2510 47
2510 47
2510 48
2510 47
2510 48
2510 47
2510 47
2510 47
2510 47
2510 47
2510 47
2510 47
2510 47
2510 47
2510 47
2510 47
2510 47
2510 48
2510 47
2510 47
2510 48
2510 48
2510 47
2510 47
2510 47
2510 47
2510 47
2510 48
2510 47
2510 48
2510 47
2510 47
2510 47
2510 48
2510 47
2510 48
2510 47
2510 47
2510 48
2510 47
2510 47
2510 47
2510 47
2510 47
2510 47
2510 47
2510 48
2510 47
2510 47
2510 47
2510 47
2510 47
2510 47
2510 47
2510 47
2510 47
2510 47
2510 47
2510 48
2510 47
2510 47
2510 47
2510 47
2510 48
2510 47
2510 48
2510 47
2510 47
2510 47
2510 47
2510 47
2510 47
2510 48
2510 47
2510 48
2510 48
2510 47
2510 47
2510 47
2510 47
2510 47
2515 46
2515 44
2515 45
2515 45
2515 45
2515 45
2515 45
2515 46
2515 45
2515 45
2515 46
2515 45
2515 45
2515 46
2515 45
2515 45
2515 46
2515 45
2515 46
2515 45
2515 46
2515 45
2515 45
2515 46
2515 46
2515 46
2515 45
2515 45
2515 46
2515 44
2515 46
2515 45
2515 44
2515 45
2515 45
2515 45
2515 45
2515 45
2515 44
2515 46
2515 46
2515 45
2515 44
2515 46
2515 46
2515 46
2515 45
2515 45
2515 45
2515 44
2515 46
2515 46
2515 46
2515 46
2515 45
2515 45
2515 45
2515 45
2515 46
2515 46
2515 45
2515 45
2515 46
2515 45
2515 46
2515 45
2515 45
2515 45
2515 45
2515 46
2515 45
2515 45
2515 46
2515 45
2515 46
2515 44
2515 45
2515 46
2515 46
2515 46
2515 45
2515 46
2515 46
2515 45
2515 45
2515 45
2515 45
2515 45
2515 46
2515 46
2515 45
2515 44
2515 45
2515 45
2515 46
2515 45
2515 45
2515 46
2515 45
2515 46
2520 43
2520 43
2520 43
2520 43
2520 43
2520 43
2520 43
2520 42
2520 43
2520 43
2520 42
2520 43
2520 43
2520 43
2520 42
2520 43
2520 43
2520 43
2520 42
2520 42
2520 43
2520 43
2520 43
2520 43
2520 43
2520 43
2520 43
2520 43
2520 43
2520 43
2520 43
2520 43
2520 42
2520 43
2520 43
2520 43
2520 42
2520 43
2520 43
2520 43
2520 43
2520 43
2520 43
2520 43
2520 43
2520 43
2520 43
2520 43
2520 43
2520 42
2520 43
2520 43
2520 43
2520 42
2520 43
2520 43
2520 43
2520 43
2520 42
2520 43
2520 43
2520 43
2520 43
2520 43
2520 43
2520 43
2520 43
2520 43
2520 43
2520 43
2520 43
2520 43
2520 43
2520 43
2520 43
2520 43
2520 43
2520 43
2520 43
2520 43
2520 43
2520 43
2520 43
2520 43
2520 43
2520 43
2520 43
2520 43
2520 43
2520 43
2520 42
2520 43
2520 43
2520 43
2520 43
2520 43
2520 43
2520 43
2520 42
2520 43
2525 41
2525 41
2525 41
2525 41
2525 41
2525 41
2525 41
2525 41
2525 41
2525 41
2525 40
2525 41
2525 41
2525 41
2525 41
2525 41
2525 41
2525 41
2525 41
2525 41
2525 41
2525 41
2525 41
2525 40
2525 41
2525 41
2525 41
2525 41
2525 41
2525 41
2525 41
2525 41
2525 41
2525 41
2525 41
2525 41
2525 41
2525 41
2525 41
2525 41
2525 41
2525 41
2525 41
2525 41
2525 41
2525 41
2525 41
2525 41
2525 41
2525 41
2525 41
2525 41
2525 41
2525 41
2525 41
2525 41
2525 41
2525 41
2525 41
2525 41
2525 41
2525 41
2525 41
2525 41
2525 41
2525 41
2525 41
2525 41
2525 40
2525 41
2525 41
2525 41
2525 41
2525 41
2525 41
2525 41
2525 41
2525 41
2525 41
2525 41
2525 41
2525 41
2525 40
2525 41
2525 41
2525 41
2525 41
2525 41
2525 41
2525 41
2525 40
2525 41
2525 41
2525 41
2525 41
2525 41
2525 41
2525 41
2525 41
2525 41
2530 39
2530 39
2530 39
2530 39
2530 39
2530 39
2530 39
2530 39
2530 39
2530 39
2530 39
2530 38
2530 39
2530 39
2530 39
2530 39
2530 40
2530 39
2530 39
2530 39
2530 39
2530 39
2530 39
2530 39
2530 39
2530 39
2530 39
2530 39
2530 39
2530 39
2530 39
2530 39
2530 39
2530 39
2530 39
2530 39
2530 39
2530 39
2530 39
2530 39
2530 39
2530 40
2530 39
2530 39
2530 40
2530 39
2530 39
2530 39
2530 40
2530 39
2530 39
2530 39
2530 39
2530 39
2530 39
2530 40
2530 39
2530 39
2530 39
2530 38
2530 38
2530 39
2530 39
2530 38
2530 39
2530 39
2530 39
2530 39
2530 39
2530 39
2530 39
2530 39
2530 39
2530 39
2530 39
2530 39
2530 39
2530 39
2530 39
2530 39
2530 39
2530 39
2530 39
2530 39
2530 39
2530 38
2530 39
2530 39
2530 39
2530 39
2530 39
2530 39
2530 39
2530 39
2530 40
2530 39
2530 39
2530 39
2530 39
2535 38
2535 38
2535 38
2535 37
2535 38
2535 38
2535 38
2535 38
2535 38
2535 38
2535 38
2535 37
2535 38
2535 37
2535 38
2535 38
2535 38
2535 38
2535 38
2535 38
2535 38
2535 38
2535 38
2535 38
2535 38
2535 38
2535 38
2535 38
2535 38
2535 38
2535 38
2535 38
2535 38
2535 38
2535 38
2535 38
2535 38
2535 38
2535 38
2535 38
2535 38
2535 38
2535 38
2535 37
2535 38
2535 38
2535 38
2535 37
2535 38
2535 38
2535 38
2535 38
2535 38
2535 38
2535 38
2535 37
2535 38
2535 38
2535 38
2535 38
2535 38
2535 38
2535 37
2535 38
2535 37
2535 38
2535 38
2535 37
2535 38
2535 38
2535 38
2535 38
2535 38
2535 38
2535 38
2535 38
2535 38
2535 38
2535 38
2535 38
2535 38
2535 38
2535 37
2535 38
2535 37
2535 37
2535 38
2535 38
2535 38
2535 37
2535 38
2535 38
2535 38
2535 38
2535 38
2535 38
2535 38
2535 38
2535 38
2540 34
2540 34
2540 35
2540 35
2540 34
2540 34
2540 34
2540 35
2540 35
2540 34
2540 34
2540 34
2540 35
2540 35
2540 35
2540 34
2540 34
2540 35
2540 34
2540 34
2540 34
2540 34
2540 34
2540 34
2540 34
2540 34
2540 34
2540 35
2540 34
2540 34
2540 34
2540 35
2540 34
2540 34
2540 35
2540 35
2540 34
2540 34
2540 35
2540 34
2540 34
2540 34
2540 35
2540 34
2540 35
2540 35
2540 35
2540 35
2540 35
2540 35
2540 34
2540 35
2540 34
2540 35
2540 35
2540 35
2540 35
2540 34
2540 35
2540 34
2540 34
2540 35
2540 35
2540 34
2540 35
2540 34
2540 34
2540 34
2540 35
2540 34
2540 34
2540 34
2540 34
2540 35
2540 35
2540 35
2540 34
2540 35
2540 34
2540 34
2540 35
2540 34
2540 34
2540 35
2540 34
2540 35
2540 34
2540 34
2540 34
2540 34
2540 35
2540 34
2540 34
2540 34
2540 34
2540 35
2540 34
2540 34
2540 35
2545 33
2545 33
2545 33
2545 33
2545 33
2545 33
2545 33
2545 33
2545 33
2545 33
2545 33
2545 33
2545 34
2545 33
2545 33
2545 33
2545 33
2545 33
2545 33
2545 33
2545 33
2545 32
2545 33
2545 33
2545 33
2545 33
2545 33
2545 33
2545 33
2545 33
2545 33
2545 33
2545 33
2545 33
2545 33
2545 33
2545 33
2545 33
2545 33
2545 33
2545 33
2545 33
2545 33
2545 33
2545 33
2545 33
2545 33
2545 33
2545 33
2545 33
2545 33
2545 33
2545 33
2545 33
2545 33
2545 33
2545 33
2545 34
2545 34
2545 34
2545 33
2545 33
2545 34
2545 33
2545 33
2545 33
2545 33
2545 33
2545 33
2545 33
2545 33
2545 33
2545 33
2545 33
2545 33
2545 33
2545 33
2545 33
2545 33
2545 33
2545 33
2545 33
2545 33
2545 33
2545 33
2545 33
2545 33
2545 33
2545 33
2545 33
2545 33
2545 33
2545 33
2545 33
2545 33
2545 33
2545 33
2545 33
2545 33
2550 31
2550 31
2550 32
2550 32
2550 32
2550 32
2550 31
2550 32
2550 32
2550 32
2550 32
2550 32
2550 31
2550 31
2550 32
2550 32
2550 32
2550 31
2550 32
2550 31
2550 31
2550 32
2550 32
2550 32
2550 32
2550 32
2550 32
2550 32
2550 32
2550 32
2550 32
2550 31
2550 32
2550 31
2550 32
2550 32
2550 32
2550 31
2550 31
2550 32
2550 32
2550 32
2550 32
2550 32
2550 31
2550 32
2550 31
2550 32
2550 32
2550 32
2550 31
2550 32
2550 32
2550 32
2550 31
2550 31
2550 32
2550 31
2550 32
2550 31
2550 31
2550 32
2550 32
2550 31
2550 31
2550 32
2550 32
2550 32
2550 31
2550 32
2550 31
2550 32
2550 32
2550 31
2550 31
2550 32
2550 32
2550 31
2550 32
2550 32
2550 32
2550 32
2550 32
2550 31
2550 32
2550 32
2550 31
2550 32
2550 32
2550 31
2550 31
2550 32
2550 32
2550 32
2550 31
2550 32
2550 32
2550 32
2550 31
2550 32
2555 30
2555 29
2555 29
2555 29
2555 29
2555 30
2555 29
2555 29
2555 29
2555 29
2555 29
2555 29
2555 29
2555 29
2555 29
2555 30
2555 29
2555 29
2555 29
2555 29
2555 30
2555 30
2555 29
2555 30
2555 30
2555 30
2555 29
2555 29
2555 29
2555 30
2555 29
2555 30
2555 30
2555 29
2555 29
2555 30
2555 29
2555 29
2555 29
2555 29
2555 29
2555 29
2555 29
2555 30
2555 29
2555 29
2555 30
2555 30
2555 29
2555 31
2555 29
2555 30
2555 29
2555 29
2555 30
2555 29
2555 30
2555 30
2555 29
2555 29
2555 30
2555 29
2555 30
2555 30
2555 29
2555 29
2555 29
2555 29
2555 29
2555 30
2555 30
2555 30
2555 30
2555 30
2555 30
2555 30
2555 29
2555 29
2555 29
2555 29
2555 29
2555 30
2555 29
2555 29
2555 30
2555 30
2555 29
2555 29
2555 30
2555 29
2555 30
2555 30
2555 30
2555 30
2555 30
2555 30
2555 29
2555 30
2555 30
2555 29
2560 28
2560 28
2560 28
2560 28
2560 28
2560 28
2560 28
2560 28
2560 28
2560 28
2560 28
2560 28
2560 28
2560 28
2560 28
2560 28
2560 28
2560 28
2560 28
2560 28
2560 28
2560 28
2560 28
2560 28
2560 28
2560 28
2560 28
2560 28
2560 28
2560 29
2560 28
2560 28
2560 28
2560 28
2560 28
2560 28
2560 28
2560 28
2560 28
2560 28
2560 29
2560 28
2560 28
2560 28
2560 28
2560 28
2560 28
2560 28
2560 28
2560 28
2560 28
2560 28
2560 28
2560 28
2560 28
2560 28
2560 28
2560 28
2560 28
2560 28
2560 28
2560 28
2560 28
2560 28
2560 28
2560 28
2560 28
2560 28
2560 28
2560 28
2560 28
2560 28
2560 28
2560 28
2560 28
2560 28
2560 28
2560 29
2560 28
2560 28
2560 28
2560 28
2560 28
2560 28
2560 28
2560 28
2560 28
2560 28
2560 28
2560 28
2560 28
2560 28
2560 28
2560 28
2560 28
2560 28
2560 29
2560 28
2560 29
2560 28
2565 26
2565 26
2565 26
2565 26
2565 26
2565 26
2565 26
2565 26
2565 26
2565 26
2565 26
2565 26
2565 26
2565 26
2565 26
2565 26
2565 26
2565 26
2565 26
2565 26
2565 26
2565 26
2565 26
2565 26
2565 26
2565 26
2565 26
2565 26
2565 26
2565 26
2565 26
2565 26
2565 26
2565 26
2565 26
2565 26
2565 26
2565 26
2565 26
2565 26
2565 26
2565 26
2565 26
2565 26
2565 26
2565 26
2565 26
2565 26
2565 26
2565 26
2565 26
2565 26
2565 26
2565 26
2565 26
2565 26
2565 26
2565 26
2565 26
2565 26
2565 26
2565 26
2565 26
2565 26
2565 26
2565 26
2565 26
2565 26
2565 26
2565 26
2565 26
2565 26
2565 26
2565 26
2565 26
2565 26
2565 26
2565 26
2565 26
2565 26
2565 26
2565 26
2565 26
2565 26
2565 26
2565 26
2565 26
2565 26
2565 26
2565 26
2565 26
2565 26
2565 26
2565 26
2565 26
2565 26
2565 26
2565 26
2565 26
2565 26
2570 26
2570 25
2570 25
2570 25
2570 24
2570 24
2570 24
2570 24
2570 24
2570 25
2570 24
2570 25
2570 24
2570 24
2570 25
2570 24
2570 25
2570 25
2570 24
2570 24
2570 24
2570 25
2570 24
2570 25
2570 24
2570 25
2570 25
2570 24
2570 25
2570 24
2570 24
2570 24
2570 24
2570 25
2570 24
2570 24
2570 24
2570 24
2570 24
2570 25
2570 25
2570 25
2570 25
2570 25
2570 25
2570 24
2570 25
2570 25
2570 24
2570 24
2570 24
2570 24
2570 26
2570 26
2570 24
2570 24
2570 24
2570 24
2570 25
2570 25
2570 24
2570 25
2570 26
2570 24
2570 24
2570 25
2570 25
2570 25
2570 26
2570 24
2570 25
2570 24
2570 25
2570 24
2570 24
2570 24
2570 24
2570 24
2570 25
2570 25
2570 24
2570 24
2570 25
2570 24
2570 24
2570 25
2570 25
2570 25
2570 24
2570 24
2570 25
2570 24
2570 24
2570 24
2570 24
2570 24
2570 24
2570 25
2570 24
2570 24
2575 23
2575 23
2575 23
2575 23
2575 23
2575 23
2575 23
2575 23
2575 23
2575 23
2575 23
2575 23
2575 23
2575 23
2575 23
2575 23
2575 23
2575 23
2575 23
2575 23
2575 23
2575 23
2575 23
2575 23
2575 23
2575 23
2575 23
2575 23
2575 23
2575 23
2575 22
2575 23
2575 23
2575 23
2575 23
2575 23
2575 23
2575 23
2575 23
2575 23
2575 23
2575 23
2575 23
2575 23
2575 23
2575 23
2575 23
2575 23
2575 23
2575 23
2575 23
2575 23
2575 23
2575 23
2575 23
2575 23
2575 23
2575 23
2575 23
2575 23
2575 23
2575 23
2575 23
2575 23
2575 23
2575 23
2575 23
2575 23
2575 23
2575 23
2575 23
2575 23
2575 23
2575 23
2575 23
2575 23
2575 23
2575 23
2575 23
2575 23
2575 23
2575 23
2575 23
2575 23
2575 23
2575 23
2575 23
2575 23
2575 23
2575 23
2575 23
2575 23
2575 23
2575 23
2575 23
2575 23
2575 23
2575 23
2575 23
2580 20
2580 20
2580 20
2580 21
2580 20
2580 20
2580 21
2580 21
2580 21
2580 20
2580 20
2580 20
2580 20
2580 20
2580 20
2580 21
2580 20
2580 20
2580 21
2580 20
2580 20
2580 21
2580 21
2580 21
2580 20
2580 20
2580 20
2580 20
2580 20
2580 20
2580 20
2580 20
2580 20
2580 20
2580 20
2580 20
2580 20
2580 20
2580 21
2580 20
2580 20
2580 21
2580 20
2580 20
2580 20
2580 20
2580 21
2580 21
2580 20
2580 20
2580 20
2580 20
2580 20
2580 20
2580 20
2580 21
2580 20
2580 20
2580 20
2580 20
2580 20
2580 20
2580 20
2580 20
2580 20
2580 21
2580 20
2580 21
2580 20
2580 21
2580 20
2580 20
2580 20
2580 21
2580 20
2580 21
2580 20
2580 20
2580 20
2580 20
2580 20
2580 20
2580 20
2580 20
2580 20
2580 20
2580 20
2580 21
2580 20
2580 21
2580 20
2580 20
2580 20
2580 20
2580 21
2580 20
2580 21
2580 20
2580 20
2580 21
2585 19
2585 18
2585 19
2585 20
2585 18
2585 18
2585 18
2585 18
2585 19
2585 19
2585 18
2585 18
2585 18
2585 18
2585 18
2585 20
2585 18
2585 20
2585 19
2585 19
2585 18
2585 20
2585 18
2585 18
2585 18
2585 18
2585 19
2585 18
2585 19
2585 18
2585 19
2585 19
2585 18
2585 20
2585 20
2585 18
2585 18
2585 18
2585 18
2585 20
2585 19
2585 19
2585 18
2585 19
2585 18
2585 19
2585 19
2585 18
2585 19
2585 20
2585 19
2585 20
2585 19
2585 18
2585 19
2585 19
2585 18
2585 18
2585 19
2585 19
2585 18
2585 19
2585 18
2585 18
2585 19
2585 19
2585 19
2585 19
2585 20
2585 19
2585 19
2585 18
2585 18
2585 18
2585 18
2585 20
2585 19
2585 18
2585 19
2585 20
2585 19
2585 18
2585 19
2585 20
2585 18
2585 18
2585 19
2585 18
2585 19
2585 18
2585 18
2585 18
2585 18
2585 19
2585 19
2585 20
2585 19
2585 18
2585 19
2590 17
2590 17
2590 17
2590 17
2590 17
2590 17
2590 17
2590 17
2590 17
2590 17
2590 17
2590 17
2590 16
2590 17
2590 18
2590 17
2590 17
2590 17
2590 17
2590 17
2590 17
2590 17
2590 17
2590 17
2590 17
2590 17
2590 17
2590 17
2590 17
2590 17
2590 17
2590 17
2590 17
2590 17
2590 17
2590 17
2590 17
2590 17
2590 17
2590 17
2590 17
2590 17
2590 17
2590 17
2590 17
2590 17
2590 17
2590 17
2590 17
2590 17
2590 17
2590 17
2590 17
2590 17
2590 17
2590 17
2590 17
2590 17
2590 17
2590 17
2590 17
2590 17
2590 17
2590 17
2590 17
2590 17
2590 17
2590 17
2590 17
2590 17
2590 18
2590 17
2590 17
2590 17
2590 17
2590 17
2590 17
2590 17
2590 17
2590 17
2590 17
2590 17
2590 17
2590 17
2590 17
2590 17
2590 17
2590 17
2590 17
2590 17
2590 17
2590 17
2590 17
2590 17
2590 17
2590 17
2590 17
2590 17
2590 17
2590 17
2595 15
2595 15
2595 15
2595 15
2595 15
2595 15
2595 15
2595 15
2595 15
2595 15
2595 15
2595 15
2595 15
2595 15
2595 15
2595 15
2595 15
2595 15
2595 15
2595 15
2595 15
2595 15
2595 15
2595 15
2595 15
2595 15
2595 15
2595 15
2595 16
2595 15
2595 15
2595 15
2595 15
2595 15
2595 15
2595 15
2595 15
2595 15
2595 15
2595 15
2595 15
2595 14
2595 15
2595 15
2595 15
2595 15
2595 15
2595 15
2595 15
2595 15
2595 15
2595 15
2595 15
2595 15
2595 15
2595 15
2595 15
2595 15
2595 15
2595 15
2595 14
2595 14
2595 15
2595 15
2595 15
2595 15
2595 15
2595 15
2595 15
2595 15
2595 15
2595 15
2595 16
2595 15
2595 15
2595 15
2595 15
2595 16
2595 15
2595 15
2595 15
2595 15
2595 15
2595 16
2595 15
2595 15
2595 16
2595 15
2595 15
2595 15
2595 15
2595 15
2595 15
2595 15
2595 15
2595 15
2595 15
2595 15
2595 15
2600 13
2600 12
2600 12
2600 13
2600 13
2600 12
2600 12
2600 12
2600 12
2600 12
2600 12
2600 12
2600 12
2600 12
2600 12
2600 12
2600 12
2600 12
2600 12
2600 12
2600 12
2600 12
2600 12
2600 12
2600 12
2600 12
2600 12
2600 12
2600 12
2600 12
2600 12
2600 12
2600 13
2600 13
2600 12
2600 12
2600 12
2600 12
2600 12
2600 12
2600 12
2600 12
2600 13
2600 12
2600 12
2600 12
2600 12
2600 12
2600 12
2600 12
2600 12
2600 12
2600 12
2600 12
2600 12
2600 13
2600 12
2600 12
2600 12
2600 12
2600 12
2600 12
2600 12
2600 12
2600 12
2600 12
2600 12
2600 13
2600 12
2600 13
2600 12
2600 12
2600 12
2600 13
2600 12
2600 12
2600 12
2600 12
2600 12
2600 12
2600 12
2600 12
2600 12
2600 12
2600 12
2600 12
2600 12
2600 12
2600 12
2600 12
2600 12
2600 12
2600 12
2600 12
2600 13
2600 12
2600 12
2600 12
2600 13
2600 12
2605 10
2605 10
2605 11
2605 10
2605 10
2605 11
2605 11
2605 11
2605 11
2605 11
2605 11
2605 11
2605 11
2605 11
2605 11
2605 11
2605 11
2605 11
2605 10
2605 11
2605 10
2605 10
2605 10
2605 11
2605 11
2605 11
2605 11
2605 11
2605 10
2605 11
2605 10
2605 11
2605 11
2605 11
2605 11
2605 11
2605 11
2605 11
2605 11
2605 10
2605 10
2605 11
2605 11
2605 11
2605 10
2605 11
2605 11
2605 11
2605 10
2605 11
2605 11
2605 11
2605 10
2605 11
2605 10
2605 10
2605 11
2605 11
2605 11
2605 11
2605 11
2605 11
2605 11
2605 11
2605 10
2605 11
2605 11
2605 11
2605 11
2605 11
2605 11
2605 10
2605 11
2605 10
2605 11
2605 10
2605 11
2605 11
2605 11
2605 11
2605 11
2605 11
2605 11
2605 11
2605 11
2605 11
2605 11
2605 11
2605 11
2605 11
2605 11
2605 11
2605 11
2605 11
2605 10
2605 10
2605 11
2605 11
2605 11
2605 10
2610 9
2610 9
2610 9
2610 9
2610 9
2610 9
2610 9
2610 9
2610 9
2610 9
2610 9
2610 9
2610 9
2610 9
2610 9
2610 9
2610 9
2610 9
2610 9
2610 9
2610 9
2610 9
2610 9
2610 9
2610 9
2610 9
2610 9
2610 9
2610 9
2610 9
2610 9
2610 9
2610 9
2610 8
2610 9
2610 9
2610 9
2610 9
2610 9
2610 9
2610 9
2610 9
2610 9
2610 9
2610 9
2610 9
2610 9
2610 9
2610 9
2610 9
2610 9
2610 9
2610 9
2610 9
2610 9
2610 9
2610 9
2610 9
2610 9
2610 9
2610 9
2610 9
2610 9
2610 9
2610 9
2610 9
2610 9
2610 9
2610 9
2610 9
2610 9
2610 9
2610 9
2610 9
2610 9
2610 9
2610 9
2610 9
2610 9
2610 9
2610 9
2610 9
2610 9
2610 9
2610 9
2610 9
2610 9
2610 9
2610 9
2610 9
2610 9
2610 9
2610 9
2610 9
2610 9
2610 9
2610 9
2610 9
2615 6
2615 7
2615 7
2615 7
2615 7
2615 7
2615 7
2615 7
2615 7
2615 7
2615 7
2615 7
2615 7
2615 7
2615 7
2615 7
2615 7
2615 6
2615 7
2615 8
2615 7
2615 7
2615 7
2615 7
2615 7
2615 7
2615 7
2615 8
2615 6
2615 7
2615 7
2615 7
2615 7
2615 7
2615 7
2615 7
2615 7
2615 7
2615 7
2615 7
2615 7
2615 7
2615 6
2615 7
2615 7
2615 8
2615 7
2615 7
2615 7
2615 7
2615 7
2615 7
2615 7
2615 7
2615 7
2615 7
2615 7
2615 7
2615 7
2615 7
2615 7
2615 7
2615 7
2615 6
2615 7
2615 7
2615 7
2615 7
2615 7
2615 7
2615 7
2615 7
2615 7
2615 7
2615 7
2615 7
2615 7
2615 7
2615 7
2615 7
2615 7
2615 7
2615 7
2615 7
2615 7
2615 7
2615 7
2615 7
2615 7
2615 7
2615 7
2615 7
2615 6
2615 7
2615 7
2615 6
2615 7
2615 7
2615 7
2615 7
2620 5
2620 4
2620 4
2620 6
2620 5
2620 4
2620 5
2620 5
2620 4
2620 4
2620 5
2620 6
2620 5
2620 5
2620 4
2620 4
2620 4
2620 6
2620 4
2620 4
2620 4
2620 4
2620 5
2620 5
2620 5
2620 5
2620 5
2620 4
2620 6
2620 6
2620 4
2620 4
2620 5
2620 4
2620 6
2620 4
2620 4
2620 5
2620 6
2620 4
2620 6
2620 4
2620 4
2620 4
2620 4
2620 5
2620 4
2620 4
2620 4
2620 6
2620 6
2620 4
2620 4
2620 4
2620 5
2620 4
2620 5
2620 5
2620 4
2620 4
2620 4
2620 4
2620 6
2620 5
2620 5
2620 4
2620 5
2620 6
2620 4
2620 4
2620 5
2620 4
2620 4
2620 4
2620 6
2620 5
2620 5
2620 4
2620 4
2620 4
2620 5
2620 6
2620 4
2620 4
2620 4
2620 4
2620 5
2620 3
2620 4
2620 4
2620 4
2620 4
2620 4
2620 5
2620 4
2620 5
2620 5
2620 4
2620 4
2620 5
2625 2
2625 2
2625 2
2625 3
2625 2
2625 2
2625 3
2625 2
2625 3
2625 2
2625 3
2625 2
2625 2
2625 2
2625 3
2625 3
2625 2
2625 2
2625 3
2625 3
2625 2
2625 2
2625 2
2625 3
2625 5
2625 2
2625 2
2625 3
2625 2
2625 2
2625 2
2625 3
2625 2
2625 3
2625 2
2625 2
2625 2
2625 2
2625 3
2625 3
2625 2
2625 2
2625 2
2625 2
2625 2
2625 2
2625 3
2625 2
2625 2
2625 3
2625 4
2625 3
2625 2
2625 3
2625 3
2625 3
2625 4
2625 3
2625 2
2625 2
2625 2
2625 2
2625 3
2625 2
2625 2
2625 2
2625 3
2625 3
2625 2
2625 2
2625 3
2625 2
2625 2
2625 3
2625 2
2625 2
2625 2
2625 2
2625 2
2625 2
2625 3
2625 3
2625 2
2625 2
2625 2
2625 2
2625 2
2625 2
2625 2
2625 2
2625 3
2625 2
2625 3
2625 2
2625 2
2625 2
2625 2
