TOA measurement vs Delay ---- Mon Jun 15 00:59:48 2020
Pixel = 1
config file = config/asic_config_B4.yml
NofIterations = 100
LSBest = 23.151038728661458
mean value = [  0.           0.           0.           0.           0.
   0.           0.           0.           0.           0.
   0.           0.           0.           0.           0.
   0.           0.           0.           0.           0.
   0.           0.           0.           0.         124.12
 122.01010101 120.56       118.6        115.76       113.49494949
 111.77       109.84       107.         105.05       103.9
 101.23        99.09090909  97.06        94.81        93.
  90.49494949  88.92929293  87.07        84.39        81.91
  80.14        78.25252525  76.1         73.76        72.08
  69.7         67.94        65.27        63.08        61.04
  59.86        57.03        55.29        53.41        51.22
  49.01        47.01        45.38383838  43.13        40.97
  38.76        36.46464646  35.17        32.62        30.17
  28.89        27.15        25.02        23.37        21.22222222
  19.32        16.73        14.71717172  12.79        10.96
   8.78         6.03         4.           0.           0.
   0.           0.           0.           0.           0.
   0.           0.           0.           0.           0.
   0.           0.           0.           0.           0.        ]
sigma = [0.         0.         0.         0.         0.         0.
 0.         0.         0.         0.         0.         0.
 0.         0.         0.         0.         0.         0.
 0.         0.         0.         0.         0.         0.
 0.43466462 0.57944504 0.57422411 0.61913919 0.51549329 0.57732818
 0.600361   0.48757905 0.40414519 0.38837267 0.54160256 0.70741313
 0.63906354 0.5096404  0.5451911  0.32145503 0.61131977 0.38605817
 0.43408908 0.5667745  0.43038742 0.56897569 0.52162207 0.4163332
 0.5345403  0.46576103 0.54160256 0.37380922 0.52955957 0.52624456
 0.34890304 0.45136829 0.36391391 0.55608752 0.66725807 0.612318
 0.30534134 0.36501142 0.6791568  0.48624411 0.36391391 0.98271732
 0.62664944 0.63595073 0.58217981 0.494402   0.42571508 0.59231185
 0.32083225 0.56252407 0.6618089  0.63319297 0.52955957 0.53494839
 0.67024871 0.40216083 0.50490923 0.43867224 0.28867513 0.
 0.         0.         0.         0.         0.         0.
 0.         0.         0.         0.         0.         0.
 0.         0.         0.         0.        ]
Pulse delay   TOA 
2315 126
2315 126
2315 126
2315 126
2315 126
2315 126
2315 126
2315 126
2315 126
2315 126
2315 126
2315 126
2315 126
2315 126
2315 126
2315 126
2315 126
2315 126
2315 126
2315 126
2315 126
2315 126
2315 126
2315 126
2315 126
2315 126
2315 126
2315 126
2315 126
2315 126
2315 126
2315 126
2315 126
2315 126
2315 126
2315 126
2315 126
2315 126
2315 126
2315 126
2315 126
2315 126
2315 126
2315 126
2315 126
2315 126
2315 126
2320 124
2320 124
2320 125
2320 124
2320 124
2320 124
2320 124
2320 124
2320 124
2320 124
2320 124
2320 124
2320 124
2320 124
2320 124
2320 124
2320 124
2320 124
2320 124
2320 124
2320 125
2320 124
2320 124
2320 124
2320 124
2320 124
2320 124
2320 124
2320 125
2320 125
2320 124
2320 124
2320 124
2320 124
2320 124
2320 124
2320 124
2320 124
2320 124
2320 125
2320 124
2320 124
2320 124
2320 124
2320 125
2320 124
2320 124
2320 124
2320 124
2320 124
2320 124
2320 124
2320 124
2320 124
2320 124
2320 124
2320 124
2320 125
2320 124
2320 124
2320 124
2320 124
2320 124
2320 125
2320 124
2320 124
2320 125
2320 124
2320 124
2320 124
2320 124
2320 124
2320 124
2320 124
2320 124
2320 124
2320 124
2320 124
2320 124
2320 124
2320 124
2320 124
2320 125
2320 124
2320 124
2320 124
2320 124
2320 124
2320 124
2320 125
2320 124
2320 124
2320 124
2320 125
2320 124
2320 124
2320 124
2320 124
2320 124
2320 124
2325 122
2325 121
2325 122
2325 122
2325 123
2325 122
2325 122
2325 122
2325 121
2325 121
2325 123
2325 122
2325 122
2325 122
2325 122
2325 122
2325 122
2325 124
2325 122
2325 122
2325 122
2325 122
2325 122
2325 122
2325 122
2325 122
2325 122
2325 122
2325 122
2325 122
2325 122
2325 122
2325 122
2325 122
2325 122
2325 123
2325 122
2325 122
2325 122
2325 123
2325 122
2325 122
2325 121
2325 121
2325 122
2325 121
2325 123
2325 121
2325 122
2325 121
2325 122
2325 122
2325 122
2325 122
2325 122
2325 122
2325 122
2325 122
2325 122
2325 122
2325 122
2325 122
2325 122
2325 122
2325 122
2325 122
2325 122
2325 122
2325 122
2325 122
2325 123
2325 123
2325 122
2325 122
2325 123
2325 122
2325 122
2325 122
2325 122
2325 122
2325 122
2325 122
2325 122
2325 121
2325 122
2325 123
2325 121
2325 121
2325 122
2325 122
2325 123
2325 122
2325 122
2325 122
2325 122
2325 122
2325 122
2325 122
2325 122
2330 121
2330 121
2330 120
2330 121
2330 120
2330 120
2330 121
2330 121
2330 120
2330 120
2330 121
2330 120
2330 120
2330 120
2330 121
2330 121
2330 120
2330 121
2330 121
2330 120
2330 120
2330 120
2330 120
2330 121
2330 121
2330 120
2330 121
2330 120
2330 121
2330 121
2330 120
2330 121
2330 120
2330 120
2330 120
2330 121
2330 121
2330 120
2330 121
2330 121
2330 121
2330 121
2330 121
2330 121
2330 120
2330 121
2330 121
2330 121
2330 121
2330 120
2330 121
2330 121
2330 121
2330 120
2330 121
2330 121
2330 121
2330 121
2330 121
2330 120
2330 121
2330 120
2330 121
2330 120
2330 120
2330 120
2330 120
2330 121
2330 121
2330 121
2330 121
2330 121
2330 120
2330 120
2330 120
2330 121
2330 120
2330 121
2330 120
2330 120
2330 120
2330 121
2330 121
2330 120
2330 120
2330 120
2330 121
2330 120
2330 121
2330 121
2330 121
2330 121
2330 121
2330 120
2330 120
2330 120
2330 121
2330 120
2330 121
2330 121
2335 119
2335 119
2335 119
2335 118
2335 119
2335 117
2335 119
2335 119
2335 118
2335 119
2335 118
2335 119
2335 119
2335 119
2335 118
2335 118
2335 119
2335 118
2335 120
2335 118
2335 118
2335 119
2335 119
2335 118
2335 119
2335 119
2335 119
2335 119
2335 119
2335 118
2335 119
2335 119
2335 119
2335 119
2335 119
2335 118
2335 119
2335 119
2335 119
2335 118
2335 118
2335 118
2335 119
2335 119
2335 119
2335 119
2335 118
2335 118
2335 119
2335 118
2335 119
2335 117
2335 119
2335 119
2335 119
2335 119
2335 119
2335 118
2335 119
2335 118
2335 119
2335 118
2335 119
2335 119
2335 119
2335 118
2335 119
2335 119
2335 118
2335 118
2335 118
2335 119
2335 118
2335 119
2335 118
2335 118
2335 119
2335 119
2335 119
2335 119
2335 118
2335 118
2335 119
2335 118
2335 119
2335 119
2335 118
2335 118
2335 119
2335 118
2335 118
2335 119
2335 119
2335 118
2335 119
2335 118
2335 118
2335 119
2335 119
2335 119
2340 116
2340 116
2340 116
2340 116
2340 115
2340 115
2340 115
2340 116
2340 116
2340 116
2340 116
2340 115
2340 116
2340 115
2340 116
2340 116
2340 116
2340 116
2340 116
2340 116
2340 116
2340 116
2340 116
2340 116
2340 116
2340 116
2340 116
2340 116
2340 116
2340 115
2340 115
2340 115
2340 116
2340 115
2340 116
2340 115
2340 116
2340 116
2340 116
2340 116
2340 115
2340 116
2340 116
2340 115
2340 116
2340 116
2340 116
2340 115
2340 116
2340 116
2340 116
2340 116
2340 116
2340 116
2340 116
2340 115
2340 116
2340 116
2340 115
2340 116
2340 116
2340 116
2340 116
2340 116
2340 116
2340 116
2340 116
2340 116
2340 116
2340 115
2340 116
2340 115
2340 116
2340 116
2340 116
2340 115
2340 116
2340 116
2340 116
2340 116
2340 116
2340 115
2340 116
2340 116
2340 116
2340 116
2340 115
2340 115
2340 116
2340 116
2340 116
2340 116
2340 115
2340 116
2340 115
2340 116
2340 116
2340 116
2340 116
2340 115
2345 113
2345 113
2345 114
2345 113
2345 113
2345 113
2345 113
2345 114
2345 113
2345 114
2345 113
2345 114
2345 114
2345 114
2345 114
2345 114
2345 114
2345 114
2345 114
2345 114
2345 113
2345 114
2345 113
2345 113
2345 113
2345 114
2345 114
2345 113
2345 114
2345 114
2345 113
2345 113
2345 114
2345 114
2345 113
2345 113
2345 113
2345 114
2345 113
2345 113
2345 113
2345 113
2345 113
2345 113
2345 113
2345 114
2345 113
2345 113
2345 114
2345 113
2345 113
2345 114
2345 113
2345 113
2345 113
2345 113
2345 114
2345 113
2345 114
2345 114
2345 113
2345 114
2345 114
2345 114
2345 114
2345 113
2345 114
2345 113
2345 113
2345 114
2345 114
2345 114
2345 114
2345 113
2345 114
2345 114
2345 114
2345 114
2345 114
2345 113
2345 114
2345 113
2345 114
2345 114
2345 114
2345 113
2345 114
2345 113
2345 113
2345 114
2345 113
2345 113
2345 113
2345 114
2345 113
2345 113
2345 113
2345 114
2345 114
2350 112
2350 112
2350 112
2350 113
2350 112
2350 112
2350 112
2350 112
2350 112
2350 112
2350 111
2350 112
2350 112
2350 111
2350 112
2350 112
2350 112
2350 112
2350 112
2350 111
2350 112
2350 112
2350 112
2350 112
2350 111
2350 112
2350 111
2350 112
2350 112
2350 112
2350 112
2350 111
2350 112
2350 112
2350 112
2350 112
2350 112
2350 112
2350 112
2350 112
2350 111
2350 111
2350 112
2350 112
2350 113
2350 112
2350 112
2350 112
2350 112
2350 112
2350 112
2350 112
2350 111
2350 112
2350 112
2350 111
2350 111
2350 112
2350 112
2350 112
2350 112
2350 112
2350 111
2350 111
2350 112
2350 112
2350 112
2350 111
2350 111
2350 112
2350 111
2350 111
2350 112
2350 112
2350 112
2350 112
2350 111
2350 112
2350 111
2350 111
2350 112
2350 111
2350 112
2350 113
2350 113
2350 113
2350 111
2350 112
2350 112
2350 111
2350 112
2350 112
2350 111
2350 111
2350 111
2350 111
2350 112
2350 112
2350 112
2350 111
2355 110
2355 110
2355 110
2355 110
2355 109
2355 110
2355 110
2355 110
2355 110
2355 110
2355 110
2355 110
2355 110
2355 110
2355 110
2355 109
2355 110
2355 110
2355 110
2355 110
2355 108
2355 110
2355 110
2355 110
2355 110
2355 109
2355 110
2355 110
2355 110
2355 110
2355 110
2355 110
2355 110
2355 110
2355 110
2355 110
2355 110
2355 110
2355 110
2355 110
2355 110
2355 110
2355 110
2355 110
2355 110
2355 110
2355 110
2355 109
2355 110
2355 110
2355 110
2355 110
2355 109
2355 110
2355 109
2355 110
2355 110
2355 110
2355 110
2355 110
2355 110
2355 110
2355 110
2355 110
2355 110
2355 109
2355 109
2355 109
2355 110
2355 109
2355 110
2355 109
2355 110
2355 110
2355 110
2355 110
2355 109
2355 110
2355 110
2355 110
2355 110
2355 110
2355 110
2355 110
2355 110
2355 110
2355 110
2355 110
2355 110
2355 110
2355 110
2355 110
2355 109
2355 110
2355 110
2355 110
2355 110
2355 110
2355 109
2355 110
2360 107
2360 107
2360 107
2360 107
2360 107
2360 107
2360 107
2360 107
2360 108
2360 107
2360 107
2360 107
2360 107
2360 107
2360 107
2360 107
2360 107
2360 107
2360 107
2360 107
2360 107
2360 107
2360 107
2360 107
2360 107
2360 107
2360 107
2360 107
2360 107
2360 107
2360 107
2360 107
2360 108
2360 107
2360 107
2360 107
2360 107
2360 107
2360 106
2360 107
2360 107
2360 107
2360 107
2360 107
2360 108
2360 107
2360 107
2360 107
2360 107
2360 107
2360 107
2360 107
2360 107
2360 107
2360 107
2360 107
2360 107
2360 106
2360 107
2360 107
2360 107
2360 107
2360 107
2360 106
2360 107
2360 107
2360 107
2360 107
2360 107
2360 107
2360 107
2360 107
2360 107
2360 107
2360 108
2360 107
2360 107
2360 107
2360 107
2360 106
2360 107
2360 107
2360 107
2360 107
2360 107
2360 107
2360 107
2360 107
2360 107
2360 107
2360 107
2360 107
2360 107
2360 107
2360 107
2360 107
2360 107
2360 107
2360 107
2360 107
2365 105
2365 105
2365 105
2365 105
2365 105
2365 105
2365 106
2365 105
2365 105
2365 105
2365 105
2365 105
2365 105
2365 105
2365 105
2365 105
2365 105
2365 105
2365 105
2365 105
2365 105
2365 105
2365 105
2365 105
2365 105
2365 105
2365 105
2365 105
2365 105
2365 105
2365 105
2365 105
2365 105
2365 105
2365 105
2365 106
2365 105
2365 105
2365 105
2365 105
2365 105
2365 105
2365 105
2365 105
2365 105
2365 105
2365 105
2365 105
2365 105
2365 105
2365 105
2365 105
2365 105
2365 105
2365 105
2365 106
2365 105
2365 105
2365 105
2365 105
2365 105
2365 105
2365 105
2365 105
2365 105
2365 105
2365 105
2365 105
2365 104
2365 105
2365 105
2365 106
2365 106
2365 105
2365 105
2365 105
2365 105
2365 105
2365 105
2365 105
2365 105
2365 105
2365 105
2365 105
2365 105
2365 105
2365 105
2365 105
2365 105
2365 105
2365 106
2365 105
2365 105
2365 105
2365 105
2365 105
2365 105
2365 105
2365 105
2365 105
2370 104
2370 104
2370 104
2370 102
2370 104
2370 104
2370 104
2370 104
2370 104
2370 104
2370 104
2370 104
2370 104
2370 104
2370 104
2370 104
2370 104
2370 105
2370 104
2370 104
2370 104
2370 104
2370 104
2370 104
2370 104
2370 104
2370 104
2370 104
2370 104
2370 104
2370 104
2370 104
2370 104
2370 104
2370 104
2370 105
2370 104
2370 104
2370 104
2370 104
2370 104
2370 104
2370 104
2370 104
2370 102
2370 104
2370 104
2370 104
2370 104
2370 104
2370 104
2370 104
2370 104
2370 104
2370 104
2370 103
2370 104
2370 104
2370 104
2370 104
2370 104
2370 104
2370 104
2370 104
2370 104
2370 104
2370 104
2370 104
2370 104
2370 104
2370 104
2370 104
2370 102
2370 104
2370 104
2370 104
2370 104
2370 104
2370 104
2370 104
2370 104
2370 104
2370 104
2370 103
2370 104
2370 104
2370 104
2370 104
2370 104
2370 103
2370 103
2370 104
2370 102
2370 104
2370 104
2370 104
2370 104
2370 104
2370 104
2370 104
2375 101
2375 101
2375 101
2375 102
2375 101
2375 102
2375 102
2375 100
2375 101
2375 102
2375 102
2375 101
2375 102
2375 101
2375 102
2375 102
2375 101
2375 101
2375 102
2375 102
2375 101
2375 102
2375 101
2375 102
2375 101
2375 100
2375 101
2375 100
2375 102
2375 102
2375 102
2375 102
2375 102
2375 102
2375 102
2375 102
2375 100
2375 101
2375 101
2375 101
2375 101
2375 102
2375 100
2375 102
2375 100
2375 101
2375 102
2375 101
2375 100
2375 102
2375 102
2375 101
2375 101
2375 101
2375 102
2375 101
2375 101
2375 101
2375 101
2375 101
2375 101
2375 102
2375 101
2375 101
2375 102
2375 101
2375 101
2375 102
2375 101
2375 101
2375 101
2375 101
2375 101
2375 100
2375 101
2375 100
2375 101
2375 100
2375 101
2375 101
2375 102
2375 101
2375 102
2375 101
2375 101
2375 101
2375 102
2375 100
2375 101
2375 100
2375 101
2375 101
2375 101
2375 102
2375 101
2375 101
2375 101
2375 102
2375 101
2375 102
2380 98
2380 99
2380 99
2380 100
2380 100
2380 99
2380 99
2380 100
2380 100
2380 100
2380 99
2380 99
2380 100
2380 99
2380 99
2380 100
2380 99
2380 99
2380 100
2380 99
2380 100
2380 99
2380 100
2380 99
2380 99
2380 99
2380 99
2380 98
2380 98
2380 98
2380 98
2380 100
2380 99
2380 99
2380 99
2380 99
2380 98
2380 99
2380 99
2380 99
2380 98
2380 98
2380 99
2380 99
2380 99
2380 99
2380 100
2380 98
2380 99
2380 99
2380 100
2380 99
2380 100
2380 99
2380 99
2380 99
2380 99
2380 99
2380 99
2380 99
2380 99
2380 99
2380 99
2380 100
2380 99
2380 99
2380 99
2380 99
2380 99
2380 100
2380 99
2380 99
2380 99
2380 99
2380 99
2380 100
2380 99
2380 99
2380 100
2380 99
2380 98
2380 99
2380 100
2380 99
2380 99
2380 98
2380 100
2380 99
2380 99
2380 100
2380 99
2380 99
2380 98
2380 99
2380 99
2380 99
2380 99
2380 99
2380 99
2385 97
2385 98
2385 97
2385 97
2385 97
2385 97
2385 97
2385 97
2385 97
2385 97
2385 98
2385 96
2385 97
2385 97
2385 98
2385 96
2385 97
2385 97
2385 97
2385 97
2385 98
2385 97
2385 97
2385 97
2385 97
2385 97
2385 97
2385 97
2385 98
2385 97
2385 97
2385 97
2385 97
2385 97
2385 97
2385 97
2385 98
2385 97
2385 97
2385 97
2385 97
2385 98
2385 97
2385 97
2385 97
2385 97
2385 97
2385 96
2385 97
2385 97
2385 97
2385 97
2385 97
2385 97
2385 97
2385 97
2385 97
2385 98
2385 98
2385 97
2385 97
2385 97
2385 97
2385 97
2385 97
2385 97
2385 97
2385 97
2385 97
2385 97
2385 97
2385 97
2385 97
2385 98
2385 97
2385 96
2385 96
2385 97
2385 97
2385 97
2385 97
2385 97
2385 97
2385 97
2385 97
2385 97
2385 97
2385 97
2385 96
2385 97
2385 97
2385 97
2385 97
2385 98
2385 97
2385 97
2385 98
2385 97
2385 97
2385 97
2390 95
2390 95
2390 95
2390 95
2390 95
2390 95
2390 95
2390 95
2390 95
2390 95
2390 94
2390 94
2390 95
2390 94
2390 96
2390 94
2390 95
2390 94
2390 95
2390 94
2390 95
2390 95
2390 95
2390 95
2390 95
2390 95
2390 95
2390 95
2390 95
2390 95
2390 94
2390 94
2390 94
2390 94
2390 95
2390 95
2390 95
2390 95
2390 95
2390 94
2390 95
2390 95
2390 95
2390 95
2390 95
2390 95
2390 95
2390 95
2390 95
2390 95
2390 95
2390 94
2390 94
2390 94
2390 96
2390 95
2390 95
2390 95
2390 94
2390 95
2390 95
2390 95
2390 95
2390 95
2390 95
2390 95
2390 95
2390 95
2390 95
2390 94
2390 95
2390 94
2390 95
2390 95
2390 96
2390 95
2390 95
2390 95
2390 95
2390 95
2390 95
2390 95
2390 94
2390 94
2390 95
2390 95
2390 95
2390 95
2390 95
2390 94
2390 95
2390 95
2390 95
2390 95
2390 94
2390 95
2390 95
2390 95
2390 95
2390 94
2395 93
2395 93
2395 93
2395 93
2395 93
2395 93
2395 93
2395 93
2395 93
2395 93
2395 93
2395 93
2395 93
2395 93
2395 93
2395 93
2395 93
2395 93
2395 93
2395 93
2395 93
2395 93
2395 93
2395 93
2395 93
2395 93
2395 93
2395 93
2395 93
2395 93
2395 93
2395 93
2395 93
2395 93
2395 93
2395 93
2395 93
2395 93
2395 93
2395 93
2395 93
2395 93
2395 93
2395 93
2395 93
2395 93
2395 93
2395 93
2395 93
2395 93
2395 93
2395 93
2395 93
2395 93
2395 93
2395 93
2395 93
2395 93
2395 93
2395 93
2395 92
2395 93
2395 93
2395 93
2395 93
2395 93
2395 93
2395 93
2395 93
2395 93
2395 93
2395 93
2395 93
2395 93
2395 93
2395 93
2395 93
2395 93
2395 93
2395 93
2395 93
2395 93
2395 93
2395 93
2395 93
2395 93
2395 93
2395 93
2395 93
2395 93
2395 93
2395 93
2395 93
2395 93
2395 94
2395 93
2395 93
2395 93
2395 93
2395 93
2400 91
2400 91
2400 91
2400 91
2400 91
2400 91
2400 91
2400 90
2400 90
2400 90
2400 91
2400 90
2400 90
2400 91
2400 90
2400 90
2400 90
2400 91
2400 91
2400 91
2400 91
2400 90
2400 90
2400 90
2400 91
2400 91
2400 90
2400 91
2400 91
2400 90
2400 90
2400 91
2400 90
2400 92
2400 91
2400 91
2400 91
2400 90
2400 90
2400 90
2400 90
2400 90
2400 90
2400 91
2400 90
2400 90
2400 91
2400 90
2400 91
2400 90
2400 91
2400 90
2400 90
2400 90
2400 91
2400 90
2400 90
2400 91
2400 91
2400 90
2400 91
2400 91
2400 91
2400 91
2400 90
2400 91
2400 90
2400 90
2400 91
2400 91
2400 90
2400 90
2400 90
2400 91
2400 90
2400 91
2400 92
2400 90
2400 91
2400 91
2400 90
2400 90
2400 90
2400 90
2400 91
2400 90
2400 90
2400 90
2400 91
2400 90
2400 90
2400 91
2400 91
2400 90
2400 90
2400 90
2400 90
2400 91
2400 91
2405 89
2405 89
2405 89
2405 89
2405 89
2405 89
2405 89
2405 89
2405 89
2405 89
2405 89
2405 89
2405 89
2405 88
2405 89
2405 89
2405 89
2405 89
2405 89
2405 89
2405 89
2405 89
2405 89
2405 89
2405 89
2405 89
2405 88
2405 89
2405 89
2405 89
2405 89
2405 89
2405 89
2405 89
2405 89
2405 89
2405 89
2405 89
2405 89
2405 89
2405 89
2405 89
2405 89
2405 89
2405 89
2405 89
2405 89
2405 89
2405 89
2405 89
2405 88
2405 88
2405 89
2405 89
2405 89
2405 89
2405 89
2405 89
2405 89
2405 89
2405 89
2405 89
2405 89
2405 89
2405 88
2405 89
2405 89
2405 88
2405 89
2405 89
2405 89
2405 89
2405 89
2405 89
2405 89
2405 89
2405 89
2405 89
2405 89
2405 89
2405 89
2405 89
2405 89
2405 89
2405 89
2405 89
2405 89
2405 89
2405 89
2405 89
2405 89
2405 89
2405 89
2405 89
2405 89
2405 88
2405 89
2405 89
2405 89
2410 87
2410 87
2410 88
2410 87
2410 87
2410 87
2410 87
2410 87
2410 87
2410 87
2410 87
2410 87
2410 87
2410 87
2410 88
2410 87
2410 87
2410 88
2410 87
2410 87
2410 86
2410 87
2410 87
2410 87
2410 88
2410 87
2410 87
2410 87
2410 87
2410 87
2410 88
2410 87
2410 88
2410 87
2410 87
2410 88
2410 87
2410 87
2410 87
2410 87
2410 87
2410 87
2410 87
2410 87
2410 87
2410 87
2410 87
2410 87
2410 87
2410 87
2410 87
2410 88
2410 87
2410 87
2410 87
2410 87
2410 87
2410 87
2410 87
2410 87
2410 87
2410 87
2410 87
2410 87
2410 87
2410 87
2410 88
2410 87
2410 87
2410 87
2410 87
2410 87
2410 87
2410 86
2410 87
2410 87
2410 87
2410 87
2410 87
2410 87
2410 87
2410 87
2410 87
2410 87
2410 87
2410 87
2410 87
2410 87
2410 87
2410 87
2410 87
2410 87
2410 87
2410 87
2410 87
2410 87
2410 87
2410 87
2410 87
2410 87
2415 84
2415 84
2415 85
2415 85
2415 85
2415 84
2415 84
2415 84
2415 84
2415 85
2415 84
2415 84
2415 85
2415 84
2415 84
2415 84
2415 85
2415 84
2415 85
2415 85
2415 85
2415 85
2415 84
2415 85
2415 84
2415 85
2415 85
2415 84
2415 85
2415 84
2415 84
2415 84
2415 85
2415 84
2415 84
2415 84
2415 85
2415 84
2415 84
2415 85
2415 84
2415 85
2415 84
2415 84
2415 84
2415 84
2415 84
2415 84
2415 84
2415 84
2415 84
2415 84
2415 85
2415 84
2415 84
2415 84
2415 85
2415 85
2415 84
2415 85
2415 85
2415 84
2415 84
2415 85
2415 85
2415 85
2415 85
2415 85
2415 84
2415 84
2415 85
2415 85
2415 84
2415 84
2415 85
2415 84
2415 85
2415 84
2415 84
2415 84
2415 85
2415 84
2415 84
2415 84
2415 85
2415 84
2415 85
2415 84
2415 84
2415 84
2415 84
2415 85
2415 84
2415 84
2415 85
2415 84
2415 84
2415 85
2415 84
2415 85
2420 82
2420 82
2420 82
2420 82
2420 82
2420 81
2420 82
2420 81
2420 82
2420 82
2420 82
2420 82
2420 82
2420 82
2420 82
2420 82
2420 82
2420 82
2420 81
2420 82
2420 82
2420 82
2420 82
2420 82
2420 82
2420 82
2420 82
2420 82
2420 81
2420 82
2420 82
2420 82
2420 82
2420 82
2420 81
2420 82
2420 82
2420 82
2420 82
2420 82
2420 82
2420 82
2420 81
2420 82
2420 82
2420 82
2420 82
2420 82
2420 82
2420 82
2420 82
2420 82
2420 82
2420 81
2420 82
2420 82
2420 82
2420 82
2420 82
2420 82
2420 82
2420 82
2420 82
2420 82
2420 82
2420 82
2420 82
2420 82
2420 82
2420 82
2420 82
2420 82
2420 82
2420 81
2420 81
2420 82
2420 82
2420 82
2420 82
2420 82
2420 82
2420 82
2420 82
2420 82
2420 82
2420 82
2420 83
2420 81
2420 82
2420 82
2420 82
2420 82
2420 82
2420 82
2420 82
2420 82
2420 82
2420 82
2420 82
2420 82
2425 79
2425 81
2425 80
2425 80
2425 80
2425 80
2425 80
2425 80
2425 81
2425 80
2425 80
2425 80
2425 80
2425 80
2425 80
2425 81
2425 80
2425 80
2425 80
2425 79
2425 80
2425 81
2425 80
2425 80
2425 81
2425 80
2425 80
2425 81
2425 80
2425 81
2425 80
2425 80
2425 80
2425 80
2425 80
2425 80
2425 79
2425 80
2425 80
2425 80
2425 80
2425 80
2425 80
2425 80
2425 80
2425 80
2425 80
2425 80
2425 81
2425 81
2425 79
2425 80
2425 80
2425 81
2425 80
2425 80
2425 81
2425 80
2425 80
2425 80
2425 81
2425 80
2425 80
2425 80
2425 81
2425 80
2425 81
2425 80
2425 80
2425 80
2425 80
2425 81
2425 80
2425 80
2425 80
2425 80
2425 79
2425 80
2425 80
2425 79
2425 81
2425 80
2425 80
2425 80
2425 80
2425 80
2425 81
2425 80
2425 80
2425 80
2425 80
2425 81
2425 80
2425 80
2425 81
2425 81
2425 80
2425 80
2425 80
2425 80
2430 79
2430 78
2430 78
2430 79
2430 79
2430 78
2430 78
2430 79
2430 79
2430 78
2430 79
2430 78
2430 78
2430 78
2430 78
2430 78
2430 79
2430 79
2430 79
2430 78
2430 78
2430 79
2430 78
2430 78
2430 78
2430 78
2430 78
2430 78
2430 78
2430 78
2430 79
2430 78
2430 78
2430 79
2430 78
2430 78
2430 79
2430 79
2430 78
2430 79
2430 78
2430 78
2430 78
2430 78
2430 78
2430 78
2430 78
2430 78
2430 79
2430 78
2430 78
2430 78
2430 78
2430 78
2430 78
2430 78
2430 78
2430 78
2430 78
2430 79
2430 78
2430 78
2430 79
2430 78
2430 78
2430 78
2430 78
2430 78
2430 78
2430 78
2430 79
2430 78
2430 78
2430 78
2430 78
2430 79
2430 78
2430 78
2430 78
2430 78
2430 78
2430 78
2430 79
2430 78
2430 78
2430 79
2430 78
2430 78
2430 78
2430 79
2430 78
2430 79
2430 78
2430 78
2430 78
2430 78
2430 78
2430 78
2430 79
2435 76
2435 76
2435 76
2435 76
2435 76
2435 76
2435 76
2435 77
2435 76
2435 76
2435 76
2435 76
2435 76
2435 76
2435 76
2435 76
2435 76
2435 76
2435 76
2435 76
2435 76
2435 76
2435 76
2435 76
2435 76
2435 76
2435 76
2435 76
2435 77
2435 76
2435 76
2435 76
2435 77
2435 76
2435 76
2435 77
2435 76
2435 76
2435 76
2435 76
2435 76
2435 76
2435 77
2435 76
2435 76
2435 76
2435 76
2435 76
2435 76
2435 76
2435 76
2435 76
2435 76
2435 76
2435 76
2435 76
2435 76
2435 76
2435 77
2435 76
2435 76
2435 76
2435 76
2435 76
2435 76
2435 77
2435 76
2435 77
2435 76
2435 76
2435 76
2435 76
2435 76
2435 76
2435 76
2435 76
2435 76
2435 76
2435 76
2435 76
2435 77
2435 76
2435 76
2435 76
2435 76
2435 76
2435 76
2435 76
2435 76
2435 76
2435 76
2435 76
2435 76
2435 76
2435 76
2435 76
2435 76
2435 77
2435 76
2435 76
2440 74
2440 74
2440 73
2440 74
2440 73
2440 74
2440 73
2440 74
2440 74
2440 74
2440 73
2440 73
2440 74
2440 74
2440 73
2440 74
2440 74
2440 74
2440 74
2440 74
2440 74
2440 74
2440 74
2440 73
2440 74
2440 74
2440 74
2440 74
2440 74
2440 74
2440 74
2440 74
2440 74
2440 73
2440 73
2440 73
2440 74
2440 74
2440 74
2440 73
2440 74
2440 74
2440 74
2440 73
2440 73
2440 74
2440 73
2440 74
2440 73
2440 73
2440 74
2440 73
2440 74
2440 73
2440 74
2440 74
2440 74
2440 73
2440 74
2440 74
2440 73
2440 74
2440 74
2440 74
2440 74
2440 74
2440 74
2440 74
2440 73
2440 74
2440 74
2440 73
2440 74
2440 74
2440 74
2440 74
2440 74
2440 74
2440 74
2440 74
2440 74
2440 73
2440 74
2440 74
2440 74
2440 74
2440 75
2440 74
2440 74
2440 73
2440 74
2440 74
2440 74
2440 74
2440 74
2440 74
2440 74
2440 74
2440 73
2440 74
2445 72
2445 73
2445 72
2445 72
2445 72
2445 72
2445 72
2445 72
2445 72
2445 72
2445 73
2445 72
2445 72
2445 72
2445 72
2445 72
2445 73
2445 72
2445 72
2445 72
2445 72
2445 72
2445 72
2445 72
2445 72
2445 72
2445 72
2445 72
2445 72
2445 72
2445 72
2445 73
2445 72
2445 72
2445 72
2445 72
2445 72
2445 70
2445 72
2445 72
2445 72
2445 72
2445 72
2445 72
2445 73
2445 72
2445 72
2445 72
2445 72
2445 72
2445 72
2445 72
2445 72
2445 73
2445 72
2445 72
2445 72
2445 72
2445 72
2445 73
2445 72
2445 72
2445 72
2445 73
2445 72
2445 72
2445 72
2445 72
2445 72
2445 72
2445 72
2445 72
2445 72
2445 73
2445 72
2445 72
2445 72
2445 72
2445 72
2445 72
2445 72
2445 73
2445 72
2445 72
2445 72
2445 72
2445 72
2445 72
2445 72
2445 72
2445 72
2445 72
2445 72
2445 72
2445 72
2445 72
2445 72
2445 72
2445 72
2445 72
2450 69
2450 69
2450 70
2450 69
2450 69
2450 69
2450 69
2450 69
2450 70
2450 70
2450 70
2450 69
2450 69
2450 70
2450 70
2450 70
2450 69
2450 70
2450 70
2450 70
2450 70
2450 70
2450 70
2450 70
2450 70
2450 70
2450 70
2450 70
2450 70
2450 70
2450 70
2450 69
2450 70
2450 70
2450 69
2450 70
2450 69
2450 70
2450 70
2450 70
2450 70
2450 69
2450 69
2450 70
2450 70
2450 70
2450 70
2450 69
2450 70
2450 70
2450 70
2450 70
2450 69
2450 70
2450 69
2450 70
2450 70
2450 70
2450 70
2450 70
2450 70
2450 70
2450 70
2450 69
2450 70
2450 70
2450 70
2450 69
2450 70
2450 69
2450 70
2450 70
2450 70
2450 70
2450 70
2450 69
2450 70
2450 70
2450 69
2450 70
2450 70
2450 69
2450 69
2450 70
2450 69
2450 69
2450 70
2450 69
2450 69
2450 70
2450 70
2450 70
2450 70
2450 70
2450 69
2450 70
2450 70
2450 70
2450 70
2450 70
2455 68
2455 68
2455 68
2455 68
2455 68
2455 68
2455 68
2455 68
2455 68
2455 68
2455 68
2455 68
2455 68
2455 68
2455 68
2455 68
2455 68
2455 68
2455 68
2455 68
2455 68
2455 68
2455 68
2455 68
2455 67
2455 68
2455 68
2455 68
2455 68
2455 68
2455 68
2455 68
2455 68
2455 68
2455 68
2455 68
2455 67
2455 68
2455 68
2455 68
2455 67
2455 68
2455 68
2455 68
2455 68
2455 67
2455 68
2455 68
2455 68
2455 68
2455 68
2455 68
2455 68
2455 68
2455 68
2455 68
2455 68
2455 68
2455 68
2455 68
2455 68
2455 68
2455 68
2455 68
2455 68
2455 68
2455 68
2455 68
2455 68
2455 68
2455 68
2455 68
2455 68
2455 68
2455 67
2455 68
2455 68
2455 68
2455 68
2455 68
2455 68
2455 68
2455 68
2455 68
2455 68
2455 68
2455 68
2455 68
2455 67
2455 68
2455 68
2455 68
2455 68
2455 68
2455 68
2455 68
2455 68
2455 68
2455 68
2455 68
2460 65
2460 65
2460 65
2460 65
2460 65
2460 65
2460 66
2460 65
2460 65
2460 65
2460 65
2460 65
2460 65
2460 65
2460 65
2460 65
2460 65
2460 65
2460 65
2460 65
2460 65
2460 65
2460 66
2460 65
2460 66
2460 66
2460 66
2460 65
2460 65
2460 65
2460 65
2460 65
2460 65
2460 65
2460 66
2460 65
2460 65
2460 65
2460 65
2460 66
2460 65
2460 65
2460 65
2460 66
2460 66
2460 66
2460 66
2460 66
2460 65
2460 66
2460 66
2460 65
2460 66
2460 65
2460 65
2460 66
2460 65
2460 65
2460 65
2460 66
2460 65
2460 66
2460 65
2460 65
2460 65
2460 65
2460 65
2460 66
2460 65
2460 65
2460 65
2460 66
2460 65
2460 65
2460 65
2460 66
2460 66
2460 65
2460 65
2460 65
2460 65
2460 65
2460 65
2460 65
2460 66
2460 66
2460 65
2460 65
2460 66
2460 65
2460 65
2460 65
2460 65
2460 65
2460 65
2460 66
2460 65
2460 65
2460 65
2460 66
2465 63
2465 63
2465 63
2465 63
2465 63
2465 63
2465 63
2465 64
2465 63
2465 63
2465 63
2465 63
2465 63
2465 63
2465 63
2465 62
2465 63
2465 64
2465 64
2465 63
2465 63
2465 63
2465 63
2465 63
2465 63
2465 63
2465 63
2465 63
2465 63
2465 63
2465 63
2465 63
2465 63
2465 63
2465 63
2465 63
2465 64
2465 63
2465 63
2465 63
2465 63
2465 63
2465 63
2465 64
2465 63
2465 64
2465 63
2465 63
2465 63
2465 64
2465 63
2465 63
2465 63
2465 63
2465 63
2465 63
2465 62
2465 63
2465 64
2465 63
2465 63
2465 63
2465 63
2465 63
2465 64
2465 63
2465 63
2465 62
2465 62
2465 62
2465 64
2465 64
2465 63
2465 63
2465 64
2465 64
2465 63
2465 63
2465 63
2465 63
2465 63
2465 63
2465 63
2465 63
2465 63
2465 63
2465 63
2465 63
2465 63
2465 63
2465 63
2465 63
2465 62
2465 63
2465 63
2465 63
2465 63
2465 63
2465 64
2465 63
2470 61
2470 62
2470 61
2470 61
2470 61
2470 61
2470 61
2470 61
2470 61
2470 61
2470 61
2470 61
2470 61
2470 61
2470 61
2470 61
2470 61
2470 61
2470 62
2470 61
2470 61
2470 61
2470 61
2470 61
2470 61
2470 61
2470 61
2470 61
2470 61
2470 61
2470 61
2470 61
2470 61
2470 61
2470 62
2470 61
2470 61
2470 61
2470 61
2470 61
2470 61
2470 61
2470 61
2470 61
2470 61
2470 62
2470 61
2470 61
2470 61
2470 61
2470 61
2470 61
2470 61
2470 61
2470 61
2470 61
2470 61
2470 61
2470 61
2470 61
2470 61
2470 61
2470 61
2470 61
2470 61
2470 61
2470 61
2470 61
2470 61
2470 61
2470 61
2470 61
2470 61
2470 61
2470 61
2470 61
2470 61
2470 61
2470 61
2470 61
2470 61
2470 61
2470 61
2470 61
2470 61
2470 61
2470 61
2470 61
2470 61
2470 61
2470 61
2470 61
2470 61
2470 61
2470 61
2470 61
2470 61
2470 61
2470 61
2470 61
2475 60
2475 60
2475 60
2475 60
2475 60
2475 60
2475 60
2475 60
2475 60
2475 60
2475 60
2475 60
2475 60
2475 59
2475 60
2475 60
2475 60
2475 60
2475 60
2475 60
2475 60
2475 60
2475 60
2475 59
2475 60
2475 60
2475 60
2475 59
2475 60
2475 60
2475 60
2475 60
2475 60
2475 60
2475 59
2475 60
2475 60
2475 60
2475 60
2475 60
2475 60
2475 60
2475 60
2475 60
2475 60
2475 60
2475 59
2475 60
2475 60
2475 60
2475 60
2475 59
2475 60
2475 60
2475 60
2475 60
2475 59
2475 59
2475 60
2475 60
2475 60
2475 60
2475 60
2475 60
2475 60
2475 60
2475 59
2475 60
2475 59
2475 60
2475 60
2475 60
2475 60
2475 60
2475 60
2475 59
2475 60
2475 60
2475 60
2475 60
2475 60
2475 60
2475 60
2475 60
2475 60
2475 60
2475 59
2475 60
2475 60
2475 60
2475 59
2475 60
2475 60
2475 60
2475 60
2475 59
2475 60
2475 60
2475 60
2475 60
2480 57
2480 57
2480 57
2480 57
2480 57
2480 57
2480 57
2480 57
2480 57
2480 57
2480 57
2480 57
2480 57
2480 58
2480 57
2480 57
2480 57
2480 57
2480 57
2480 57
2480 57
2480 57
2480 57
2480 57
2480 57
2480 57
2480 57
2480 57
2480 57
2480 57
2480 57
2480 57
2480 57
2480 57
2480 57
2480 57
2480 57
2480 57
2480 57
2480 57
2480 57
2480 57
2480 57
2480 57
2480 57
2480 57
2480 57
2480 57
2480 56
2480 57
2480 57
2480 57
2480 57
2480 57
2480 57
2480 57
2480 57
2480 57
2480 57
2480 57
2480 57
2480 57
2480 57
2480 57
2480 57
2480 57
2480 57
2480 57
2480 58
2480 57
2480 57
2480 57
2480 57
2480 57
2480 58
2480 57
2480 57
2480 57
2480 57
2480 57
2480 57
2480 57
2480 57
2480 57
2480 57
2480 57
2480 57
2480 57
2480 57
2480 58
2480 57
2480 57
2480 57
2480 57
2480 57
2480 57
2480 57
2480 57
2480 57
2480 57
2485 55
2485 55
2485 55
2485 55
2485 55
2485 55
2485 55
2485 56
2485 55
2485 55
2485 56
2485 55
2485 55
2485 56
2485 56
2485 55
2485 56
2485 56
2485 55
2485 55
2485 56
2485 55
2485 55
2485 55
2485 55
2485 56
2485 56
2485 55
2485 55
2485 56
2485 56
2485 55
2485 55
2485 55
2485 56
2485 55
2485 56
2485 56
2485 56
2485 56
2485 55
2485 55
2485 55
2485 55
2485 55
2485 55
2485 55
2485 56
2485 55
2485 56
2485 56
2485 55
2485 55
2485 56
2485 56
2485 55
2485 55
2485 54
2485 55
2485 55
2485 55
2485 55
2485 56
2485 55
2485 55
2485 55
2485 56
2485 56
2485 55
2485 55
2485 55
2485 55
2485 55
2485 55
2485 55
2485 56
2485 55
2485 55
2485 55
2485 55
2485 55
2485 55
2485 56
2485 55
2485 55
2485 55
2485 55
2485 55
2485 55
2485 55
2485 55
2485 55
2485 56
2485 56
2485 55
2485 56
2485 55
2485 56
2485 55
2485 55
2490 54
2490 54
2490 53
2490 54
2490 53
2490 52
2490 53
2490 53
2490 53
2490 53
2490 54
2490 53
2490 52
2490 53
2490 52
2490 54
2490 54
2490 53
2490 53
2490 53
2490 54
2490 53
2490 54
2490 53
2490 53
2490 53
2490 54
2490 53
2490 53
2490 54
2490 53
2490 54
2490 53
2490 54
2490 53
2490 53
2490 53
2490 54
2490 53
2490 54
2490 54
2490 53
2490 53
2490 54
2490 53
2490 53
2490 53
2490 54
2490 53
2490 54
2490 54
2490 54
2490 53
2490 54
2490 54
2490 53
2490 53
2490 54
2490 54
2490 53
2490 53
2490 54
2490 54
2490 53
2490 54
2490 54
2490 53
2490 55
2490 54
2490 53
2490 53
2490 53
2490 53
2490 53
2490 54
2490 54
2490 53
2490 53
2490 54
2490 54
2490 53
2490 54
2490 54
2490 53
2490 54
2490 53
2490 53
2490 53
2490 54
2490 53
2490 54
2490 54
2490 52
2490 53
2490 54
2490 52
2490 54
2490 54
2490 54
2490 54
2495 52
2495 51
2495 52
2495 51
2495 51
2495 52
2495 51
2495 52
2495 51
2495 51
2495 52
2495 52
2495 51
2495 51
2495 52
2495 50
2495 51
2495 51
2495 50
2495 51
2495 51
2495 51
2495 52
2495 51
2495 51
2495 51
2495 51
2495 51
2495 51
2495 51
2495 51
2495 51
2495 51
2495 51
2495 51
2495 50
2495 52
2495 51
2495 51
2495 51
2495 51
2495 52
2495 51
2495 51
2495 51
2495 50
2495 51
2495 52
2495 51
2495 51
2495 51
2495 51
2495 51
2495 52
2495 52
2495 52
2495 52
2495 51
2495 51
2495 51
2495 52
2495 52
2495 51
2495 50
2495 51
2495 51
2495 51
2495 51
2495 51
2495 51
2495 51
2495 52
2495 51
2495 52
2495 52
2495 51
2495 51
2495 52
2495 52
2495 52
2495 51
2495 51
2495 52
2495 52
2495 51
2495 51
2495 51
2495 52
2495 51
2495 51
2495 51
2495 51
2495 51
2495 50
2495 51
2495 51
2495 52
2495 52
2495 51
2495 51
2500 49
2500 49
2500 49
2500 49
2500 49
2500 49
2500 49
2500 49
2500 49
2500 49
2500 49
2500 49
2500 49
2500 49
2500 49
2500 49
2500 49
2500 49
2500 49
2500 49
2500 49
2500 49
2500 49
2500 49
2500 49
2500 49
2500 49
2500 49
2500 49
2500 49
2500 49
2500 49
2500 49
2500 49
2500 49
2500 49
2500 49
2500 49
2500 49
2500 49
2500 49
2500 49
2500 49
2500 49
2500 49
2500 49
2500 49
2500 49
2500 49
2500 49
2500 49
2500 49
2500 49
2500 49
2500 49
2500 49
2500 49
2500 49
2500 49
2500 50
2500 49
2500 49
2500 49
2500 49
2500 49
2500 49
2500 49
2500 49
2500 49
2500 49
2500 49
2500 49
2500 49
2500 49
2500 49
2500 49
2500 49
2500 49
2500 49
2500 49
2500 49
2500 49
2500 49
2500 49
2500 49
2500 49
2500 49
2500 49
2500 49
2500 49
2500 49
2500 49
2500 49
2500 49
2500 49
2500 49
2500 49
2500 49
2500 49
2500 49
2505 47
2505 47
2505 47
2505 47
2505 47
2505 47
2505 47
2505 47
2505 47
2505 47
2505 47
2505 47
2505 47
2505 47
2505 47
2505 47
2505 47
2505 47
2505 47
2505 47
2505 47
2505 47
2505 47
2505 47
2505 46
2505 47
2505 47
2505 47
2505 47
2505 47
2505 47
2505 47
2505 47
2505 47
2505 47
2505 47
2505 47
2505 47
2505 47
2505 47
2505 47
2505 47
2505 47
2505 47
2505 47
2505 47
2505 47
2505 47
2505 47
2505 47
2505 47
2505 47
2505 47
2505 48
2505 46
2505 47
2505 47
2505 47
2505 47
2505 47
2505 47
2505 47
2505 47
2505 47
2505 47
2505 47
2505 47
2505 47
2505 47
2505 47
2505 47
2505 47
2505 47
2505 47
2505 47
2505 47
2505 47
2505 47
2505 47
2505 47
2505 48
2505 47
2505 47
2505 48
2505 47
2505 47
2505 47
2505 47
2505 47
2505 47
2505 47
2505 47
2505 47
2505 47
2505 47
2505 47
2505 47
2505 47
2505 47
2505 47
2510 44
2510 45
2510 46
2510 44
2510 45
2510 45
2510 45
2510 45
2510 46
2510 46
2510 45
2510 45
2510 46
2510 46
2510 46
2510 46
2510 46
2510 45
2510 45
2510 45
2510 45
2510 45
2510 45
2510 45
2510 46
2510 46
2510 45
2510 46
2510 45
2510 46
2510 45
2510 46
2510 45
2510 46
2510 45
2510 45
2510 46
2510 45
2510 45
2510 45
2510 45
2510 46
2510 45
2510 46
2510 46
2510 45
2510 45
2510 46
2510 46
2510 45
2510 46
2510 46
2510 45
2510 45
2510 46
2510 46
2510 44
2510 46
2510 45
2510 46
2510 45
2510 46
2510 45
2510 46
2510 46
2510 45
2510 45
2510 45
2510 46
2510 45
2510 46
2510 46
2510 46
2510 45
2510 45
2510 46
2510 46
2510 46
2510 46
2510 46
2510 46
2510 45
2510 46
2510 45
2510 45
2510 44
2510 44
2510 45
2510 44
2510 46
2510 46
2510 45
2510 45
2510 45
2510 46
2510 46
2510 45
2510 44
2510 46
2515 43
2515 44
2515 43
2515 43
2515 43
2515 43
2515 43
2515 43
2515 43
2515 44
2515 43
2515 43
2515 43
2515 43
2515 44
2515 44
2515 43
2515 43
2515 43
2515 43
2515 43
2515 43
2515 43
2515 43
2515 43
2515 43
2515 43
2515 42
2515 43
2515 43
2515 43
2515 43
2515 43
2515 43
2515 43
2515 43
2515 44
2515 44
2515 44
2515 43
2515 43
2515 43
2515 43
2515 43
2515 43
2515 43
2515 44
2515 43
2515 43
2515 43
2515 43
2515 43
2515 43
2515 43
2515 43
2515 43
2515 43
2515 43
2515 43
2515 44
2515 43
2515 43
2515 43
2515 43
2515 43
2515 43
2515 43
2515 43
2515 44
2515 43
2515 43
2515 43
2515 44
2515 43
2515 43
2515 43
2515 43
2515 43
2515 43
2515 43
2515 43
2515 43
2515 43
2515 43
2515 44
2515 43
2515 44
2515 43
2515 43
2515 43
2515 42
2515 43
2515 43
2515 44
2515 43
2515 43
2515 43
2515 43
2515 44
2515 43
2520 41
2520 40
2520 41
2520 41
2520 41
2520 41
2520 41
2520 40
2520 41
2520 41
2520 41
2520 41
2520 41
2520 41
2520 41
2520 41
2520 41
2520 41
2520 41
2520 41
2520 41
2520 41
2520 41
2520 40
2520 41
2520 41
2520 41
2520 41
2520 41
2520 41
2520 41
2520 41
2520 41
2520 41
2520 41
2520 41
2520 41
2520 41
2520 41
2520 41
2520 41
2520 41
2520 41
2520 41
2520 41
2520 40
2520 41
2520 41
2520 41
2520 41
2520 41
2520 41
2520 41
2520 41
2520 41
2520 41
2520 41
2520 41
2520 41
2520 41
2520 41
2520 41
2520 41
2520 41
2520 41
2520 41
2520 41
2520 41
2520 41
2520 41
2520 41
2520 41
2520 41
2520 41
2520 41
2520 41
2520 41
2520 41
2520 41
2520 41
2520 41
2520 41
2520 41
2520 41
2520 41
2520 41
2520 41
2520 41
2520 41
2520 42
2520 41
2520 41
2520 41
2520 41
2520 41
2520 41
2520 41
2520 41
2520 41
2520 41
2525 38
2525 40
2525 40
2525 40
2525 40
2525 40
2525 38
2525 38
2525 38
2525 38
2525 40
2525 39
2525 38
2525 38
2525 40
2525 40
2525 40
2525 40
2525 38
2525 38
2525 38
2525 40
2525 40
2525 38
2525 38
2525 38
2525 38
2525 40
2525 38
2525 40
2525 40
2525 38
2525 38
2525 38
2525 38
2525 40
2525 40
2525 38
2525 38
2525 40
2525 40
2525 38
2525 38
2525 38
2525 38
2525 40
2525 40
2525 40
2525 38
2525 38
2525 40
2525 40
2525 38
2525 40
2525 38
2525 38
2525 38
2525 38
2525 40
2525 38
2525 38
2525 38
2525 38
2525 38
2525 38
2525 38
2525 38
2525 39
2525 38
2525 40
2525 38
2525 39
2525 39
2525 39
2525 38
2525 38
2525 38
2525 40
2525 38
2525 38
2525 38
2525 40
2525 40
2525 40
2525 38
2525 38
2525 38
2525 38
2525 38
2525 38
2525 38
2525 38
2525 39
2525 38
2525 40
2525 40
2525 40
2525 40
2525 38
2525 38
2530 36
2530 37
2530 36
2530 37
2530 38
2530 37
2530 36
2530 36
2530 36
2530 37
2530 37
2530 36
2530 37
2530 36
2530 36
2530 37
2530 36
2530 36
2530 36
2530 36
2530 36
2530 36
2530 36
2530 37
2530 36
2530 36
2530 37
2530 36
2530 36
2530 36
2530 36
2530 37
2530 36
2530 36
2530 37
2530 36
2530 36
2530 36
2530 36
2530 36
2530 37
2530 37
2530 36
2530 36
2530 37
2530 36
2530 37
2530 37
2530 37
2530 37
2530 37
2530 37
2530 37
2530 37
2530 37
2530 36
2530 38
2530 37
2530 36
2530 36
2530 36
2530 36
2530 37
2530 36
2530 36
2530 37
2530 37
2530 37
2530 36
2530 36
2530 36
2530 36
2530 38
2530 37
2530 36
2530 36
2530 37
2530 36
2530 37
2530 37
2530 36
2530 37
2530 37
2530 37
2530 36
2530 37
2530 36
2530 36
2530 36
2530 36
2530 36
2530 36
2530 37
2530 37
2530 36
2530 37
2530 36
2530 36
2530 37
2535 35
2535 36
2535 35
2535 35
2535 36
2535 35
2535 35
2535 35
2535 35
2535 35
2535 35
2535 36
2535 35
2535 35
2535 35
2535 35
2535 35
2535 36
2535 36
2535 35
2535 36
2535 35
2535 35
2535 35
2535 34
2535 35
2535 35
2535 35
2535 35
2535 35
2535 35
2535 35
2535 35
2535 35
2535 34
2535 35
2535 35
2535 35
2535 36
2535 35
2535 36
2535 36
2535 34
2535 36
2535 35
2535 36
2535 35
2535 34
2535 36
2535 35
2535 35
2535 35
2535 34
2535 35
2535 35
2535 36
2535 35
2535 36
2535 35
2535 34
2535 36
2535 35
2535 36
2535 35
2535 36
2535 35
2535 35
2535 35
2535 36
2535 36
2535 36
2535 35
2535 35
2535 35
2535 35
2535 35
2535 36
2535 35
2535 34
2535 35
2535 36
2535 36
2535 36
2535 35
2535 35
2535 36
2535 34
2535 34
2535 35
2535 35
2535 35
2535 35
2535 35
2535 35
2535 35
2535 35
2535 35
2535 35
2535 35
2535 36
2540 33
2540 33
2540 32
2540 32
2540 32
2540 32
2540 33
2540 32
2540 33
2540 32
2540 33
2540 33
2540 33
2540 33
2540 33
2540 33
2540 33
2540 33
2540 33
2540 33
2540 32
2540 33
2540 33
2540 33
2540 33
2540 32
2540 33
2540 32
2540 33
2540 33
2540 33
2540 32
2540 33
2540 33
2540 34
2540 33
2540 33
2540 33
2540 33
2540 32
2540 33
2540 33
2540 32
2540 33
2540 33
2540 33
2540 33
2540 32
2540 32
2540 33
2540 32
2540 32
2540 33
2540 32
2540 33
2540 32
2540 33
2540 33
2540 32
2540 32
2540 32
2540 33
2540 33
2540 33
2540 32
2540 32
2540 33
2540 32
2540 33
2540 32
2540 33
2540 32
2540 33
2540 32
2540 32
2540 32
2540 33
2540 32
2540 33
2540 33
2540 33
2540 32
2540 32
2540 32
2540 33
2540 32
2540 33
2540 33
2540 33
2540 32
2540 32
2540 32
2540 33
2540 33
2540 33
2540 32
2540 33
2540 33
2540 33
2540 32
2545 30
2545 30
2545 30
2545 31
2545 30
2545 30
2545 30
2545 30
2545 30
2545 30
2545 30
2545 30
2545 30
2545 30
2545 30
2545 30
2545 30
2545 30
2545 30
2545 30
2545 30
2545 30
2545 30
2545 30
2545 30
2545 30
2545 30
2545 31
2545 30
2545 30
2545 31
2545 31
2545 30
2545 30
2545 30
2545 30
2545 30
2545 30
2545 30
2545 31
2545 31
2545 30
2545 30
2545 30
2545 30
2545 30
2545 31
2545 30
2545 31
2545 30
2545 30
2545 30
2545 30
2545 30
2545 30
2545 30
2545 31
2545 29
2545 30
2545 30
2545 30
2545 30
2545 30
2545 30
2545 30
2545 30
2545 30
2545 31
2545 30
2545 30
2545 31
2545 31
2545 31
2545 31
2545 30
2545 30
2545 30
2545 30
2545 30
2545 30
2545 30
2545 30
2545 30
2545 31
2545 30
2545 30
2545 31
2545 30
2545 30
2545 30
2545 30
2545 30
2545 31
2545 30
2545 30
2545 30
2545 31
2545 30
2545 30
2545 30
2550 29
2550 29
2550 28
2550 29
2550 29
2550 29
2550 29
2550 29
2550 29
2550 29
2550 29
2550 29
2550 29
2550 29
2550 28
2550 29
2550 29
2550 29
2550 29
2550 29
2550 29
2550 28
2550 29
2550 29
2550 29
2550 29
2550 29
2550 29
2550 29
2550 29
2550 29
2550 29
2550 29
2550 29
2550 28
2550 29
2550 29
2550 28
2550 29
2550 29
2550 29
2550 29
2550 29
2550 29
2550 29
2550 29
2550 29
2550 29
2550 28
2550 29
2550 28
2550 29
2550 29
2550 29
2550 29
2550 29
2550 29
2550 29
2550 29
2550 28
2550 29
2550 29
2550 29
2550 29
2550 29
2550 29
2550 29
2550 29
2550 29
2550 29
2550 29
2550 29
2550 29
2550 29
2550 29
2550 29
2550 29
2550 28
2550 29
2550 29
2550 29
2550 29
2550 29
2550 29
2550 29
2550 29
2550 28
2550 28
2550 29
2550 29
2550 29
2550 29
2550 29
2550 29
2550 29
2550 29
2550 29
2550 29
2550 29
2550 29
2555 27
2555 27
2555 27
2555 28
2555 27
2555 27
2555 27
2555 27
2555 27
2555 27
2555 27
2555 27
2555 27
2555 27
2555 27
2555 27
2555 27
2555 27
2555 27
2555 27
2555 28
2555 27
2555 28
2555 27
2555 28
2555 27
2555 27
2555 27
2555 28
2555 28
2555 28
2555 27
2555 27
2555 27
2555 27
2555 27
2555 27
2555 27
2555 28
2555 26
2555 27
2555 27
2555 27
2555 28
2555 27
2555 27
2555 26
2555 28
2555 27
2555 27
2555 27
2555 28
2555 28
2555 27
2555 27
2555 26
2555 26
2555 27
2555 28
2555 27
2555 27
2555 28
2555 27
2555 27
2555 27
2555 28
2555 27
2555 27
2555 27
2555 28
2555 27
2555 28
2555 26
2555 27
2555 27
2555 28
2555 27
2555 26
2555 27
2555 27
2555 28
2555 27
2555 27
2555 28
2555 27
2555 28
2555 27
2555 27
2555 27
2555 27
2555 27
2555 27
2555 27
2555 27
2555 28
2555 26
2555 27
2555 27
2555 27
2555 27
2560 25
2560 25
2560 25
2560 25
2560 25
2560 25
2560 25
2560 25
2560 25
2560 25
2560 25
2560 25
2560 25
2560 25
2560 25
2560 26
2560 25
2560 25
2560 25
2560 25
2560 25
2560 25
2560 25
2560 25
2560 25
2560 25
2560 25
2560 25
2560 25
2560 25
2560 25
2560 25
2560 25
2560 25
2560 25
2560 25
2560 25
2560 25
2560 25
2560 25
2560 25
2560 25
2560 25
2560 25
2560 25
2560 25
2560 25
2560 25
2560 25
2560 25
2560 25
2560 25
2560 25
2560 25
2560 25
2560 25
2560 25
2560 25
2560 25
2560 25
2560 25
2560 25
2560 25
2560 25
2560 25
2560 25
2560 26
2560 25
2560 25
2560 25
2560 25
2560 25
2560 25
2560 25
2560 25
2560 25
2560 25
2560 25
2560 25
2560 25
2560 25
2560 25
2560 25
2560 25
2560 25
2560 25
2560 25
2560 25
2560 25
2560 25
2560 25
2560 25
2560 25
2560 25
2560 25
2560 25
2560 25
2560 25
2560 25
2560 25
2565 23
2565 23
2565 24
2565 24
2565 23
2565 23
2565 23
2565 23
2565 23
2565 24
2565 23
2565 24
2565 23
2565 23
2565 23
2565 24
2565 23
2565 24
2565 23
2565 23
2565 23
2565 23
2565 24
2565 24
2565 24
2565 23
2565 23
2565 23
2565 23
2565 23
2565 23
2565 23
2565 24
2565 23
2565 23
2565 23
2565 24
2565 23
2565 23
2565 23
2565 23
2565 24
2565 23
2565 24
2565 24
2565 23
2565 24
2565 24
2565 23
2565 23
2565 23
2565 23
2565 24
2565 23
2565 24
2565 23
2565 23
2565 24
2565 23
2565 24
2565 23
2565 23
2565 24
2565 23
2565 23
2565 23
2565 23
2565 23
2565 24
2565 24
2565 23
2565 23
2565 23
2565 23
2565 24
2565 24
2565 24
2565 23
2565 24
2565 24
2565 24
2565 23
2565 24
2565 24
2565 24
2565 23
2565 24
2565 24
2565 23
2565 23
2565 23
2565 24
2565 24
2565 24
2565 23
2565 23
2565 23
2565 23
2565 23
2565 23
2570 21
2570 22
2570 22
2570 22
2570 21
2570 21
2570 21
2570 21
2570 21
2570 22
2570 21
2570 22
2570 21
2570 21
2570 21
2570 21
2570 21
2570 22
2570 20
2570 21
2570 21
2570 21
2570 21
2570 21
2570 22
2570 22
2570 22
2570 22
2570 20
2570 21
2570 21
2570 21
2570 22
2570 22
2570 22
2570 21
2570 21
2570 21
2570 20
2570 21
2570 20
2570 22
2570 22
2570 20
2570 22
2570 22
2570 21
2570 22
2570 22
2570 20
2570 22
2570 21
2570 21
2570 21
2570 21
2570 21
2570 22
2570 21
2570 22
2570 20
2570 21
2570 21
2570 21
2570 21
2570 22
2570 21
2570 22
2570 21
2570 22
2570 22
2570 21
2570 21
2570 21
2570 21
2570 21
2570 21
2570 21
2570 21
2570 21
2570 22
2570 21
2570 21
2570 21
2570 20
2570 22
2570 20
2570 21
2570 21
2570 21
2570 21
2570 21
2570 22
2570 22
2570 21
2570 21
2570 22
2570 21
2570 21
2570 21
2575 20
2575 19
2575 19
2575 19
2575 20
2575 19
2575 19
2575 20
2575 19
2575 20
2575 19
2575 20
2575 19
2575 20
2575 19
2575 19
2575 19
2575 18
2575 19
2575 19
2575 19
2575 19
2575 19
2575 18
2575 18
2575 19
2575 19
2575 19
2575 20
2575 20
2575 20
2575 19
2575 20
2575 19
2575 19
2575 20
2575 19
2575 20
2575 20
2575 20
2575 19
2575 20
2575 20
2575 20
2575 20
2575 19
2575 20
2575 20
2575 20
2575 19
2575 19
2575 19
2575 19
2575 19
2575 19
2575 20
2575 20
2575 19
2575 19
2575 19
2575 20
2575 19
2575 19
2575 20
2575 20
2575 19
2575 20
2575 19
2575 20
2575 20
2575 19
2575 20
2575 20
2575 20
2575 20
2575 18
2575 19
2575 19
2575 19
2575 19
2575 19
2575 20
2575 19
2575 20
2575 19
2575 19
2575 19
2575 19
2575 18
2575 19
2575 20
2575 20
2575 19
2575 19
2575 19
2575 19
2575 19
2575 19
2575 19
2575 19
2580 16
2580 17
2580 16
2580 17
2580 17
2580 17
2580 17
2580 17
2580 17
2580 17
2580 17
2580 17
2580 17
2580 17
2580 17
2580 17
2580 17
2580 17
2580 16
2580 17
2580 17
2580 17
2580 16
2580 16
2580 17
2580 16
2580 17
2580 16
2580 16
2580 17
2580 17
2580 17
2580 17
2580 16
2580 17
2580 17
2580 17
2580 16
2580 17
2580 17
2580 17
2580 17
2580 17
2580 17
2580 17
2580 17
2580 17
2580 17
2580 17
2580 17
2580 17
2580 17
2580 16
2580 16
2580 17
2580 17
2580 16
2580 16
2580 17
2580 16
2580 16
2580 17
2580 16
2580 16
2580 17
2580 17
2580 17
2580 17
2580 16
2580 17
2580 17
2580 17
2580 17
2580 16
2580 16
2580 17
2580 17
2580 17
2580 16
2580 16
2580 16
2580 17
2580 17
2580 17
2580 17
2580 16
2580 17
2580 17
2580 17
2580 17
2580 17
2580 17
2580 17
2580 17
2580 16
2580 16
2580 17
2580 17
2580 17
2580 17
2585 15
2585 15
2585 15
2585 14
2585 15
2585 14
2585 14
2585 15
2585 15
2585 15
2585 15
2585 14
2585 15
2585 15
2585 14
2585 14
2585 14
2585 15
2585 15
2585 15
2585 15
2585 15
2585 14
2585 15
2585 15
2585 14
2585 15
2585 15
2585 14
2585 15
2585 14
2585 14
2585 15
2585 15
2585 15
2585 14
2585 15
2585 15
2585 14
2585 15
2585 15
2585 14
2585 14
2585 15
2585 14
2585 14
2585 15
2585 15
2585 15
2585 14
2585 15
2585 15
2585 15
2585 15
2585 14
2585 15
2585 15
2585 14
2585 15
2585 15
2585 15
2585 15
2585 14
2585 15
2585 15
2585 15
2585 15
2585 15
2585 15
2585 15
2585 15
2585 15
2585 15
2585 15
2585 15
2585 15
2585 15
2585 15
2585 15
2585 15
2585 15
2585 14
2585 15
2585 15
2585 15
2585 15
2585 14
2585 14
2585 15
2585 14
2585 15
2585 15
2585 15
2585 15
2585 15
2585 14
2585 15
2585 15
2585 14
2590 13
2590 13
2590 13
2590 14
2590 13
2590 12
2590 13
2590 14
2590 13
2590 12
2590 13
2590 13
2590 14
2590 13
2590 12
2590 12
2590 14
2590 14
2590 13
2590 12
2590 13
2590 13
2590 13
2590 13
2590 13
2590 12
2590 13
2590 13
2590 12
2590 13
2590 12
2590 13
2590 13
2590 13
2590 12
2590 13
2590 13
2590 12
2590 12
2590 13
2590 14
2590 13
2590 13
2590 12
2590 13
2590 12
2590 13
2590 14
2590 12
2590 13
2590 13
2590 12
2590 13
2590 13
2590 14
2590 12
2590 12
2590 12
2590 12
2590 12
2590 14
2590 13
2590 13
2590 14
2590 12
2590 12
2590 13
2590 12
2590 13
2590 13
2590 13
2590 13
2590 13
2590 13
2590 13
2590 13
2590 13
2590 13
2590 12
2590 13
2590 13
2590 12
2590 13
2590 13
2590 12
2590 12
2590 12
2590 13
2590 13
2590 13
2590 13
2590 13
2590 13
2590 13
2590 13
2590 12
2590 12
2590 13
2590 13
2590 12
2595 11
2595 11
2595 11
2595 11
2595 11
2595 11
2595 11
2595 11
2595 11
2595 10
2595 11
2595 11
2595 11
2595 11
2595 11
2595 11
2595 11
2595 11
2595 11
2595 11
2595 11
2595 11
2595 11
2595 12
2595 11
2595 11
2595 11
2595 11
2595 10
2595 11
2595 11
2595 11
2595 11
2595 11
2595 11
2595 11
2595 11
2595 11
2595 11
2595 11
2595 11
2595 11
2595 11
2595 10
2595 11
2595 11
2595 11
2595 11
2595 11
2595 11
2595 11
2595 11
2595 11
2595 12
2595 11
2595 11
2595 11
2595 11
2595 11
2595 11
2595 11
2595 11
2595 11
2595 11
2595 11
2595 11
2595 11
2595 11
2595 11
2595 11
2595 11
2595 11
2595 11
2595 11
2595 10
2595 11
2595 11
2595 11
2595 11
2595 11
2595 11
2595 11
2595 11
2595 11
2595 11
2595 11
2595 11
2595 11
2595 11
2595 11
2595 11
2595 11
2595 11
2595 11
2595 10
2595 11
2595 11
2595 11
2595 11
2595 10
2600 8
2600 9
2600 9
2600 9
2600 9
2600 9
2600 9
2600 8
2600 8
2600 9
2600 8
2600 9
2600 9
2600 9
2600 9
2600 9
2600 9
2600 9
2600 9
2600 8
2600 9
2600 9
2600 9
2600 9
2600 9
2600 9
2600 9
2600 8
2600 9
2600 9
2600 8
2600 8
2600 9
2600 9
2600 9
2600 9
2600 9
2600 9
2600 9
2600 9
2600 9
2600 9
2600 9
2600 8
2600 9
2600 9
2600 8
2600 8
2600 9
2600 9
2600 9
2600 9
2600 9
2600 9
2600 9
2600 9
2600 9
2600 9
2600 9
2600 9
2600 9
2600 8
2600 8
2600 8
2600 9
2600 9
2600 9
2600 9
2600 8
2600 8
2600 9
2600 9
2600 9
2600 9
2600 9
2600 9
2600 8
2600 8
2600 9
2600 9
2600 9
2600 9
2600 9
2600 9
2600 9
2600 9
2600 9
2600 9
2600 9
2600 9
2600 9
2600 9
2600 9
2600 8
2600 8
2600 9
2600 9
2600 9
2600 8
2600 8
2605 6
2605 6
2605 6
2605 6
2605 6
2605 6
2605 6
2605 6
2605 6
2605 6
2605 6
2605 6
2605 6
2605 6
2605 6
2605 6
2605 6
2605 6
2605 6
2605 6
2605 6
2605 6
2605 6
2605 6
2605 8
2605 6
2605 6
2605 6
2605 6
2605 6
2605 6
2605 6
2605 6
2605 6
2605 6
2605 6
2605 6
2605 6
2605 6
2605 6
2605 6
2605 6
2605 6
2605 6
2605 6
2605 6
2605 8
2605 6
2605 6
2605 6
2605 6
2605 6
2605 6
2605 6
2605 6
2605 6
2605 6
2605 5
2605 6
2605 6
2605 6
2605 6
2605 6
2605 6
2605 6
2605 6
2605 6
2605 6
2605 6
2605 6
2605 6
2605 6
2605 6
2605 6
2605 6
2605 6
2605 6
2605 6
2605 6
2605 6
2605 6
2605 6
2605 6
2605 6
2605 6
2605 6
2605 6
2605 7
2605 6
2605 6
2605 6
2605 6
2605 6
2605 6
2605 6
2605 6
2605 6
2605 5
2605 6
2605 6
2610 4
2610 4
2610 4
2610 4
2610 4
2610 4
2610 4
2610 4
2610 4
2610 4
2610 4
2610 4
2610 4
2610 4
2610 4
2610 4
2610 4
2610 4
2610 4
2610 4
2610 4
2610 4
2610 4
2610 4
2610 4
2610 4
2610 4
2610 4
2610 4
2610 4
2610 4
2610 4
2610 4
2610 4
2610 4
2610 4
2610 4
2610 4
2610 4
2610 4
2610 4
2610 4
2610 4
2610 4
2610 4
2610 4
2610 4
2610 4
2610 4
2610 4
2610 4
2610 4
2610 4
2610 4
2610 4
2610 4
2610 4
2610 4
2610 4
2610 4
2610 4
2610 4
2610 4
2610 4
2610 4
2610 4
2610 4
2610 4
2610 4
2610 4
2610 4
2610 4
2610 4
2610 4
2610 4
2610 4
2610 4
2610 4
2610 4
2610 4
2610 4
2610 4
2610 4
2610 4
2610 4
2610 4
2610 4
2610 4
2610 4
2610 4
2610 4
2610 4
2610 4
2610 4
2610 4
2610 4
2610 4
2610 4
2610 4
