TOA measurement vs Delay ---- Mon Jun 15 00:44:01 2020
Pixel = 9
config file = config/asic_config_B4.yml
NofIterations = 100
LSBest = 22.603949772814357
mean value = [  0.           0.           0.           0.           0.
   0.           0.           0.           0.           0.
   0.           0.           0.           0.           0.
   0.           0.           0.           0.           0.
   0.           0.           0.           0.         123.22
 121.06060606 119.63       117.38       114.33       112.67
 111.13265306 108.82       106.26       104.         102.04
 100.27        97.55        95.67        93.92929293  91.61
  88.63        87.15        85.31        82.91        80.54
  78.82828283  76.82828283  74.8         72.17        69.68
  67.85        65.73        63.44        61.54545455  59.24
  57.16        55.09        53.05        50.80808081  48.83
  46.98989899  45.03        43.21        41.07        38.09
  36.08        34.27        32.15151515  30.2         27.67
  25.49494949  24.          21.96969697  19.86        17.79
  16.11        13.51        11.32         9.77         7.28
   4.26804124   0.           0.           0.           0.
   0.           0.           0.           0.           0.
   0.           0.           0.           0.           0.
   0.           0.           0.           0.           0.        ]
sigma = [0.         0.         0.         0.         0.         0.
 0.         0.         0.         0.         0.         0.
 0.         0.         0.         0.         0.         0.
 0.         0.         0.         0.         0.         0.
 0.77131922 0.85212962 0.81020574 0.92678656 0.83930527 0.68149346
 0.77881501 0.88934433 0.78468677 1.00166528 0.98068004 0.84878344
 1.05396078 0.69601245 1.03842855 0.87248687 0.6755985  0.94383968
 0.89287924 0.99258921 0.6416645  0.95521328 0.83078889 0.85049005
 0.99218614 0.92786493 0.81904416 1.00021664 0.64010416 1.1227467
 0.86355853 0.85891404 0.95143751 0.93318451 0.87388333 0.8511365
 0.84828942 0.84405766 0.83020078 1.03365049 1.07945974 0.84671916
 0.86048436 0.64335981 1.05039675 0.94044316 0.89328287 0.5527708
 0.82363503 1.00186493 0.86558266 0.70797834 0.84453143 0.82518685
 0.93831409 1.14233679 0.79375307 0.         0.         0.
 0.         0.         0.         0.         0.         0.
 0.         0.         0.         0.         0.         0.
 0.         0.         0.         0.        ]
Pulse delay   TOA 
2255 24
2260 22
2265 21
2270 17
2275 16
2280 14
2285 13
2315 125
2315 125
2315 126
2315 126
2315 126
2315 125
2315 126
2315 126
2315 125
2315 126
2315 126
2315 125
2315 126
2315 126
2315 125
2315 126
2315 125
2315 124
2315 126
2315 126
2315 126
2315 126
2315 126
2315 126
2315 126
2315 126
2315 126
2315 126
2315 125
2315 123
2315 125
2315 125
2315 126
2315 126
2315 126
2315 126
2315 126
2315 126
2315 126
2315 126
2315 126
2315 126
2315 126
2320 123
2320 123
2320 123
2320 124
2320 124
2320 123
2320 123
2320 124
2320 124
2320 124
2320 124
2320 124
2320 123
2320 124
2320 123
2320 123
2320 123
2320 122
2320 123
2320 123
2320 122
2320 123
2320 123
2320 124
2320 123
2320 123
2320 123
2320 123
2320 122
2320 123
2320 123
2320 123
2320 123
2320 122
2320 123
2320 124
2320 124
2320 123
2320 124
2320 121
2320 124
2320 124
2320 123
2320 123
2320 123
2320 123
2320 122
2320 124
2320 124
2320 123
2320 123
2320 124
2320 125
2320 124
2320 124
2320 124
2320 123
2320 123
2320 123
2320 124
2320 124
2320 123
2320 124
2320 123
2320 123
2320 123
2320 123
2320 124
2320 123
2320 123
2320 123
2320 123
2320 123
2320 122
2320 123
2320 123
2320 123
2320 123
2320 123
2320 124
2320 124
2320 123
2320 122
2320 123
2320 124
2320 125
2320 124
2320 124
2320 123
2320 123
2320 123
2320 124
2320 123
2320 123
2320 123
2320 122
2320 123
2320 124
2320 122
2320 121
2325 121
2325 121
2325 121
2325 120
2325 121
2325 121
2325 120
2325 122
2325 122
2325 121
2325 121
2325 121
2325 121
2325 123
2325 121
2325 121
2325 121
2325 120
2325 120
2325 121
2325 122
2325 121
2325 120
2325 122
2325 121
2325 121
2325 120
2325 121
2325 122
2325 121
2325 123
2325 121
2325 122
2325 122
2325 121
2325 120
2325 120
2325 121
2325 122
2325 120
2325 121
2325 121
2325 121
2325 121
2325 121
2325 120
2325 120
2325 122
2325 121
2325 121
2325 120
2325 120
2325 122
2325 122
2325 121
2325 122
2325 121
2325 120
2325 120
2325 121
2325 120
2325 121
2325 120
2325 121
2325 122
2325 122
2325 120
2325 123
2325 123
2325 121
2325 120
2325 121
2325 121
2325 121
2325 120
2325 123
2325 121
2325 122
2325 121
2325 121
2325 121
2325 122
2325 121
2325 121
2325 121
2325 121
2325 121
2325 121
2325 120
2325 121
2325 121
2325 120
2325 120
2325 123
2325 121
2325 122
2325 121
2325 121
2325 121
2330 120
2330 120
2330 120
2330 120
2330 119
2330 120
2330 121
2330 120
2330 120
2330 119
2330 119
2330 119
2330 120
2330 119
2330 119
2330 120
2330 119
2330 119
2330 120
2330 120
2330 120
2330 121
2330 120
2330 120
2330 120
2330 120
2330 118
2330 120
2330 119
2330 120
2330 118
2330 119
2330 120
2330 120
2330 119
2330 120
2330 120
2330 119
2330 120
2330 120
2330 119
2330 119
2330 120
2330 120
2330 120
2330 120
2330 120
2330 120
2330 119
2330 120
2330 120
2330 120
2330 120
2330 120
2330 119
2330 119
2330 120
2330 120
2330 120
2330 121
2330 121
2330 119
2330 120
2330 120
2330 120
2330 120
2330 120
2330 117
2330 118
2330 120
2330 120
2330 120
2330 120
2330 118
2330 120
2330 120
2330 120
2330 119
2330 120
2330 118
2330 120
2330 120
2330 120
2330 118
2330 120
2330 119
2330 118
2330 119
2330 120
2330 118
2330 120
2330 120
2330 120
2330 120
2330 120
2330 120
2330 121
2330 120
2330 118
2330 120
2335 118
2335 118
2335 119
2335 118
2335 117
2335 118
2335 117
2335 117
2335 118
2335 118
2335 118
2335 116
2335 117
2335 117
2335 118
2335 118
2335 117
2335 117
2335 118
2335 117
2335 118
2335 116
2335 118
2335 118
2335 118
2335 116
2335 118
2335 114
2335 116
2335 117
2335 117
2335 118
2335 116
2335 118
2335 115
2335 118
2335 119
2335 117
2335 118
2335 117
2335 117
2335 117
2335 119
2335 118
2335 118
2335 118
2335 118
2335 118
2335 118
2335 117
2335 117
2335 117
2335 117
2335 117
2335 118
2335 118
2335 117
2335 119
2335 117
2335 117
2335 117
2335 118
2335 118
2335 117
2335 117
2335 116
2335 117
2335 117
2335 117
2335 118
2335 118
2335 117
2335 118
2335 117
2335 117
2335 118
2335 118
2335 117
2335 117
2335 118
2335 119
2335 118
2335 117
2335 118
2335 117
2335 116
2335 118
2335 115
2335 118
2335 118
2335 117
2335 118
2335 117
2335 115
2335 118
2335 117
2335 117
2335 117
2335 118
2335 118
2340 114
2340 115
2340 112
2340 114
2340 114
2340 115
2340 115
2340 115
2340 115
2340 115
2340 115
2340 115
2340 115
2340 115
2340 115
2340 114
2340 114
2340 114
2340 116
2340 115
2340 114
2340 114
2340 114
2340 113
2340 115
2340 114
2340 114
2340 113
2340 113
2340 114
2340 114
2340 114
2340 114
2340 114
2340 113
2340 115
2340 117
2340 114
2340 114
2340 114
2340 114
2340 115
2340 114
2340 114
2340 113
2340 115
2340 114
2340 115
2340 115
2340 114
2340 113
2340 115
2340 115
2340 114
2340 113
2340 114
2340 115
2340 114
2340 115
2340 114
2340 114
2340 115
2340 116
2340 114
2340 115
2340 115
2340 113
2340 113
2340 115
2340 115
2340 114
2340 115
2340 115
2340 114
2340 115
2340 114
2340 113
2340 115
2340 113
2340 114
2340 115
2340 113
2340 115
2340 114
2340 114
2340 115
2340 115
2340 114
2340 115
2340 115
2340 114
2340 114
2340 114
2340 114
2340 114
2340 115
2340 115
2340 114
2340 115
2340 114
2345 113
2345 112
2345 113
2345 113
2345 113
2345 113
2345 112
2345 113
2345 114
2345 112
2345 112
2345 113
2345 112
2345 112
2345 113
2345 113
2345 112
2345 113
2345 112
2345 112
2345 112
2345 113
2345 113
2345 114
2345 114
2345 113
2345 113
2345 112
2345 112
2345 113
2345 113
2345 114
2345 112
2345 113
2345 113
2345 113
2345 113
2345 113
2345 114
2345 112
2345 114
2345 113
2345 113
2345 114
2345 113
2345 112
2345 112
2345 113
2345 113
2345 112
2345 112
2345 112
2345 112
2345 113
2345 113
2345 112
2345 112
2345 113
2345 112
2345 113
2345 113
2345 112
2345 112
2345 112
2345 112
2345 113
2345 113
2345 112
2345 112
2345 112
2345 112
2345 113
2345 112
2345 113
2345 113
2345 113
2345 113
2345 112
2345 113
2345 113
2345 112
2345 112
2345 112
2345 113
2345 113
2345 113
2345 113
2345 113
2345 112
2345 113
2345 112
2345 112
2345 113
2345 113
2345 112
2345 113
2345 113
2345 114
2345 113
2345 112
2350 112
2350 110
2350 111
2350 112
2350 111
2350 111
2350 110
2350 112
2350 111
2350 112
2350 110
2350 112
2350 112
2350 111
2350 112
2350 111
2350 112
2350 112
2350 111
2350 112
2350 112
2350 112
2350 111
2350 112
2350 112
2350 111
2350 112
2350 112
2350 110
2350 113
2350 111
2350 111
2350 111
2350 110
2350 112
2350 111
2350 111
2350 111
2350 110
2350 112
2350 110
2350 111
2350 112
2350 111
2350 111
2350 111
2350 111
2350 111
2350 112
2350 111
2350 110
2350 111
2350 112
2350 111
2350 112
2350 111
2350 112
2350 111
2350 112
2350 112
2350 111
2350 111
2350 111
2350 112
2350 111
2350 111
2350 112
2350 111
2350 111
2350 111
2350 110
2350 110
2350 112
2350 110
2350 110
2350 110
2350 111
2350 111
2350 110
2350 111
2350 112
2350 111
2350 110
2350 111
2350 111
2350 110
2350 111
2350 111
2350 111
2350 111
2350 111
2350 111
2350 109
2350 111
2350 111
2350 111
2350 111
2350 111
2355 109
2355 109
2355 109
2355 108
2355 111
2355 109
2355 108
2355 108
2355 110
2355 109
2355 106
2355 109
2355 109
2355 109
2355 109
2355 108
2355 109
2355 108
2355 108
2355 111
2355 109
2355 107
2355 108
2355 109
2355 110
2355 109
2355 108
2355 108
2355 109
2355 110
2355 108
2355 109
2355 110
2355 109
2355 109
2355 109
2355 109
2355 109
2355 109
2355 109
2355 109
2355 110
2355 109
2355 109
2355 109
2355 108
2355 110
2355 110
2355 109
2355 108
2355 109
2355 108
2355 109
2355 110
2355 107
2355 110
2355 109
2355 109
2355 110
2355 109
2355 108
2355 108
2355 107
2355 110
2355 108
2355 110
2355 109
2355 108
2355 110
2355 108
2355 109
2355 109
2355 109
2355 109
2355 109
2355 109
2355 109
2355 109
2355 109
2355 109
2355 108
2355 109
2355 110
2355 109
2355 108
2355 109
2355 108
2355 108
2355 108
2355 108
2355 109
2355 109
2355 109
2355 109
2355 107
2355 109
2355 108
2355 109
2355 110
2355 108
2360 106
2360 106
2360 106
2360 106
2360 105
2360 105
2360 108
2360 106
2360 106
2360 106
2360 106
2360 107
2360 106
2360 106
2360 107
2360 106
2360 104
2360 106
2360 105
2360 106
2360 105
2360 106
2360 107
2360 107
2360 106
2360 105
2360 107
2360 106
2360 107
2360 105
2360 107
2360 106
2360 106
2360 106
2360 106
2360 106
2360 107
2360 107
2360 107
2360 107
2360 105
2360 107
2360 105
2360 106
2360 106
2360 107
2360 107
2360 106
2360 108
2360 107
2360 106
2360 106
2360 107
2360 106
2360 106
2360 106
2360 105
2360 107
2360 107
2360 106
2360 106
2360 107
2360 107
2360 106
2360 107
2360 106
2360 107
2360 107
2360 106
2360 105
2360 106
2360 106
2360 106
2360 106
2360 107
2360 106
2360 106
2360 107
2360 106
2360 107
2360 107
2360 107
2360 107
2360 106
2360 107
2360 107
2360 105
2360 107
2360 106
2360 106
2360 105
2360 107
2360 106
2360 106
2360 107
2360 107
2360 106
2360 107
2360 106
2360 106
2365 105
2365 105
2365 104
2365 103
2365 104
2365 104
2365 104
2365 104
2365 103
2365 103
2365 104
2365 105
2365 103
2365 104
2365 104
2365 103
2365 103
2365 103
2365 105
2365 103
2365 103
2365 103
2365 105
2365 104
2365 104
2365 105
2365 103
2365 103
2365 104
2365 106
2365 103
2365 105
2365 103
2365 103
2365 104
2365 104
2365 104
2365 102
2365 104
2365 103
2365 105
2365 103
2365 103
2365 104
2365 103
2365 104
2365 105
2365 104
2365 104
2365 104
2365 104
2365 104
2365 104
2365 106
2365 104
2365 106
2365 104
2365 103
2365 104
2365 104
2365 103
2365 104
2365 105
2365 104
2365 104
2365 105
2365 106
2365 102
2365 104
2365 103
2365 105
2365 103
2365 105
2365 104
2365 104
2365 105
2365 104
2365 105
2365 103
2365 103
2365 105
2365 105
2365 105
2365 102
2365 105
2365 105
2365 105
2365 105
2365 104
2365 106
2365 104
2365 104
2365 104
2365 102
2365 103
2365 105
2365 102
2365 105
2365 105
2365 105
2370 103
2370 103
2370 103
2370 104
2370 102
2370 103
2370 103
2370 101
2370 103
2370 102
2370 102
2370 101
2370 102
2370 102
2370 102
2370 102
2370 103
2370 105
2370 102
2370 102
2370 103
2370 103
2370 103
2370 102
2370 101
2370 102
2370 102
2370 101
2370 103
2370 103
2370 102
2370 102
2370 104
2370 102
2370 101
2370 103
2370 102
2370 102
2370 102
2370 101
2370 102
2370 103
2370 102
2370 102
2370 102
2370 103
2370 101
2370 103
2370 103
2370 101
2370 101
2370 101
2370 101
2370 101
2370 101
2370 104
2370 101
2370 102
2370 102
2370 101
2370 102
2370 103
2370 100
2370 101
2370 101
2370 102
2370 101
2370 102
2370 103
2370 101
2370 100
2370 102
2370 101
2370 102
2370 101
2370 102
2370 101
2370 102
2370 102
2370 102
2370 104
2370 102
2370 101
2370 102
2370 101
2370 103
2370 102
2370 102
2370 102
2370 103
2370 101
2370 104
2370 103
2370 102
2370 102
2370 101
2370 102
2370 101
2370 101
2370 103
2375 99
2375 101
2375 99
2375 100
2375 100
2375 100
2375 101
2375 101
2375 101
2375 100
2375 100
2375 100
2375 101
2375 101
2375 100
2375 100
2375 100
2375 99
2375 101
2375 100
2375 101
2375 100
2375 101
2375 99
2375 100
2375 100
2375 102
2375 99
2375 99
2375 101
2375 100
2375 100
2375 101
2375 99
2375 100
2375 100
2375 100
2375 101
2375 101
2375 100
2375 100
2375 102
2375 101
2375 99
2375 101
2375 102
2375 100
2375 98
2375 101
2375 101
2375 99
2375 100
2375 101
2375 101
2375 100
2375 100
2375 100
2375 102
2375 100
2375 100
2375 100
2375 100
2375 101
2375 100
2375 100
2375 100
2375 101
2375 100
2375 101
2375 100
2375 101
2375 99
2375 101
2375 101
2375 101
2375 99
2375 101
2375 102
2375 100
2375 100
2375 100
2375 100
2375 100
2375 100
2375 100
2375 100
2375 101
2375 100
2375 101
2375 101
2375 100
2375 99
2375 101
2375 99
2375 100
2375 99
2375 100
2375 101
2375 101
2375 100
2380 99
2380 98
2380 98
2380 100
2380 97
2380 97
2380 98
2380 98
2380 99
2380 97
2380 97
2380 98
2380 98
2380 97
2380 97
2380 96
2380 98
2380 97
2380 97
2380 96
2380 97
2380 96
2380 98
2380 97
2380 96
2380 96
2380 97
2380 98
2380 98
2380 98
2380 98
2380 98
2380 97
2380 97
2380 97
2380 98
2380 97
2380 98
2380 98
2380 98
2380 98
2380 98
2380 96
2380 97
2380 99
2380 97
2380 99
2380 99
2380 97
2380 98
2380 98
2380 98
2380 98
2380 97
2380 98
2380 96
2380 100
2380 98
2380 99
2380 98
2380 97
2380 100
2380 96
2380 96
2380 98
2380 97
2380 97
2380 99
2380 96
2380 96
2380 96
2380 98
2380 97
2380 98
2380 96
2380 98
2380 98
2380 96
2380 99
2380 96
2380 98
2380 99
2380 98
2380 97
2380 98
2380 98
2380 98
2380 96
2380 99
2380 96
2380 97
2380 99
2380 98
2380 98
2380 97
2380 97
2380 96
2380 98
2380 99
2380 98
2385 97
2385 96
2385 96
2385 95
2385 96
2385 95
2385 96
2385 96
2385 96
2385 95
2385 96
2385 95
2385 96
2385 95
2385 97
2385 96
2385 96
2385 96
2385 96
2385 96
2385 96
2385 96
2385 96
2385 96
2385 96
2385 96
2385 96
2385 96
2385 97
2385 96
2385 96
2385 95
2385 96
2385 95
2385 96
2385 96
2385 95
2385 95
2385 95
2385 95
2385 96
2385 95
2385 96
2385 96
2385 94
2385 95
2385 95
2385 95
2385 94
2385 96
2385 96
2385 95
2385 96
2385 96
2385 96
2385 96
2385 95
2385 96
2385 96
2385 95
2385 95
2385 96
2385 95
2385 96
2385 96
2385 96
2385 95
2385 95
2385 95
2385 97
2385 95
2385 96
2385 95
2385 97
2385 95
2385 96
2385 96
2385 96
2385 96
2385 95
2385 96
2385 96
2385 96
2385 95
2385 95
2385 96
2385 96
2385 96
2385 95
2385 94
2385 95
2385 96
2385 96
2385 96
2385 97
2385 96
2385 95
2385 95
2385 96
2385 96
2390 95
2390 93
2390 93
2390 94
2390 94
2390 93
2390 93
2390 94
2390 95
2390 94
2390 95
2390 94
2390 95
2390 95
2390 94
2390 94
2390 94
2390 96
2390 94
2390 92
2390 95
2390 94
2390 93
2390 95
2390 93
2390 95
2390 93
2390 93
2390 93
2390 94
2390 94
2390 93
2390 94
2390 95
2390 95
2390 94
2390 95
2390 93
2390 94
2390 95
2390 94
2390 92
2390 93
2390 93
2390 95
2390 92
2390 95
2390 95
2390 95
2390 93
2390 94
2390 95
2390 94
2390 94
2390 93
2390 95
2390 95
2390 96
2390 94
2390 94
2390 94
2390 94
2390 95
2390 93
2390 92
2390 92
2390 93
2390 93
2390 93
2390 94
2390 94
2390 92
2390 95
2390 94
2390 93
2390 93
2390 92
2390 94
2390 94
2390 95
2390 95
2390 94
2390 95
2390 92
2390 92
2390 95
2390 93
2390 95
2390 93
2390 94
2390 95
2390 95
2390 94
2390 95
2390 93
2390 94
2390 95
2390 94
2390 95
2395 92
2395 92
2395 91
2395 93
2395 92
2395 91
2395 92
2395 90
2395 92
2395 91
2395 92
2395 94
2395 92
2395 92
2395 92
2395 91
2395 91
2395 91
2395 92
2395 92
2395 91
2395 89
2395 91
2395 91
2395 91
2395 93
2395 91
2395 92
2395 93
2395 92
2395 92
2395 91
2395 91
2395 92
2395 91
2395 92
2395 91
2395 92
2395 92
2395 92
2395 92
2395 91
2395 92
2395 91
2395 90
2395 91
2395 92
2395 92
2395 91
2395 93
2395 93
2395 91
2395 91
2395 92
2395 90
2395 92
2395 91
2395 91
2395 92
2395 91
2395 91
2395 92
2395 92
2395 91
2395 92
2395 92
2395 92
2395 91
2395 93
2395 92
2395 93
2395 92
2395 92
2395 93
2395 92
2395 91
2395 93
2395 91
2395 92
2395 91
2395 90
2395 90
2395 91
2395 91
2395 91
2395 93
2395 92
2395 92
2395 91
2395 92
2395 92
2395 91
2395 92
2395 92
2395 93
2395 91
2395 91
2395 91
2395 91
2395 92
2400 88
2400 89
2400 89
2400 90
2400 89
2400 89
2400 88
2400 88
2400 88
2400 88
2400 89
2400 88
2400 89
2400 88
2400 88
2400 88
2400 88
2400 88
2400 88
2400 89
2400 88
2400 88
2400 90
2400 88
2400 90
2400 89
2400 89
2400 89
2400 89
2400 88
2400 89
2400 89
2400 89
2400 88
2400 88
2400 88
2400 89
2400 89
2400 89
2400 89
2400 89
2400 88
2400 89
2400 88
2400 88
2400 89
2400 89
2400 89
2400 89
2400 88
2400 88
2400 89
2400 88
2400 89
2400 90
2400 89
2400 89
2400 89
2400 89
2400 89
2400 88
2400 88
2400 89
2400 89
2400 89
2400 89
2400 89
2400 88
2400 89
2400 89
2400 88
2400 88
2400 88
2400 88
2400 88
2400 89
2400 89
2400 88
2400 89
2400 89
2400 88
2400 88
2400 89
2400 89
2400 87
2400 89
2400 88
2400 89
2400 88
2400 89
2400 90
2400 89
2400 90
2400 89
2400 89
2400 88
2400 88
2400 89
2400 88
2400 89
2405 88
2405 86
2405 85
2405 88
2405 87
2405 86
2405 86
2405 86
2405 87
2405 87
2405 87
2405 88
2405 86
2405 88
2405 86
2405 86
2405 88
2405 87
2405 86
2405 88
2405 86
2405 88
2405 89
2405 86
2405 88
2405 88
2405 87
2405 87
2405 88
2405 88
2405 88
2405 87
2405 87
2405 86
2405 86
2405 86
2405 88
2405 86
2405 88
2405 88
2405 88
2405 88
2405 88
2405 86
2405 85
2405 86
2405 86
2405 87
2405 88
2405 88
2405 88
2405 88
2405 88
2405 87
2405 88
2405 88
2405 88
2405 87
2405 88
2405 85
2405 87
2405 87
2405 88
2405 87
2405 88
2405 87
2405 88
2405 86
2405 88
2405 88
2405 87
2405 88
2405 88
2405 86
2405 87
2405 88
2405 87
2405 87
2405 86
2405 87
2405 86
2405 88
2405 87
2405 88
2405 88
2405 86
2405 88
2405 86
2405 87
2405 86
2405 87
2405 87
2405 87
2405 87
2405 87
2405 88
2405 88
2405 87
2405 88
2405 88
2410 86
2410 85
2410 85
2410 86
2410 85
2410 86
2410 86
2410 86
2410 84
2410 85
2410 84
2410 86
2410 86
2410 85
2410 86
2410 86
2410 83
2410 85
2410 85
2410 86
2410 85
2410 87
2410 87
2410 85
2410 85
2410 83
2410 85
2410 86
2410 85
2410 84
2410 85
2410 85
2410 86
2410 85
2410 86
2410 85
2410 86
2410 86
2410 85
2410 87
2410 84
2410 85
2410 85
2410 86
2410 86
2410 84
2410 85
2410 86
2410 85
2410 85
2410 85
2410 86
2410 85
2410 86
2410 85
2410 85
2410 85
2410 87
2410 84
2410 86
2410 86
2410 86
2410 86
2410 85
2410 86
2410 84
2410 86
2410 85
2410 84
2410 85
2410 85
2410 85
2410 85
2410 86
2410 86
2410 86
2410 85
2410 85
2410 84
2410 85
2410 85
2410 85
2410 85
2410 86
2410 85
2410 84
2410 88
2410 85
2410 85
2410 86
2410 84
2410 86
2410 86
2410 86
2410 85
2410 85
2410 84
2410 85
2410 86
2410 86
2415 83
2415 82
2415 83
2415 83
2415 83
2415 84
2415 84
2415 82
2415 82
2415 83
2415 83
2415 83
2415 83
2415 82
2415 83
2415 82
2415 84
2415 83
2415 83
2415 85
2415 81
2415 83
2415 83
2415 83
2415 82
2415 84
2415 83
2415 83
2415 82
2415 82
2415 83
2415 83
2415 83
2415 82
2415 85
2415 81
2415 84
2415 83
2415 83
2415 83
2415 83
2415 84
2415 81
2415 82
2415 85
2415 83
2415 82
2415 81
2415 84
2415 82
2415 83
2415 83
2415 84
2415 83
2415 84
2415 82
2415 82
2415 83
2415 82
2415 82
2415 85
2415 82
2415 82
2415 83
2415 82
2415 85
2415 81
2415 83
2415 83
2415 83
2415 83
2415 83
2415 81
2415 84
2415 85
2415 83
2415 83
2415 82
2415 82
2415 84
2415 83
2415 83
2415 83
2415 85
2415 83
2415 83
2415 84
2415 82
2415 84
2415 82
2415 83
2415 83
2415 83
2415 82
2415 83
2415 82
2415 84
2415 83
2415 83
2415 83
2420 80
2420 80
2420 80
2420 81
2420 81
2420 80
2420 81
2420 80
2420 80
2420 81
2420 80
2420 80
2420 80
2420 81
2420 81
2420 81
2420 81
2420 80
2420 81
2420 81
2420 81
2420 81
2420 81
2420 81
2420 80
2420 81
2420 80
2420 80
2420 80
2420 80
2420 80
2420 81
2420 81
2420 81
2420 80
2420 80
2420 80
2420 80
2420 80
2420 81
2420 80
2420 80
2420 80
2420 80
2420 81
2420 80
2420 81
2420 80
2420 81
2420 81
2420 80
2420 80
2420 80
2420 81
2420 81
2420 80
2420 81
2420 81
2420 80
2420 81
2420 80
2420 81
2420 79
2420 80
2420 81
2420 81
2420 80
2420 80
2420 82
2420 81
2420 80
2420 81
2420 82
2420 81
2420 81
2420 81
2420 80
2420 81
2420 80
2420 81
2420 80
2420 81
2420 81
2420 81
2420 81
2420 81
2420 82
2420 80
2420 80
2420 80
2420 81
2420 80
2420 81
2420 81
2420 80
2420 81
2420 81
2420 80
2420 80
2420 81
2425 79
2425 79
2425 79
2425 79
2425 79
2425 79
2425 77
2425 79
2425 80
2425 80
2425 79
2425 79
2425 79
2425 79
2425 79
2425 78
2425 80
2425 77
2425 79
2425 79
2425 81
2425 79
2425 80
2425 80
2425 77
2425 80
2425 80
2425 78
2425 79
2425 77
2425 80
2425 78
2425 79
2425 78
2425 78
2425 78
2425 77
2425 78
2425 80
2425 78
2425 78
2425 79
2425 79
2425 80
2425 80
2425 80
2425 79
2425 79
2425 79
2425 79
2425 79
2425 80
2425 78
2425 79
2425 79
2425 79
2425 80
2425 79
2425 78
2425 78
2425 80
2425 80
2425 79
2425 78
2425 77
2425 79
2425 79
2425 79
2425 80
2425 78
2425 80
2425 78
2425 79
2425 78
2425 79
2425 78
2425 77
2425 79
2425 78
2425 79
2425 80
2425 78
2425 79
2425 78
2425 80
2425 78
2425 78
2425 78
2425 79
2425 78
2425 78
2425 78
2425 77
2425 80
2425 79
2425 80
2425 79
2425 80
2425 79
2430 76
2430 77
2430 77
2430 77
2430 76
2430 78
2430 77
2430 77
2430 78
2430 77
2430 77
2430 77
2430 77
2430 77
2430 76
2430 76
2430 78
2430 77
2430 77
2430 76
2430 77
2430 76
2430 78
2430 77
2430 77
2430 76
2430 76
2430 77
2430 76
2430 76
2430 77
2430 77
2430 77
2430 76
2430 76
2430 77
2430 77
2430 78
2430 78
2430 78
2430 79
2430 77
2430 77
2430 77
2430 76
2430 77
2430 78
2430 76
2430 77
2430 77
2430 76
2430 77
2430 75
2430 75
2430 77
2430 77
2430 76
2430 77
2430 75
2430 77
2430 77
2430 77
2430 77
2430 77
2430 78
2430 78
2430 75
2430 77
2430 76
2430 77
2430 76
2430 77
2430 77
2430 78
2430 77
2430 77
2430 77
2430 77
2430 76
2430 77
2430 77
2430 75
2430 78
2430 77
2430 77
2430 75
2430 77
2430 78
2430 77
2430 77
2430 76
2430 78
2430 77
2430 76
2430 77
2430 77
2430 77
2430 77
2430 77
2435 74
2435 75
2435 74
2435 76
2435 73
2435 75
2435 74
2435 75
2435 76
2435 74
2435 75
2435 75
2435 76
2435 74
2435 76
2435 74
2435 77
2435 74
2435 75
2435 74
2435 75
2435 76
2435 74
2435 75
2435 75
2435 75
2435 75
2435 76
2435 74
2435 75
2435 75
2435 74
2435 74
2435 75
2435 75
2435 76
2435 75
2435 76
2435 75
2435 74
2435 75
2435 74
2435 74
2435 75
2435 74
2435 75
2435 73
2435 74
2435 75
2435 74
2435 74
2435 75
2435 75
2435 75
2435 75
2435 75
2435 75
2435 75
2435 75
2435 74
2435 74
2435 75
2435 75
2435 75
2435 76
2435 75
2435 75
2435 73
2435 76
2435 75
2435 74
2435 75
2435 75
2435 73
2435 73
2435 75
2435 75
2435 75
2435 74
2435 76
2435 76
2435 75
2435 75
2435 75
2435 77
2435 74
2435 75
2435 75
2435 74
2435 75
2435 76
2435 75
2435 75
2435 74
2435 74
2435 75
2435 75
2435 75
2435 75
2435 75
2440 72
2440 73
2440 72
2440 71
2440 71
2440 71
2440 71
2440 72
2440 74
2440 71
2440 71
2440 73
2440 71
2440 73
2440 72
2440 69
2440 72
2440 73
2440 74
2440 73
2440 73
2440 72
2440 72
2440 72
2440 71
2440 73
2440 72
2440 73
2440 73
2440 73
2440 73
2440 71
2440 72
2440 73
2440 72
2440 73
2440 71
2440 70
2440 72
2440 71
2440 74
2440 71
2440 72
2440 72
2440 72
2440 72
2440 73
2440 72
2440 73
2440 73
2440 73
2440 72
2440 71
2440 71
2440 72
2440 73
2440 71
2440 72
2440 72
2440 73
2440 72
2440 71
2440 71
2440 71
2440 73
2440 71
2440 71
2440 72
2440 73
2440 73
2440 73
2440 72
2440 72
2440 73
2440 74
2440 73
2440 72
2440 73
2440 73
2440 71
2440 73
2440 73
2440 72
2440 72
2440 73
2440 73
2440 72
2440 73
2440 74
2440 73
2440 71
2440 73
2440 73
2440 72
2440 73
2440 72
2440 72
2440 71
2440 71
2440 72
2445 70
2445 70
2445 69
2445 69
2445 69
2445 68
2445 71
2445 71
2445 70
2445 69
2445 71
2445 70
2445 69
2445 72
2445 69
2445 70
2445 69
2445 69
2445 69
2445 69
2445 69
2445 69
2445 69
2445 71
2445 69
2445 70
2445 69
2445 71
2445 70
2445 69
2445 68
2445 69
2445 70
2445 70
2445 71
2445 71
2445 70
2445 69
2445 69
2445 68
2445 68
2445 70
2445 69
2445 72
2445 70
2445 70
2445 69
2445 69
2445 70
2445 70
2445 70
2445 70
2445 71
2445 71
2445 70
2445 69
2445 70
2445 70
2445 69
2445 70
2445 71
2445 70
2445 70
2445 70
2445 71
2445 69
2445 69
2445 71
2445 69
2445 70
2445 70
2445 69
2445 71
2445 69
2445 69
2445 69
2445 71
2445 69
2445 69
2445 69
2445 69
2445 70
2445 70
2445 69
2445 70
2445 68
2445 70
2445 70
2445 71
2445 69
2445 69
2445 69
2445 69
2445 69
2445 71
2445 70
2445 70
2445 69
2445 69
2445 71
2450 66
2450 67
2450 68
2450 68
2450 67
2450 67
2450 67
2450 68
2450 69
2450 67
2450 68
2450 68
2450 68
2450 68
2450 67
2450 68
2450 68
2450 68
2450 68
2450 67
2450 67
2450 68
2450 68
2450 67
2450 67
2450 68
2450 69
2450 68
2450 68
2450 68
2450 68
2450 68
2450 68
2450 69
2450 67
2450 68
2450 69
2450 67
2450 67
2450 68
2450 67
2450 69
2450 66
2450 69
2450 68
2450 65
2450 68
2450 68
2450 68
2450 68
2450 67
2450 68
2450 68
2450 69
2450 68
2450 68
2450 69
2450 70
2450 68
2450 69
2450 69
2450 68
2450 67
2450 68
2450 68
2450 68
2450 67
2450 69
2450 69
2450 68
2450 68
2450 68
2450 68
2450 67
2450 68
2450 68
2450 68
2450 67
2450 67
2450 68
2450 68
2450 67
2450 68
2450 68
2450 69
2450 68
2450 68
2450 68
2450 68
2450 68
2450 66
2450 69
2450 68
2450 68
2450 68
2450 68
2450 67
2450 68
2450 68
2450 68
2455 66
2455 65
2455 67
2455 67
2455 64
2455 66
2455 65
2455 66
2455 66
2455 65
2455 68
2455 67
2455 65
2455 65
2455 66
2455 67
2455 66
2455 65
2455 66
2455 66
2455 66
2455 66
2455 65
2455 66
2455 64
2455 66
2455 66
2455 66
2455 67
2455 65
2455 65
2455 67
2455 66
2455 65
2455 66
2455 66
2455 67
2455 66
2455 66
2455 65
2455 66
2455 64
2455 64
2455 66
2455 66
2455 65
2455 67
2455 66
2455 65
2455 66
2455 66
2455 64
2455 65
2455 64
2455 65
2455 67
2455 67
2455 66
2455 65
2455 67
2455 64
2455 67
2455 64
2455 65
2455 66
2455 66
2455 65
2455 67
2455 66
2455 66
2455 64
2455 67
2455 66
2455 67
2455 64
2455 64
2455 66
2455 67
2455 66
2455 67
2455 66
2455 67
2455 66
2455 65
2455 66
2455 65
2455 65
2455 66
2455 66
2455 67
2455 66
2455 64
2455 64
2455 66
2455 66
2455 65
2455 67
2455 66
2455 66
2455 65
2460 63
2460 62
2460 63
2460 63
2460 64
2460 63
2460 64
2460 64
2460 63
2460 63
2460 64
2460 64
2460 63
2460 64
2460 64
2460 63
2460 63
2460 63
2460 63
2460 64
2460 64
2460 63
2460 64
2460 64
2460 63
2460 63
2460 63
2460 64
2460 64
2460 64
2460 63
2460 64
2460 63
2460 63
2460 64
2460 62
2460 63
2460 63
2460 64
2460 63
2460 63
2460 63
2460 64
2460 63
2460 64
2460 63
2460 64
2460 64
2460 64
2460 64
2460 64
2460 64
2460 64
2460 63
2460 63
2460 63
2460 63
2460 64
2460 63
2460 64
2460 64
2460 64
2460 64
2460 62
2460 63
2460 63
2460 63
2460 64
2460 63
2460 64
2460 64
2460 63
2460 63
2460 64
2460 63
2460 64
2460 63
2460 64
2460 65
2460 64
2460 64
2460 63
2460 64
2460 64
2460 63
2460 63
2460 64
2460 64
2460 63
2460 64
2460 63
2460 63
2460 63
2460 63
2460 63
2460 63
2460 63
2460 63
2460 63
2460 64
2465 61
2465 62
2465 64
2465 63
2465 63
2465 59
2465 63
2465 61
2465 63
2465 62
2465 61
2465 62
2465 63
2465 60
2465 61
2465 60
2465 60
2465 60
2465 62
2465 60
2465 61
2465 63
2465 61
2465 63
2465 60
2465 61
2465 61
2465 63
2465 61
2465 62
2465 62
2465 63
2465 62
2465 63
2465 60
2465 61
2465 62
2465 61
2465 61
2465 62
2465 60
2465 61
2465 62
2465 61
2465 62
2465 60
2465 62
2465 62
2465 62
2465 62
2465 61
2465 62
2465 61
2465 62
2465 61
2465 62
2465 60
2465 62
2465 62
2465 63
2465 60
2465 62
2465 63
2465 62
2465 60
2465 62
2465 62
2465 60
2465 61
2465 61
2465 61
2465 62
2465 62
2465 60
2465 63
2465 62
2465 60
2465 62
2465 62
2465 61
2465 63
2465 63
2465 63
2465 62
2465 60
2465 63
2465 61
2465 60
2465 61
2465 63
2465 63
2465 63
2465 62
2465 62
2465 60
2465 62
2465 60
2465 60
2465 61
2470 59
2470 60
2470 58
2470 59
2470 59
2470 59
2470 60
2470 59
2470 60
2470 59
2470 58
2470 60
2470 59
2470 59
2470 59
2470 59
2470 59
2470 60
2470 59
2470 60
2470 60
2470 59
2470 60
2470 58
2470 59
2470 59
2470 60
2470 59
2470 59
2470 59
2470 60
2470 59
2470 60
2470 60
2470 59
2470 60
2470 59
2470 59
2470 57
2470 59
2470 59
2470 60
2470 59
2470 61
2470 58
2470 60
2470 60
2470 59
2470 61
2470 59
2470 59
2470 59
2470 59
2470 60
2470 59
2470 60
2470 57
2470 59
2470 60
2470 58
2470 59
2470 59
2470 59
2470 59
2470 59
2470 60
2470 59
2470 61
2470 57
2470 60
2470 59
2470 59
2470 60
2470 60
2470 59
2470 60
2470 59
2470 58
2470 59
2470 60
2470 59
2470 59
2470 59
2470 60
2470 59
2470 59
2470 60
2470 59
2470 59
2470 60
2470 60
2470 60
2470 57
2470 60
2470 60
2470 60
2470 59
2470 57
2470 60
2470 59
2475 57
2475 57
2475 57
2475 57
2475 57
2475 57
2475 57
2475 58
2475 58
2475 56
2475 56
2475 56
2475 57
2475 57
2475 58
2475 57
2475 57
2475 57
2475 57
2475 57
2475 57
2475 59
2475 57
2475 57
2475 58
2475 58
2475 57
2475 56
2475 58
2475 59
2475 58
2475 57
2475 56
2475 57
2475 58
2475 59
2475 57
2475 57
2475 57
2475 57
2475 56
2475 57
2475 57
2475 58
2475 59
2475 57
2475 59
2475 59
2475 57
2475 59
2475 56
2475 57
2475 57
2475 57
2475 57
2475 59
2475 57
2475 57
2475 57
2475 57
2475 57
2475 56
2475 56
2475 57
2475 57
2475 58
2475 57
2475 56
2475 56
2475 57
2475 56
2475 57
2475 57
2475 57
2475 57
2475 56
2475 57
2475 57
2475 58
2475 57
2475 57
2475 56
2475 56
2475 57
2475 57
2475 58
2475 57
2475 58
2475 57
2475 57
2475 59
2475 56
2475 58
2475 57
2475 57
2475 58
2475 57
2475 57
2475 56
2475 57
2480 56
2480 54
2480 55
2480 56
2480 56
2480 56
2480 56
2480 55
2480 54
2480 55
2480 55
2480 54
2480 55
2480 54
2480 55
2480 56
2480 56
2480 54
2480 56
2480 53
2480 55
2480 56
2480 56
2480 54
2480 56
2480 53
2480 56
2480 55
2480 54
2480 56
2480 56
2480 55
2480 54
2480 54
2480 54
2480 56
2480 55
2480 54
2480 54
2480 54
2480 54
2480 56
2480 56
2480 53
2480 56
2480 55
2480 55
2480 56
2480 54
2480 56
2480 54
2480 55
2480 54
2480 56
2480 54
2480 56
2480 55
2480 54
2480 56
2480 54
2480 54
2480 56
2480 55
2480 55
2480 56
2480 56
2480 56
2480 56
2480 54
2480 55
2480 55
2480 54
2480 56
2480 55
2480 56
2480 56
2480 54
2480 55
2480 56
2480 54
2480 56
2480 54
2480 54
2480 55
2480 56
2480 56
2480 56
2480 55
2480 55
2480 55
2480 55
2480 56
2480 55
2480 56
2480 56
2480 56
2480 56
2480 56
2480 56
2480 54
2485 53
2485 52
2485 53
2485 54
2485 54
2485 52
2485 53
2485 53
2485 54
2485 52
2485 53
2485 55
2485 54
2485 53
2485 53
2485 54
2485 54
2485 54
2485 54
2485 53
2485 52
2485 52
2485 53
2485 52
2485 53
2485 53
2485 53
2485 54
2485 52
2485 53
2485 52
2485 52
2485 52
2485 53
2485 54
2485 53
2485 53
2485 52
2485 53
2485 53
2485 54
2485 51
2485 53
2485 52
2485 55
2485 53
2485 53
2485 53
2485 54
2485 54
2485 53
2485 53
2485 53
2485 51
2485 52
2485 53
2485 54
2485 53
2485 54
2485 54
2485 54
2485 53
2485 53
2485 53
2485 53
2485 53
2485 51
2485 54
2485 51
2485 53
2485 53
2485 53
2485 51
2485 54
2485 54
2485 54
2485 54
2485 52
2485 53
2485 55
2485 53
2485 54
2485 53
2485 52
2485 53
2485 53
2485 53
2485 53
2485 53
2485 51
2485 53
2485 54
2485 54
2485 53
2485 53
2485 54
2485 53
2485 52
2485 53
2485 54
2490 51
2490 51
2490 51
2490 51
2490 51
2490 51
2490 51
2490 50
2490 51
2490 50
2490 51
2490 51
2490 53
2490 51
2490 51
2490 51
2490 50
2490 50
2490 50
2490 52
2490 51
2490 49
2490 50
2490 51
2490 51
2490 52
2490 51
2490 51
2490 51
2490 52
2490 51
2490 50
2490 49
2490 49
2490 53
2490 50
2490 50
2490 51
2490 50
2490 50
2490 50
2490 51
2490 52
2490 50
2490 52
2490 51
2490 50
2490 51
2490 49
2490 51
2490 50
2490 53
2490 51
2490 50
2490 51
2490 52
2490 51
2490 51
2490 51
2490 52
2490 50
2490 50
2490 50
2490 51
2490 52
2490 51
2490 50
2490 52
2490 51
2490 50
2490 51
2490 51
2490 51
2490 51
2490 51
2490 50
2490 52
2490 50
2490 50
2490 51
2490 52
2490 50
2490 49
2490 51
2490 51
2490 51
2490 51
2490 51
2490 50
2490 51
2490 51
2490 51
2490 51
2490 51
2490 50
2490 52
2490 51
2490 51
2490 51
2495 49
2495 51
2495 48
2495 48
2495 49
2495 49
2495 50
2495 49
2495 49
2495 48
2495 50
2495 49
2495 49
2495 49
2495 49
2495 48
2495 48
2495 50
2495 47
2495 47
2495 48
2495 49
2495 49
2495 49
2495 49
2495 49
2495 49
2495 49
2495 49
2495 48
2495 49
2495 50
2495 48
2495 49
2495 48
2495 48
2495 48
2495 48
2495 49
2495 50
2495 49
2495 48
2495 50
2495 49
2495 49
2495 48
2495 49
2495 49
2495 49
2495 50
2495 50
2495 50
2495 50
2495 48
2495 49
2495 49
2495 49
2495 49
2495 48
2495 49
2495 49
2495 49
2495 48
2495 49
2495 48
2495 49
2495 49
2495 48
2495 48
2495 49
2495 51
2495 49
2495 49
2495 49
2495 50
2495 50
2495 48
2495 49
2495 47
2495 49
2495 48
2495 50
2495 49
2495 49
2495 49
2495 49
2495 47
2495 49
2495 50
2495 48
2495 50
2495 48
2495 48
2495 49
2495 48
2495 48
2495 48
2495 49
2495 49
2495 49
2500 47
2500 49
2500 47
2500 47
2500 47
2500 48
2500 49
2500 46
2500 46
2500 46
2500 46
2500 48
2500 47
2500 46
2500 48
2500 48
2500 45
2500 47
2500 48
2500 46
2500 45
2500 47
2500 48
2500 47
2500 46
2500 47
2500 47
2500 47
2500 48
2500 46
2500 47
2500 47
2500 48
2500 47
2500 47
2500 47
2500 47
2500 48
2500 48
2500 46
2500 47
2500 47
2500 46
2500 47
2500 47
2500 47
2500 46
2500 47
2500 47
2500 46
2500 46
2500 47
2500 47
2500 47
2500 46
2500 47
2500 46
2500 48
2500 47
2500 47
2500 47
2500 48
2500 46
2500 46
2500 48
2500 47
2500 47
2500 47
2500 47
2500 48
2500 47
2500 47
2500 46
2500 46
2500 47
2500 46
2500 47
2500 48
2500 48
2500 47
2500 47
2500 47
2500 47
2500 46
2500 46
2500 48
2500 47
2500 47
2500 48
2500 47
2500 47
2500 47
2500 46
2500 48
2500 47
2500 47
2500 47
2500 48
2500 49
2505 44
2505 43
2505 44
2505 45
2505 45
2505 45
2505 45
2505 45
2505 45
2505 46
2505 46
2505 45
2505 43
2505 45
2505 45
2505 43
2505 45
2505 43
2505 45
2505 45
2505 45
2505 45
2505 44
2505 46
2505 45
2505 45
2505 45
2505 46
2505 43
2505 45
2505 46
2505 44
2505 46
2505 44
2505 46
2505 45
2505 45
2505 45
2505 45
2505 45
2505 45
2505 45
2505 46
2505 45
2505 46
2505 46
2505 45
2505 45
2505 45
2505 44
2505 45
2505 45
2505 47
2505 45
2505 46
2505 46
2505 44
2505 45
2505 45
2505 45
2505 45
2505 43
2505 45
2505 45
2505 47
2505 45
2505 46
2505 45
2505 45
2505 45
2505 45
2505 45
2505 45
2505 45
2505 45
2505 45
2505 46
2505 45
2505 45
2505 45
2505 46
2505 46
2505 47
2505 44
2505 45
2505 45
2505 45
2505 46
2505 45
2505 45
2505 45
2505 45
2505 45
2505 45
2505 45
2505 44
2505 45
2505 46
2505 45
2505 45
2510 43
2510 44
2510 43
2510 43
2510 42
2510 43
2510 44
2510 44
2510 45
2510 45
2510 42
2510 43
2510 44
2510 43
2510 43
2510 42
2510 43
2510 42
2510 44
2510 44
2510 44
2510 42
2510 43
2510 43
2510 45
2510 43
2510 44
2510 43
2510 42
2510 42
2510 43
2510 43
2510 43
2510 44
2510 42
2510 43
2510 42
2510 44
2510 44
2510 44
2510 44
2510 43
2510 43
2510 42
2510 43
2510 44
2510 43
2510 44
2510 43
2510 44
2510 43
2510 43
2510 43
2510 43
2510 44
2510 43
2510 43
2510 42
2510 43
2510 44
2510 43
2510 44
2510 44
2510 42
2510 45
2510 43
2510 44
2510 44
2510 43
2510 43
2510 42
2510 43
2510 43
2510 44
2510 43
2510 43
2510 44
2510 42
2510 44
2510 43
2510 43
2510 42
2510 43
2510 43
2510 43
2510 43
2510 44
2510 43
2510 41
2510 43
2510 43
2510 43
2510 43
2510 44
2510 43
2510 44
2510 43
2510 44
2510 43
2510 44
2515 42
2515 41
2515 42
2515 41
2515 42
2515 42
2515 42
2515 41
2515 42
2515 41
2515 42
2515 42
2515 42
2515 40
2515 40
2515 41
2515 40
2515 42
2515 41
2515 42
2515 40
2515 39
2515 41
2515 41
2515 43
2515 41
2515 42
2515 40
2515 41
2515 40
2515 42
2515 40
2515 40
2515 40
2515 41
2515 42
2515 42
2515 41
2515 38
2515 41
2515 41
2515 41
2515 42
2515 40
2515 40
2515 41
2515 42
2515 42
2515 43
2515 40
2515 42
2515 40
2515 42
2515 41
2515 40
2515 41
2515 41
2515 42
2515 42
2515 40
2515 41
2515 42
2515 43
2515 42
2515 41
2515 41
2515 41
2515 41
2515 42
2515 41
2515 42
2515 42
2515 41
2515 39
2515 41
2515 41
2515 41
2515 40
2515 41
2515 41
2515 42
2515 40
2515 42
2515 40
2515 41
2515 41
2515 42
2515 42
2515 39
2515 41
2515 38
2515 41
2515 40
2515 42
2515 42
2515 41
2515 41
2515 42
2515 39
2515 41
2520 39
2520 37
2520 40
2520 40
2520 39
2520 38
2520 37
2520 37
2520 37
2520 37
2520 38
2520 38
2520 37
2520 38
2520 39
2520 37
2520 39
2520 39
2520 39
2520 37
2520 37
2520 38
2520 36
2520 39
2520 40
2520 37
2520 39
2520 39
2520 37
2520 39
2520 39
2520 38
2520 39
2520 37
2520 37
2520 39
2520 39
2520 38
2520 40
2520 40
2520 38
2520 39
2520 38
2520 38
2520 38
2520 41
2520 37
2520 37
2520 39
2520 40
2520 39
2520 37
2520 38
2520 38
2520 39
2520 39
2520 35
2520 38
2520 37
2520 39
2520 38
2520 38
2520 38
2520 37
2520 37
2520 37
2520 38
2520 37
2520 39
2520 37
2520 39
2520 38
2520 37
2520 37
2520 38
2520 38
2520 38
2520 39
2520 38
2520 39
2520 38
2520 38
2520 38
2520 40
2520 38
2520 38
2520 38
2520 37
2520 38
2520 39
2520 38
2520 38
2520 39
2520 39
2520 37
2520 37
2520 38
2520 38
2520 36
2520 37
2525 37
2525 35
2525 36
2525 37
2525 35
2525 35
2525 37
2525 36
2525 36
2525 36
2525 36
2525 36
2525 37
2525 36
2525 36
2525 37
2525 36
2525 36
2525 36
2525 36
2525 36
2525 36
2525 35
2525 37
2525 36
2525 37
2525 37
2525 35
2525 37
2525 36
2525 36
2525 36
2525 37
2525 35
2525 36
2525 37
2525 36
2525 37
2525 36
2525 36
2525 37
2525 35
2525 37
2525 37
2525 37
2525 36
2525 34
2525 37
2525 36
2525 37
2525 35
2525 36
2525 36
2525 36
2525 37
2525 37
2525 36
2525 36
2525 35
2525 35
2525 36
2525 35
2525 37
2525 36
2525 37
2525 37
2525 38
2525 36
2525 36
2525 36
2525 37
2525 37
2525 37
2525 35
2525 35
2525 35
2525 35
2525 36
2525 36
2525 37
2525 36
2525 36
2525 36
2525 36
2525 36
2525 34
2525 37
2525 35
2525 35
2525 36
2525 37
2525 35
2525 35
2525 35
2525 35
2525 36
2525 36
2525 36
2525 37
2525 37
2530 35
2530 34
2530 33
2530 34
2530 35
2530 34
2530 34
2530 35
2530 34
2530 34
2530 33
2530 34
2530 34
2530 33
2530 35
2530 35
2530 34
2530 33
2530 34
2530 34
2530 35
2530 34
2530 33
2530 35
2530 34
2530 36
2530 34
2530 33
2530 33
2530 34
2530 35
2530 35
2530 35
2530 33
2530 35
2530 36
2530 34
2530 34
2530 35
2530 34
2530 35
2530 36
2530 34
2530 34
2530 34
2530 34
2530 35
2530 33
2530 34
2530 34
2530 34
2530 34
2530 34
2530 35
2530 35
2530 35
2530 34
2530 33
2530 34
2530 34
2530 35
2530 34
2530 36
2530 34
2530 34
2530 36
2530 34
2530 34
2530 34
2530 35
2530 34
2530 34
2530 33
2530 34
2530 35
2530 33
2530 34
2530 36
2530 35
2530 34
2530 35
2530 36
2530 33
2530 35
2530 34
2530 35
2530 35
2530 34
2530 34
2530 35
2530 35
2530 33
2530 33
2530 33
2530 34
2530 34
2530 34
2530 35
2530 34
2530 35
2535 32
2535 32
2535 33
2535 32
2535 32
2535 33
2535 32
2535 32
2535 32
2535 32
2535 32
2535 32
2535 32
2535 34
2535 32
2535 33
2535 32
2535 33
2535 32
2535 33
2535 32
2535 32
2535 31
2535 32
2535 32
2535 32
2535 32
2535 31
2535 34
2535 32
2535 32
2535 32
2535 33
2535 32
2535 32
2535 32
2535 32
2535 32
2535 33
2535 33
2535 32
2535 32
2535 32
2535 32
2535 32
2535 33
2535 32
2535 32
2535 32
2535 33
2535 31
2535 33
2535 31
2535 32
2535 32
2535 32
2535 32
2535 32
2535 32
2535 33
2535 31
2535 32
2535 32
2535 33
2535 33
2535 32
2535 32
2535 32
2535 32
2535 33
2535 33
2535 32
2535 32
2535 32
2535 32
2535 32
2535 32
2535 31
2535 32
2535 32
2535 32
2535 32
2535 32
2535 32
2535 32
2535 31
2535 32
2535 32
2535 32
2535 32
2535 33
2535 32
2535 33
2535 32
2535 32
2535 32
2535 33
2535 31
2535 32
2540 31
2540 31
2540 31
2540 30
2540 30
2540 31
2540 30
2540 30
2540 30
2540 31
2540 31
2540 31
2540 29
2540 31
2540 29
2540 30
2540 30
2540 31
2540 28
2540 31
2540 31
2540 29
2540 29
2540 30
2540 29
2540 29
2540 30
2540 29
2540 30
2540 31
2540 28
2540 30
2540 31
2540 31
2540 28
2540 28
2540 31
2540 29
2540 32
2540 31
2540 31
2540 30
2540 29
2540 31
2540 31
2540 30
2540 31
2540 29
2540 29
2540 31
2540 31
2540 30
2540 31
2540 31
2540 31
2540 31
2540 31
2540 31
2540 28
2540 30
2540 31
2540 29
2540 30
2540 30
2540 31
2540 29
2540 32
2540 29
2540 30
2540 28
2540 32
2540 31
2540 31
2540 31
2540 30
2540 30
2540 31
2540 30
2540 31
2540 31
2540 31
2540 29
2540 31
2540 30
2540 30
2540 31
2540 31
2540 30
2540 30
2540 28
2540 30
2540 31
2540 30
2540 31
2540 31
2540 29
2540 29
2540 29
2540 31
2540 32
2545 28
2545 26
2545 27
2545 28
2545 28
2545 25
2545 28
2545 26
2545 28
2545 27
2545 29
2545 28
2545 28
2545 27
2545 30
2545 28
2545 28
2545 28
2545 26
2545 28
2545 28
2545 27
2545 26
2545 27
2545 28
2545 28
2545 27
2545 27
2545 28
2545 27
2545 27
2545 28
2545 28
2545 28
2545 28
2545 28
2545 27
2545 28
2545 28
2545 27
2545 28
2545 28
2545 28
2545 27
2545 28
2545 29
2545 28
2545 28
2545 28
2545 28
2545 28
2545 28
2545 28
2545 27
2545 29
2545 28
2545 27
2545 28
2545 25
2545 28
2545 27
2545 27
2545 28
2545 27
2545 26
2545 28
2545 27
2545 28
2545 28
2545 28
2545 28
2545 29
2545 27
2545 28
2545 28
2545 28
2545 28
2545 28
2545 28
2545 28
2545 28
2545 27
2545 27
2545 28
2545 30
2545 29
2545 28
2545 27
2545 28
2545 27
2545 28
2545 30
2545 27
2545 27
2545 26
2545 27
2545 30
2545 27
2545 28
2545 27
2550 26
2550 26
2550 26
2550 26
2550 25
2550 25
2550 25
2550 25
2550 25
2550 25
2550 25
2550 27
2550 24
2550 25
2550 25
2550 25
2550 25
2550 25
2550 24
2550 26
2550 25
2550 26
2550 25
2550 26
2550 25
2550 25
2550 25
2550 25
2550 26
2550 26
2550 25
2550 26
2550 26
2550 25
2550 25
2550 27
2550 25
2550 25
2550 25
2550 25
2550 27
2550 24
2550 25
2550 27
2550 27
2550 25
2550 25
2550 25
2550 25
2550 26
2550 26
2550 28
2550 25
2550 25
2550 26
2550 25
2550 25
2550 24
2550 26
2550 26
2550 26
2550 25
2550 26
2550 27
2550 25
2550 25
2550 25
2550 27
2550 25
2550 27
2550 28
2550 25
2550 26
2550 25
2550 26
2550 25
2550 25
2550 25
2550 25
2550 24
2550 24
2550 27
2550 25
2550 26
2550 25
2550 27
2550 25
2550 26
2550 27
2550 25
2550 26
2550 25
2550 26
2550 26
2550 25
2550 26
2550 25
2550 26
2550 25
2555 24
2555 24
2555 23
2555 24
2555 25
2555 24
2555 24
2555 24
2555 24
2555 24
2555 24
2555 24
2555 24
2555 24
2555 23
2555 23
2555 24
2555 24
2555 24
2555 24
2555 24
2555 24
2555 23
2555 24
2555 24
2555 24
2555 25
2555 24
2555 24
2555 25
2555 24
2555 24
2555 25
2555 24
2555 24
2555 24
2555 24
2555 24
2555 24
2555 24
2555 24
2555 24
2555 25
2555 24
2555 24
2555 24
2555 24
2555 24
2555 24
2555 24
2555 24
2555 24
2555 24
2555 25
2555 24
2555 24
2555 24
2555 24
2555 22
2555 24
2555 24
2555 25
2555 24
2555 24
2555 24
2555 25
2555 24
2555 24
2555 24
2555 24
2555 25
2555 23
2555 24
2555 23
2555 24
2555 24
2555 24
2555 24
2555 23
2555 24
2555 24
2555 24
2555 24
2555 24
2555 24
2555 24
2555 24
2555 25
2555 24
2555 24
2555 24
2555 24
2555 24
2555 24
2555 23
2555 24
2555 24
2555 24
2555 24
2560 22
2560 22
2560 23
2560 22
2560 22
2560 23
2560 23
2560 21
2560 22
2560 21
2560 22
2560 23
2560 21
2560 22
2560 22
2560 22
2560 21
2560 22
2560 23
2560 21
2560 22
2560 21
2560 21
2560 22
2560 21
2560 23
2560 24
2560 22
2560 22
2560 22
2560 22
2560 22
2560 22
2560 22
2560 21
2560 22
2560 23
2560 22
2560 22
2560 22
2560 22
2560 22
2560 22
2560 23
2560 21
2560 22
2560 22
2560 23
2560 22
2560 22
2560 21
2560 22
2560 22
2560 20
2560 22
2560 22
2560 22
2560 21
2560 23
2560 22
2560 22
2560 21
2560 21
2560 22
2560 22
2560 24
2560 20
2560 21
2560 21
2560 22
2560 22
2560 24
2560 23
2560 21
2560 22
2560 22
2560 22
2560 22
2560 22
2560 22
2560 23
2560 22
2560 22
2560 22
2560 22
2560 22
2560 21
2560 22
2560 22
2560 22
2560 21
2560 23
2560 22
2560 22
2560 23
2560 21
2560 24
2560 21
2560 22
2565 19
2565 18
2565 21
2565 20
2565 19
2565 21
2565 21
2565 19
2565 19
2565 20
2565 19
2565 21
2565 20
2565 19
2565 20
2565 18
2565 21
2565 19
2565 21
2565 19
2565 20
2565 20
2565 19
2565 20
2565 19
2565 21
2565 20
2565 21
2565 21
2565 19
2565 21
2565 18
2565 20
2565 19
2565 20
2565 20
2565 19
2565 21
2565 21
2565 21
2565 20
2565 20
2565 20
2565 19
2565 19
2565 19
2565 18
2565 19
2565 22
2565 20
2565 19
2565 21
2565 20
2565 19
2565 19
2565 19
2565 20
2565 20
2565 21
2565 20
2565 21
2565 20
2565 21
2565 19
2565 21
2565 21
2565 19
2565 20
2565 19
2565 19
2565 19
2565 19
2565 20
2565 19
2565 19
2565 21
2565 19
2565 21
2565 19
2565 20
2565 20
2565 21
2565 20
2565 21
2565 20
2565 22
2565 22
2565 19
2565 21
2565 19
2565 18
2565 21
2565 19
2565 20
2565 19
2565 20
2565 20
2565 20
2565 21
2565 19
2570 18
2570 17
2570 18
2570 18
2570 17
2570 19
2570 18
2570 18
2570 19
2570 18
2570 19
2570 18
2570 16
2570 18
2570 17
2570 18
2570 18
2570 18
2570 18
2570 17
2570 17
2570 18
2570 17
2570 19
2570 19
2570 16
2570 18
2570 17
2570 18
2570 19
2570 17
2570 17
2570 17
2570 18
2570 18
2570 17
2570 18
2570 17
2570 17
2570 17
2570 17
2570 18
2570 19
2570 18
2570 18
2570 18
2570 18
2570 18
2570 18
2570 19
2570 18
2570 18
2570 18
2570 19
2570 19
2570 18
2570 17
2570 18
2570 19
2570 18
2570 17
2570 17
2570 18
2570 18
2570 16
2570 18
2570 17
2570 18
2570 19
2570 18
2570 18
2570 19
2570 18
2570 17
2570 17
2570 20
2570 19
2570 18
2570 18
2570 18
2570 17
2570 17
2570 17
2570 18
2570 17
2570 17
2570 19
2570 17
2570 17
2570 16
2570 19
2570 17
2570 18
2570 17
2570 19
2570 19
2570 17
2570 18
2570 17
2570 17
2575 15
2575 16
2575 15
2575 16
2575 16
2575 16
2575 16
2575 17
2575 16
2575 16
2575 16
2575 16
2575 16
2575 16
2575 16
2575 17
2575 16
2575 15
2575 17
2575 17
2575 16
2575 16
2575 17
2575 16
2575 17
2575 17
2575 17
2575 16
2575 15
2575 16
2575 16
2575 16
2575 16
2575 16
2575 16
2575 17
2575 16
2575 17
2575 16
2575 15
2575 17
2575 16
2575 17
2575 17
2575 16
2575 15
2575 16
2575 17
2575 16
2575 17
2575 16
2575 16
2575 16
2575 16
2575 16
2575 16
2575 15
2575 16
2575 16
2575 16
2575 16
2575 16
2575 16
2575 15
2575 16
2575 15
2575 17
2575 16
2575 16
2575 17
2575 15
2575 16
2575 16
2575 15
2575 15
2575 16
2575 16
2575 16
2575 17
2575 16
2575 17
2575 17
2575 15
2575 16
2575 18
2575 16
2575 16
2575 16
2575 16
2575 16
2575 17
2575 15
2575 16
2575 16
2575 16
2575 17
2575 17
2575 15
2575 17
2575 16
2580 13
2580 15
2580 13
2580 14
2580 15
2580 13
2580 13
2580 13
2580 13
2580 14
2580 14
2580 14
2580 13
2580 15
2580 14
2580 13
2580 13
2580 14
2580 13
2580 13
2580 15
2580 13
2580 13
2580 13
2580 13
2580 14
2580 13
2580 13
2580 14
2580 12
2580 14
2580 15
2580 13
2580 13
2580 13
2580 13
2580 14
2580 14
2580 14
2580 13
2580 13
2580 14
2580 15
2580 14
2580 13
2580 13
2580 14
2580 13
2580 14
2580 13
2580 13
2580 15
2580 13
2580 13
2580 13
2580 14
2580 15
2580 13
2580 13
2580 14
2580 13
2580 13
2580 13
2580 12
2580 15
2580 11
2580 14
2580 13
2580 14
2580 14
2580 12
2580 14
2580 13
2580 14
2580 13
2580 15
2580 15
2580 13
2580 13
2580 14
2580 13
2580 14
2580 15
2580 14
2580 13
2580 13
2580 13
2580 13
2580 13
2580 14
2580 13
2580 14
2580 13
2580 13
2580 15
2580 14
2580 13
2580 13
2580 13
2580 14
2585 10
2585 10
2585 12
2585 11
2585 11
2585 11
2585 11
2585 12
2585 11
2585 11
2585 11
2585 12
2585 12
2585 11
2585 12
2585 10
2585 12
2585 12
2585 13
2585 11
2585 11
2585 13
2585 10
2585 10
2585 11
2585 11
2585 11
2585 11
2585 11
2585 11
2585 11
2585 11
2585 12
2585 11
2585 12
2585 11
2585 11
2585 11
2585 10
2585 11
2585 11
2585 13
2585 12
2585 12
2585 11
2585 12
2585 12
2585 12
2585 12
2585 11
2585 13
2585 12
2585 11
2585 11
2585 10
2585 10
2585 11
2585 10
2585 12
2585 11
2585 12
2585 11
2585 11
2585 10
2585 11
2585 12
2585 11
2585 11
2585 12
2585 12
2585 11
2585 11
2585 11
2585 13
2585 12
2585 12
2585 12
2585 11
2585 11
2585 12
2585 11
2585 11
2585 11
2585 11
2585 11
2585 13
2585 11
2585 11
2585 11
2585 11
2585 11
2585 11
2585 11
2585 12
2585 11
2585 10
2585 13
2585 13
2585 11
2585 12
2590 9
2590 10
2590 11
2590 10
2590 9
2590 11
2590 9
2590 10
2590 10
2590 10
2590 11
2590 10
2590 10
2590 9
2590 9
2590 10
2590 11
2590 10
2590 10
2590 10
2590 10
2590 9
2590 11
2590 9
2590 10
2590 9
2590 10
2590 9
2590 10
2590 11
2590 10
2590 8
2590 11
2590 9
2590 11
2590 9
2590 10
2590 9
2590 10
2590 9
2590 11
2590 10
2590 11
2590 9
2590 11
2590 11
2590 10
2590 9
2590 10
2590 9
2590 9
2590 8
2590 10
2590 10
2590 11
2590 10
2590 7
2590 11
2590 10
2590 9
2590 10
2590 10
2590 9
2590 10
2590 10
2590 9
2590 11
2590 11
2590 11
2590 10
2590 9
2590 10
2590 9
2590 10
2590 10
2590 8
2590 9
2590 9
2590 9
2590 9
2590 11
2590 7
2590 11
2590 8
2590 11
2590 11
2590 10
2590 10
2590 10
2590 10
2590 9
2590 9
2590 10
2590 10
2590 9
2590 10
2590 10
2590 9
2590 10
2590 10
2595 8
2595 8
2595 7
2595 8
2595 7
2595 7
2595 10
2595 8
2595 8
2595 7
2595 8
2595 7
2595 7
2595 9
2595 8
2595 6
2595 6
2595 7
2595 6
2595 9
2595 6
2595 7
2595 8
2595 6
2595 7
2595 8
2595 6
2595 6
2595 6
2595 8
2595 9
2595 9
2595 7
2595 6
2595 6
2595 8
2595 9
2595 8
2595 8
2595 6
2595 7
2595 8
2595 6
2595 7
2595 6
2595 8
2595 5
2595 8
2595 8
2595 10
2595 9
2595 7
2595 8
2595 7
2595 7
2595 7
2595 7
2595 7
2595 9
2595 9
2595 7
2595 8
2595 8
2595 8
2595 8
2595 6
2595 7
2595 8
2595 6
2595 8
2595 8
2595 6
2595 7
2595 5
2595 7
2595 6
2595 7
2595 8
2595 10
2595 7
2595 8
2595 7
2595 8
2595 8
2595 7
2595 5
2595 6
2595 6
2595 7
2595 6
2595 9
2595 6
2595 7
2595 7
2595 8
2595 7
2595 7
2595 7
2595 5
2595 7
2600 5
2600 5
2600 4
2600 4
2600 5
2600 4
2600 5
2600 3
2600 4
2600 5
2600 4
2600 3
2600 4
2600 5
2600 4
2600 4
2600 5
2600 6
2600 4
2600 5
2600 4
2600 4
2600 4
2600 4
2600 4
2600 5
2600 5
2600 4
2600 4
2600 5
2600 4
2600 5
2600 5
2600 5
2600 5
2600 4
2600 4
2600 4
2600 6
2600 4
2600 4
2600 4
2600 3
2600 4
2600 3
2600 3
2600 4
2600 4
2600 4
2600 5
2600 4
2600 4
2600 4
2600 4
2600 5
2600 4
2600 4
2600 4
2600 6
2600 5
2600 5
2600 4
2600 4
2600 4
2600 4
2600 3
2600 4
2600 4
2600 4
2600 3
2600 4
2600 5
2600 5
2600 5
2600 3
2600 3
2600 3
2600 6
2600 3
2600 5
2600 5
2600 5
2600 5
2600 5
2600 4
2600 4
2600 5
2600 4
2600 4
2600 5
2600 3
2600 3
2600 4
2600 4
2600 5
2600 5
2600 4
2605 7
2605 4
2605 3
2605 4
2605 3
2605 3
2605 3
2605 13
2605 3
2605 6
2605 3
2605 3
2605 3
2605 3
2605 3
2605 9
2605 3
2605 3
2605 3
2605 3
2605 4
