TOA measurement vs Delay ---- Mon Jun 15 00:48:28 2020
Pixel = 14
config file = config/asic_config_B4.yml
NofIterations = 100
LSBest = 24.23272711538102
mean value = [  0.           0.           0.           0.           0.
   0.           0.           0.           0.           0.
   0.           0.           0.           0.           0.
   0.           0.           0.           0.           0.
   0.           0.         125.75       124.23       121.86
 119.78       117.72       115.5        113.31313131 111.59
 109.88       107.98       105.58       103.65656566 101.76
  99.92929293  97.35        95.48        94.36        92.34
  90.05        88.11        86.06        83.74        81.42
  80.15        78.09090909  76.6         73.91        72.12
  69.74        67.8         65.35        63.47959184  62.26
  60.55        58.06        56.13131313  54.05        51.97
  50.18181818  48.76767677  47.          45.1         42.27272727
  40.8         38.78        36.4040404   34.03        32.15151515
  30.8         29.26        27.28        25.6         23.65
  21.23        18.52        16.94        15.11        13.29
  10.44         9.04         6.57         4.36666667   0.
   0.           0.           0.           0.           0.
   0.           0.           0.           0.           0.
   0.           0.           0.           0.           0.        ]
sigma = [0.         0.         0.         0.         0.         0.
 0.         0.         0.         0.         0.         0.
 0.         0.         0.         0.         0.         0.
 0.         0.         0.         0.         0.59922335 0.77487633
 0.77700279 0.85728253 0.7777746  0.77028133 0.64778511 0.91936572
 0.78034181 0.89606547 0.76611574 0.9351348  1.01278494 0.77038001
 0.76865684 0.68770149 0.75745187 0.88754343 0.59231185 0.8253686
 0.93794101 0.84601024 0.62203966 0.79425017 0.80673815 0.78951462
 0.57029232 0.88821919 1.04677282 0.68068593 0.71472605 0.67480799
 0.70408333 0.81904416 0.61622507 1.00273832 0.98530875 0.80773345
 0.74520198 0.60223964 0.75055535 0.78315601 0.73777144 0.86216781
 0.92462605 0.75269471 0.80773345 0.77183549 0.55075705 0.73193807
 0.69637155 0.68068593 0.7285831  0.84878344 0.70209211 0.54747907
 0.72196491 0.67024871 0.87734448 0.8495489  0.9840901  0.61824123
 0.         0.         0.         0.         0.         0.
 0.         0.         0.         0.         0.         0.
 0.         0.         0.         0.        ]
Pulse delay   TOA 
2305 126
2305 126
2305 125
2305 126
2305 125
2310 126
2310 126
2310 126
2310 126
2310 126
2310 126
2310 126
2310 126
2310 126
2310 126
2310 126
2310 126
2310 126
2310 126
2310 125
2310 126
2310 126
2310 125
2310 126
2310 126
2310 126
2310 126
2310 126
2310 126
2310 126
2310 126
2310 126
2310 126
2310 125
2310 126
2310 125
2310 126
2310 125
2310 125
2310 126
2310 125
2310 126
2310 126
2310 125
2310 126
2310 126
2310 125
2310 126
2310 126
2310 123
2310 126
2310 126
2310 126
2310 126
2310 126
2310 126
2310 126
2310 126
2310 126
2310 126
2310 126
2310 126
2310 125
2310 126
2310 125
2310 126
2310 125
2310 126
2310 126
2310 125
2310 125
2310 126
2310 126
2315 124
2315 124
2315 125
2315 125
2315 124
2315 124
2315 125
2315 125
2315 124
2315 124
2315 124
2315 124
2315 124
2315 124
2315 124
2315 124
2315 124
2315 125
2315 124
2315 125
2315 125
2315 125
2315 124
2315 124
2315 125
2315 123
2315 124
2315 125
2315 125
2315 124
2315 122
2315 124
2315 124
2315 124
2315 124
2315 124
2315 125
2315 125
2315 124
2315 124
2315 124
2315 125
2315 125
2315 125
2315 125
2315 124
2315 125
2315 125
2315 123
2315 125
2315 123
2315 125
2315 125
2315 124
2315 124
2315 124
2315 124
2315 125
2315 123
2315 124
2315 123
2315 123
2315 124
2315 122
2315 124
2315 124
2315 125
2315 124
2315 124
2315 125
2315 125
2315 123
2315 124
2315 124
2315 124
2315 125
2315 124
2315 124
2315 125
2315 125
2315 125
2315 125
2315 125
2315 124
2315 124
2315 123
2315 125
2315 123
2315 124
2315 125
2315 124
2315 125
2315 125
2315 124
2315 125
2315 124
2315 123
2315 125
2315 124
2315 123
2320 121
2320 120
2320 118
2320 123
2320 123
2320 122
2320 122
2320 122
2320 122
2320 122
2320 122
2320 121
2320 122
2320 122
2320 122
2320 122
2320 121
2320 122
2320 123
2320 122
2320 122
2320 122
2320 122
2320 122
2320 122
2320 122
2320 122
2320 121
2320 122
2320 122
2320 122
2320 122
2320 122
2320 122
2320 122
2320 121
2320 122
2320 121
2320 121
2320 120
2320 122
2320 122
2320 122
2320 122
2320 122
2320 121
2320 122
2320 123
2320 122
2320 123
2320 122
2320 122
2320 122
2320 122
2320 122
2320 123
2320 122
2320 122
2320 121
2320 122
2320 123
2320 122
2320 122
2320 122
2320 122
2320 122
2320 122
2320 121
2320 122
2320 122
2320 122
2320 122
2320 122
2320 122
2320 122
2320 121
2320 122
2320 121
2320 123
2320 122
2320 121
2320 123
2320 122
2320 122
2320 122
2320 121
2320 122
2320 122
2320 122
2320 123
2320 122
2320 122
2320 122
2320 122
2320 122
2320 120
2320 122
2320 123
2320 121
2320 122
2325 120
2325 120
2325 119
2325 119
2325 119
2325 120
2325 118
2325 119
2325 120
2325 118
2325 120
2325 120
2325 120
2325 120
2325 120
2325 121
2325 118
2325 120
2325 120
2325 120
2325 120
2325 120
2325 121
2325 122
2325 120
2325 120
2325 120
2325 121
2325 120
2325 120
2325 120
2325 120
2325 121
2325 120
2325 118
2325 120
2325 119
2325 120
2325 120
2325 120
2325 120
2325 120
2325 120
2325 120
2325 120
2325 119
2325 120
2325 120
2325 120
2325 120
2325 119
2325 120
2325 120
2325 120
2325 119
2325 120
2325 116
2325 120
2325 119
2325 119
2325 120
2325 120
2325 118
2325 118
2325 120
2325 120
2325 119
2325 119
2325 120
2325 120
2325 119
2325 121
2325 121
2325 120
2325 119
2325 120
2325 119
2325 120
2325 120
2325 120
2325 120
2325 120
2325 121
2325 121
2325 120
2325 120
2325 120
2325 119
2325 120
2325 121
2325 120
2325 120
2325 120
2325 119
2325 120
2325 120
2325 120
2325 120
2325 120
2325 120
2330 118
2330 117
2330 118
2330 118
2330 118
2330 118
2330 118
2330 117
2330 117
2330 117
2330 118
2330 115
2330 118
2330 118
2330 118
2330 118
2330 118
2330 119
2330 119
2330 118
2330 118
2330 118
2330 117
2330 117
2330 117
2330 118
2330 117
2330 118
2330 118
2330 118
2330 119
2330 118
2330 119
2330 117
2330 117
2330 118
2330 119
2330 119
2330 118
2330 118
2330 117
2330 117
2330 119
2330 116
2330 118
2330 118
2330 118
2330 118
2330 118
2330 118
2330 118
2330 118
2330 118
2330 117
2330 118
2330 118
2330 118
2330 118
2330 118
2330 118
2330 118
2330 118
2330 118
2330 117
2330 117
2330 118
2330 118
2330 117
2330 117
2330 117
2330 117
2330 118
2330 117
2330 118
2330 117
2330 118
2330 117
2330 117
2330 118
2330 118
2330 118
2330 119
2330 117
2330 117
2330 118
2330 118
2330 116
2330 117
2330 118
2330 117
2330 118
2330 119
2330 119
2330 118
2330 117
2330 118
2330 116
2330 118
2330 118
2330 117
2335 116
2335 116
2335 116
2335 114
2335 115
2335 116
2335 115
2335 115
2335 115
2335 115
2335 115
2335 117
2335 115
2335 116
2335 113
2335 115
2335 115
2335 116
2335 116
2335 117
2335 116
2335 115
2335 115
2335 116
2335 115
2335 114
2335 114
2335 116
2335 115
2335 115
2335 116
2335 116
2335 116
2335 115
2335 116
2335 115
2335 116
2335 116
2335 116
2335 115
2335 116
2335 115
2335 116
2335 116
2335 115
2335 115
2335 116
2335 116
2335 115
2335 116
2335 115
2335 115
2335 115
2335 116
2335 115
2335 115
2335 115
2335 116
2335 116
2335 116
2335 115
2335 114
2335 115
2335 117
2335 117
2335 116
2335 115
2335 116
2335 116
2335 116
2335 115
2335 115
2335 116
2335 115
2335 115
2335 116
2335 115
2335 116
2335 116
2335 116
2335 115
2335 115
2335 115
2335 115
2335 117
2335 116
2335 115
2335 116
2335 116
2335 117
2335 116
2335 116
2335 115
2335 115
2335 116
2335 115
2335 116
2335 116
2335 115
2335 115
2340 113
2340 114
2340 113
2340 114
2340 113
2340 112
2340 115
2340 113
2340 114
2340 113
2340 113
2340 113
2340 113
2340 113
2340 113
2340 114
2340 113
2340 114
2340 113
2340 114
2340 114
2340 113
2340 113
2340 114
2340 113
2340 114
2340 113
2340 113
2340 113
2340 113
2340 113
2340 113
2340 114
2340 114
2340 113
2340 114
2340 113
2340 114
2340 113
2340 114
2340 113
2340 113
2340 113
2340 114
2340 113
2340 114
2340 113
2340 113
2340 114
2340 114
2340 113
2340 114
2340 113
2340 113
2340 114
2340 114
2340 114
2340 114
2340 113
2340 113
2340 113
2340 113
2340 113
2340 111
2340 113
2340 113
2340 113
2340 114
2340 114
2340 113
2340 114
2340 113
2340 113
2340 113
2340 114
2340 113
2340 113
2340 113
2340 112
2340 113
2340 113
2340 113
2340 114
2340 114
2340 113
2340 114
2340 113
2340 114
2340 114
2340 113
2340 113
2340 113
2340 113
2340 113
2340 113
2340 113
2340 113
2340 114
2340 113
2345 112
2345 112
2345 111
2345 111
2345 111
2345 112
2345 111
2345 112
2345 111
2345 112
2345 112
2345 112
2345 111
2345 112
2345 111
2345 111
2345 111
2345 112
2345 112
2345 112
2345 112
2345 113
2345 112
2345 112
2345 112
2345 112
2345 111
2345 112
2345 109
2345 112
2345 112
2345 111
2345 113
2345 111
2345 112
2345 112
2345 111
2345 113
2345 110
2345 113
2345 112
2345 112
2345 112
2345 112
2345 111
2345 111
2345 113
2345 111
2345 112
2345 111
2345 111
2345 113
2345 109
2345 112
2345 111
2345 111
2345 112
2345 113
2345 112
2345 113
2345 112
2345 111
2345 112
2345 112
2345 111
2345 110
2345 112
2345 111
2345 112
2345 111
2345 111
2345 111
2345 113
2345 112
2345 110
2345 112
2345 109
2345 111
2345 112
2345 111
2345 112
2345 112
2345 112
2345 111
2345 111
2345 112
2345 112
2345 111
2345 113
2345 111
2345 111
2345 112
2345 112
2345 112
2345 112
2345 109
2345 112
2345 112
2345 113
2345 111
2350 111
2350 110
2350 109
2350 111
2350 110
2350 109
2350 109
2350 110
2350 110
2350 110
2350 109
2350 110
2350 110
2350 111
2350 111
2350 110
2350 109
2350 109
2350 110
2350 111
2350 110
2350 111
2350 111
2350 109
2350 110
2350 110
2350 110
2350 110
2350 109
2350 110
2350 109
2350 109
2350 109
2350 109
2350 110
2350 110
2350 110
2350 110
2350 109
2350 110
2350 110
2350 110
2350 110
2350 111
2350 110
2350 110
2350 109
2350 109
2350 110
2350 110
2350 109
2350 109
2350 110
2350 110
2350 110
2350 111
2350 110
2350 110
2350 110
2350 110
2350 111
2350 111
2350 110
2350 109
2350 110
2350 109
2350 110
2350 109
2350 109
2350 110
2350 109
2350 109
2350 110
2350 110
2350 109
2350 110
2350 111
2350 110
2350 110
2350 110
2350 111
2350 110
2350 110
2350 110
2350 110
2350 110
2350 111
2350 109
2350 109
2350 110
2350 109
2350 111
2350 110
2350 107
2350 110
2350 110
2350 110
2350 111
2350 111
2350 111
2355 106
2355 107
2355 108
2355 109
2355 108
2355 109
2355 108
2355 108
2355 109
2355 108
2355 109
2355 108
2355 108
2355 109
2355 108
2355 107
2355 108
2355 107
2355 108
2355 107
2355 109
2355 108
2355 108
2355 109
2355 109
2355 107
2355 109
2355 107
2355 108
2355 109
2355 107
2355 109
2355 108
2355 108
2355 107
2355 108
2355 107
2355 107
2355 108
2355 109
2355 109
2355 108
2355 107
2355 108
2355 107
2355 107
2355 106
2355 109
2355 108
2355 108
2355 107
2355 109
2355 109
2355 108
2355 108
2355 106
2355 108
2355 109
2355 108
2355 107
2355 109
2355 107
2355 108
2355 109
2355 107
2355 109
2355 107
2355 107
2355 108
2355 107
2355 109
2355 107
2355 108
2355 109
2355 107
2355 108
2355 109
2355 108
2355 109
2355 109
2355 109
2355 108
2355 107
2355 109
2355 108
2355 108
2355 109
2355 107
2355 108
2355 108
2355 109
2355 107
2355 108
2355 109
2355 108
2355 109
2355 109
2355 107
2355 107
2355 107
2360 105
2360 104
2360 106
2360 106
2360 106
2360 105
2360 106
2360 106
2360 106
2360 106
2360 106
2360 106
2360 106
2360 106
2360 106
2360 106
2360 106
2360 105
2360 106
2360 105
2360 106
2360 106
2360 105
2360 106
2360 106
2360 106
2360 106
2360 106
2360 105
2360 103
2360 106
2360 106
2360 106
2360 106
2360 106
2360 106
2360 106
2360 106
2360 105
2360 106
2360 106
2360 106
2360 106
2360 106
2360 105
2360 103
2360 105
2360 106
2360 105
2360 104
2360 106
2360 106
2360 106
2360 105
2360 106
2360 106
2360 105
2360 105
2360 105
2360 106
2360 106
2360 104
2360 106
2360 106
2360 106
2360 106
2360 106
2360 106
2360 106
2360 105
2360 105
2360 105
2360 105
2360 106
2360 106
2360 106
2360 105
2360 106
2360 106
2360 106
2360 106
2360 106
2360 106
2360 106
2360 106
2360 106
2360 106
2360 106
2360 104
2360 106
2360 105
2360 106
2360 105
2360 105
2360 106
2360 105
2360 106
2360 105
2360 105
2360 103
2365 103
2365 103
2365 104
2365 103
2365 104
2365 102
2365 104
2365 104
2365 104
2365 104
2365 103
2365 104
2365 103
2365 104
2365 104
2365 105
2365 104
2365 101
2365 103
2365 103
2365 105
2365 105
2365 103
2365 104
2365 104
2365 104
2365 104
2365 105
2365 104
2365 104
2365 105
2365 103
2365 105
2365 104
2365 104
2365 104
2365 104
2365 104
2365 104
2365 105
2365 103
2365 103
2365 102
2365 104
2365 104
2365 104
2365 103
2365 103
2365 103
2365 104
2365 104
2365 103
2365 104
2365 104
2365 103
2365 104
2365 104
2365 105
2365 103
2365 104
2365 103
2365 104
2365 103
2365 104
2365 104
2365 104
2365 104
2365 104
2365 104
2365 103
2365 104
2365 103
2365 103
2365 103
2365 104
2365 105
2365 103
2365 103
2365 103
2365 103
2365 103
2365 103
2365 103
2365 105
2365 104
2365 104
2365 104
2365 100
2365 100
2365 104
2365 104
2365 104
2365 104
2365 104
2365 104
2365 104
2365 105
2365 104
2365 104
2370 102
2370 103
2370 101
2370 101
2370 101
2370 101
2370 102
2370 101
2370 101
2370 103
2370 101
2370 103
2370 101
2370 101
2370 101
2370 102
2370 101
2370 101
2370 101
2370 101
2370 101
2370 104
2370 104
2370 102
2370 103
2370 101
2370 102
2370 101
2370 101
2370 101
2370 101
2370 103
2370 101
2370 102
2370 103
2370 103
2370 101
2370 101
2370 100
2370 103
2370 101
2370 101
2370 101
2370 102
2370 103
2370 101
2370 101
2370 101
2370 101
2370 101
2370 101
2370 102
2370 101
2370 101
2370 101
2370 101
2370 104
2370 102
2370 103
2370 103
2370 103
2370 102
2370 103
2370 102
2370 101
2370 101
2370 102
2370 103
2370 102
2370 103
2370 103
2370 101
2370 104
2370 103
2370 101
2370 101
2370 101
2370 102
2370 101
2370 101
2370 101
2370 101
2370 101
2370 103
2370 102
2370 101
2370 103
2370 103
2370 101
2370 104
2370 101
2370 101
2370 103
2370 101
2370 102
2370 102
2370 101
2370 102
2370 101
2370 103
2375 100
2375 100
2375 100
2375 100
2375 100
2375 101
2375 101
2375 101
2375 100
2375 100
2375 101
2375 100
2375 100
2375 100
2375 100
2375 100
2375 99
2375 100
2375 100
2375 100
2375 100
2375 100
2375 100
2375 100
2375 99
2375 99
2375 100
2375 100
2375 99
2375 100
2375 100
2375 100
2375 100
2375 100
2375 100
2375 100
2375 100
2375 100
2375 100
2375 100
2375 100
2375 101
2375 101
2375 100
2375 101
2375 100
2375 97
2375 101
2375 97
2375 100
2375 100
2375 101
2375 100
2375 99
2375 100
2375 100
2375 100
2375 100
2375 100
2375 101
2375 99
2375 101
2375 100
2375 100
2375 100
2375 99
2375 100
2375 100
2375 101
2375 100
2375 100
2375 100
2375 100
2375 99
2375 99
2375 100
2375 100
2375 100
2375 100
2375 101
2375 100
2375 99
2375 100
2375 101
2375 100
2375 100
2375 100
2375 100
2375 100
2375 100
2375 98
2375 99
2375 100
2375 100
2375 100
2375 100
2375 100
2375 100
2375 98
2380 98
2380 97
2380 97
2380 97
2380 98
2380 97
2380 98
2380 97
2380 97
2380 97
2380 95
2380 97
2380 96
2380 97
2380 98
2380 97
2380 97
2380 97
2380 99
2380 96
2380 97
2380 97
2380 96
2380 97
2380 97
2380 96
2380 97
2380 98
2380 99
2380 98
2380 98
2380 97
2380 97
2380 97
2380 98
2380 98
2380 97
2380 97
2380 98
2380 97
2380 97
2380 98
2380 98
2380 99
2380 98
2380 98
2380 97
2380 97
2380 98
2380 98
2380 98
2380 97
2380 97
2380 97
2380 98
2380 97
2380 97
2380 98
2380 98
2380 97
2380 99
2380 98
2380 97
2380 97
2380 98
2380 98
2380 97
2380 97
2380 97
2380 97
2380 97
2380 97
2380 97
2380 97
2380 98
2380 98
2380 97
2380 97
2380 98
2380 98
2380 99
2380 97
2380 97
2380 99
2380 97
2380 97
2380 98
2380 96
2380 97
2380 98
2380 97
2380 97
2380 98
2380 97
2380 97
2380 97
2380 97
2380 97
2380 97
2380 97
2385 95
2385 96
2385 94
2385 96
2385 96
2385 95
2385 95
2385 95
2385 95
2385 96
2385 96
2385 95
2385 95
2385 96
2385 95
2385 96
2385 95
2385 95
2385 96
2385 95
2385 96
2385 95
2385 96
2385 96
2385 95
2385 96
2385 96
2385 95
2385 95
2385 95
2385 95
2385 96
2385 96
2385 96
2385 95
2385 95
2385 96
2385 96
2385 96
2385 95
2385 96
2385 95
2385 95
2385 96
2385 95
2385 95
2385 96
2385 95
2385 95
2385 95
2385 97
2385 97
2385 96
2385 96
2385 95
2385 95
2385 96
2385 95
2385 95
2385 96
2385 95
2385 96
2385 97
2385 95
2385 97
2385 96
2385 95
2385 95
2385 95
2385 95
2385 95
2385 96
2385 96
2385 96
2385 96
2385 96
2385 95
2385 96
2385 96
2385 97
2385 95
2385 95
2385 95
2385 96
2385 95
2385 96
2385 95
2385 95
2385 96
2385 95
2385 96
2385 95
2385 95
2385 94
2385 95
2385 95
2385 95
2385 96
2385 95
2385 95
2390 95
2390 95
2390 95
2390 95
2390 94
2390 94
2390 94
2390 94
2390 95
2390 95
2390 94
2390 95
2390 94
2390 95
2390 93
2390 95
2390 94
2390 95
2390 95
2390 95
2390 94
2390 93
2390 95
2390 95
2390 95
2390 95
2390 94
2390 94
2390 94
2390 94
2390 94
2390 95
2390 94
2390 95
2390 95
2390 94
2390 95
2390 95
2390 94
2390 95
2390 94
2390 95
2390 95
2390 95
2390 95
2390 94
2390 95
2390 94
2390 95
2390 94
2390 94
2390 95
2390 95
2390 94
2390 94
2390 94
2390 94
2390 94
2390 95
2390 95
2390 93
2390 94
2390 94
2390 95
2390 94
2390 95
2390 94
2390 93
2390 94
2390 95
2390 94
2390 95
2390 94
2390 93
2390 94
2390 95
2390 94
2390 95
2390 94
2390 94
2390 95
2390 93
2390 95
2390 94
2390 95
2390 95
2390 95
2390 93
2390 95
2390 95
2390 94
2390 94
2390 95
2390 94
2390 95
2390 94
2390 92
2390 94
2390 94
2390 92
2395 93
2395 93
2395 92
2395 94
2395 93
2395 93
2395 91
2395 93
2395 92
2395 92
2395 92
2395 92
2395 93
2395 91
2395 92
2395 91
2395 93
2395 92
2395 91
2395 93
2395 93
2395 94
2395 91
2395 92
2395 91
2395 93
2395 92
2395 91
2395 93
2395 92
2395 92
2395 93
2395 92
2395 93
2395 92
2395 91
2395 93
2395 90
2395 92
2395 92
2395 93
2395 92
2395 93
2395 93
2395 93
2395 92
2395 92
2395 91
2395 93
2395 92
2395 92
2395 91
2395 93
2395 93
2395 93
2395 93
2395 93
2395 92
2395 93
2395 93
2395 92
2395 93
2395 92
2395 93
2395 91
2395 93
2395 93
2395 93
2395 93
2395 94
2395 92
2395 92
2395 92
2395 93
2395 91
2395 93
2395 92
2395 93
2395 94
2395 92
2395 92
2395 93
2395 92
2395 94
2395 92
2395 91
2395 92
2395 93
2395 93
2395 92
2395 92
2395 93
2395 93
2395 92
2395 93
2395 92
2395 92
2395 90
2395 92
2395 92
2400 90
2400 90
2400 90
2400 90
2400 90
2400 90
2400 89
2400 90
2400 90
2400 91
2400 89
2400 91
2400 90
2400 89
2400 91
2400 90
2400 90
2400 90
2400 90
2400 91
2400 90
2400 90
2400 90
2400 90
2400 90
2400 91
2400 90
2400 90
2400 90
2400 90
2400 90
2400 90
2400 90
2400 91
2400 90
2400 90
2400 90
2400 90
2400 90
2400 90
2400 91
2400 90
2400 90
2400 90
2400 91
2400 90
2400 90
2400 91
2400 91
2400 91
2400 91
2400 90
2400 90
2400 90
2400 90
2400 90
2400 90
2400 89
2400 90
2400 90
2400 90
2400 90
2400 90
2400 90
2400 90
2400 90
2400 90
2400 90
2400 90
2400 91
2400 90
2400 90
2400 90
2400 90
2400 90
2400 90
2400 89
2400 90
2400 89
2400 90
2400 90
2400 90
2400 89
2400 90
2400 90
2400 89
2400 88
2400 90
2400 90
2400 90
2400 90
2400 91
2400 90
2400 90
2400 90
2400 90
2400 90
2400 90
2400 90
2400 91
2405 88
2405 89
2405 88
2405 88
2405 89
2405 88
2405 88
2405 88
2405 88
2405 88
2405 86
2405 90
2405 88
2405 88
2405 87
2405 90
2405 88
2405 89
2405 88
2405 88
2405 86
2405 88
2405 89
2405 88
2405 88
2405 88
2405 87
2405 88
2405 89
2405 87
2405 88
2405 88
2405 88
2405 88
2405 88
2405 88
2405 87
2405 88
2405 88
2405 90
2405 89
2405 89
2405 88
2405 88
2405 88
2405 89
2405 88
2405 89
2405 86
2405 88
2405 88
2405 88
2405 86
2405 88
2405 88
2405 87
2405 88
2405 90
2405 87
2405 89
2405 88
2405 88
2405 89
2405 88
2405 88
2405 88
2405 88
2405 87
2405 89
2405 88
2405 88
2405 88
2405 88
2405 88
2405 88
2405 88
2405 88
2405 87
2405 89
2405 88
2405 88
2405 88
2405 88
2405 88
2405 88
2405 88
2405 88
2405 88
2405 90
2405 89
2405 89
2405 88
2405 89
2405 88
2405 89
2405 88
2405 88
2405 88
2405 88
2405 88
2410 86
2410 86
2410 86
2410 85
2410 87
2410 86
2410 87
2410 86
2410 86
2410 83
2410 86
2410 86
2410 86
2410 86
2410 86
2410 86
2410 86
2410 86
2410 85
2410 86
2410 85
2410 86
2410 86
2410 87
2410 85
2410 88
2410 87
2410 85
2410 86
2410 85
2410 88
2410 85
2410 85
2410 86
2410 86
2410 86
2410 85
2410 85
2410 86
2410 86
2410 86
2410 86
2410 86
2410 86
2410 86
2410 87
2410 86
2410 87
2410 86
2410 86
2410 87
2410 85
2410 87
2410 85
2410 86
2410 87
2410 83
2410 86
2410 86
2410 86
2410 86
2410 86
2410 86
2410 86
2410 86
2410 86
2410 85
2410 86
2410 88
2410 85
2410 87
2410 86
2410 87
2410 85
2410 87
2410 86
2410 86
2410 85
2410 88
2410 86
2410 87
2410 86
2410 86
2410 86
2410 87
2410 86
2410 86
2410 85
2410 87
2410 86
2410 88
2410 86
2410 87
2410 88
2410 86
2410 86
2410 85
2410 86
2410 86
2410 88
2415 84
2415 83
2415 84
2415 83
2415 83
2415 84
2415 83
2415 83
2415 84
2415 83
2415 84
2415 83
2415 83
2415 85
2415 83
2415 85
2415 83
2415 84
2415 86
2415 83
2415 84
2415 83
2415 83
2415 84
2415 84
2415 84
2415 84
2415 83
2415 84
2415 84
2415 83
2415 84
2415 84
2415 83
2415 85
2415 85
2415 84
2415 84
2415 84
2415 83
2415 84
2415 84
2415 82
2415 84
2415 83
2415 84
2415 85
2415 83
2415 83
2415 83
2415 83
2415 85
2415 85
2415 82
2415 84
2415 83
2415 84
2415 83
2415 84
2415 83
2415 82
2415 84
2415 83
2415 84
2415 84
2415 85
2415 84
2415 84
2415 84
2415 84
2415 84
2415 84
2415 83
2415 84
2415 84
2415 85
2415 84
2415 85
2415 84
2415 83
2415 85
2415 83
2415 83
2415 85
2415 83
2415 84
2415 83
2415 83
2415 83
2415 84
2415 84
2415 85
2415 85
2415 83
2415 84
2415 84
2415 84
2415 82
2415 85
2415 84
2420 81
2420 81
2420 81
2420 81
2420 82
2420 81
2420 82
2420 81
2420 81
2420 82
2420 81
2420 81
2420 82
2420 81
2420 82
2420 82
2420 81
2420 81
2420 81
2420 81
2420 81
2420 81
2420 81
2420 81
2420 82
2420 82
2420 82
2420 81
2420 82
2420 81
2420 81
2420 81
2420 82
2420 82
2420 81
2420 81
2420 81
2420 81
2420 81
2420 82
2420 81
2420 81
2420 81
2420 81
2420 81
2420 81
2420 82
2420 82
2420 81
2420 80
2420 82
2420 82
2420 81
2420 82
2420 82
2420 83
2420 82
2420 82
2420 83
2420 82
2420 82
2420 81
2420 82
2420 81
2420 81
2420 82
2420 81
2420 81
2420 81
2420 81
2420 82
2420 81
2420 82
2420 81
2420 81
2420 82
2420 81
2420 81
2420 81
2420 82
2420 82
2420 81
2420 82
2420 82
2420 81
2420 82
2420 81
2420 82
2420 82
2420 82
2420 81
2420 82
2420 81
2420 82
2420 81
2420 82
2420 81
2420 81
2420 81
2420 81
2425 81
2425 80
2425 80
2425 81
2425 80
2425 81
2425 80
2425 80
2425 81
2425 79
2425 79
2425 81
2425 80
2425 81
2425 79
2425 81
2425 80
2425 79
2425 80
2425 81
2425 80
2425 80
2425 79
2425 81
2425 81
2425 80
2425 81
2425 80
2425 80
2425 79
2425 80
2425 81
2425 81
2425 80
2425 80
2425 80
2425 80
2425 80
2425 79
2425 81
2425 80
2425 80
2425 80
2425 81
2425 80
2425 81
2425 79
2425 81
2425 80
2425 79
2425 80
2425 79
2425 81
2425 80
2425 81
2425 79
2425 80
2425 81
2425 80
2425 79
2425 80
2425 80
2425 80
2425 81
2425 81
2425 80
2425 82
2425 80
2425 81
2425 80
2425 79
2425 79
2425 79
2425 80
2425 80
2425 79
2425 79
2425 81
2425 80
2425 81
2425 80
2425 81
2425 81
2425 81
2425 80
2425 79
2425 81
2425 81
2425 80
2425 80
2425 81
2425 79
2425 81
2425 80
2425 80
2425 80
2425 80
2425 81
2425 80
2425 79
2430 79
2430 78
2430 80
2430 78
2430 78
2430 79
2430 77
2430 75
2430 79
2430 78
2430 78
2430 79
2430 78
2430 79
2430 78
2430 79
2430 77
2430 78
2430 78
2430 78
2430 78
2430 78
2430 78
2430 79
2430 77
2430 78
2430 77
2430 78
2430 78
2430 78
2430 78
2430 78
2430 79
2430 77
2430 77
2430 77
2430 78
2430 78
2430 78
2430 79
2430 77
2430 77
2430 79
2430 78
2430 79
2430 78
2430 78
2430 78
2430 78
2430 77
2430 78
2430 77
2430 79
2430 78
2430 78
2430 78
2430 78
2430 78
2430 78
2430 78
2430 78
2430 79
2430 77
2430 79
2430 78
2430 78
2430 78
2430 78
2430 78
2430 79
2430 78
2430 77
2430 77
2430 78
2430 78
2430 78
2430 78
2430 78
2430 80
2430 79
2430 77
2430 79
2430 79
2430 79
2430 79
2430 78
2430 78
2430 78
2430 78
2430 78
2430 78
2430 78
2430 79
2430 79
2430 77
2430 78
2430 78
2430 79
2430 79
2435 77
2435 77
2435 77
2435 77
2435 77
2435 78
2435 77
2435 77
2435 77
2435 75
2435 77
2435 77
2435 77
2435 77
2435 76
2435 77
2435 76
2435 77
2435 76
2435 77
2435 77
2435 76
2435 75
2435 77
2435 78
2435 77
2435 77
2435 77
2435 75
2435 76
2435 76
2435 77
2435 76
2435 75
2435 77
2435 75
2435 76
2435 77
2435 77
2435 76
2435 77
2435 75
2435 77
2435 75
2435 77
2435 77
2435 75
2435 77
2435 77
2435 75
2435 77
2435 78
2435 76
2435 77
2435 77
2435 77
2435 77
2435 76
2435 76
2435 77
2435 77
2435 77
2435 75
2435 77
2435 77
2435 77
2435 77
2435 77
2435 76
2435 77
2435 77
2435 77
2435 77
2435 77
2435 77
2435 77
2435 77
2435 76
2435 77
2435 76
2435 77
2435 76
2435 77
2435 75
2435 77
2435 77
2435 77
2435 76
2435 77
2435 77
2435 76
2435 76
2435 77
2435 77
2435 77
2435 77
2435 77
2435 77
2435 75
2435 77
2440 74
2440 74
2440 74
2440 73
2440 74
2440 74
2440 74
2440 74
2440 73
2440 74
2440 73
2440 74
2440 74
2440 73
2440 74
2440 74
2440 74
2440 72
2440 74
2440 73
2440 74
2440 74
2440 74
2440 74
2440 74
2440 74
2440 74
2440 74
2440 75
2440 73
2440 74
2440 74
2440 74
2440 74
2440 74
2440 74
2440 74
2440 74
2440 75
2440 74
2440 74
2440 74
2440 74
2440 74
2440 74
2440 74
2440 74
2440 74
2440 74
2440 74
2440 74
2440 74
2440 74
2440 74
2440 74
2440 74
2440 74
2440 74
2440 74
2440 74
2440 74
2440 74
2440 74
2440 74
2440 75
2440 74
2440 74
2440 74
2440 74
2440 74
2440 75
2440 74
2440 74
2440 72
2440 74
2440 74
2440 74
2440 74
2440 74
2440 74
2440 74
2440 74
2440 73
2440 74
2440 74
2440 74
2440 74
2440 74
2440 74
2440 73
2440 74
2440 74
2440 75
2440 74
2440 72
2440 74
2440 74
2440 74
2440 74
2440 74
2445 72
2445 71
2445 73
2445 73
2445 69
2445 72
2445 72
2445 71
2445 72
2445 72
2445 73
2445 72
2445 73
2445 73
2445 73
2445 72
2445 72
2445 73
2445 72
2445 72
2445 72
2445 72
2445 70
2445 73
2445 74
2445 71
2445 72
2445 72
2445 71
2445 71
2445 73
2445 73
2445 72
2445 73
2445 74
2445 71
2445 72
2445 72
2445 71
2445 73
2445 73
2445 72
2445 72
2445 74
2445 73
2445 72
2445 72
2445 72
2445 72
2445 72
2445 72
2445 73
2445 73
2445 71
2445 72
2445 72
2445 72
2445 73
2445 72
2445 72
2445 72
2445 73
2445 73
2445 71
2445 73
2445 71
2445 71
2445 72
2445 72
2445 72
2445 73
2445 73
2445 72
2445 72
2445 72
2445 73
2445 72
2445 71
2445 72
2445 70
2445 72
2445 72
2445 72
2445 73
2445 72
2445 72
2445 72
2445 74
2445 72
2445 72
2445 72
2445 71
2445 71
2445 72
2445 72
2445 72
2445 72
2445 72
2445 73
2445 72
2450 69
2450 71
2450 69
2450 69
2450 71
2450 71
2450 69
2450 69
2450 69
2450 69
2450 69
2450 71
2450 69
2450 71
2450 69
2450 71
2450 69
2450 69
2450 69
2450 71
2450 69
2450 71
2450 69
2450 71
2450 71
2450 69
2450 69
2450 69
2450 69
2450 71
2450 70
2450 70
2450 71
2450 71
2450 69
2450 71
2450 71
2450 71
2450 71
2450 71
2450 69
2450 70
2450 69
2450 69
2450 69
2450 69
2450 70
2450 69
2450 71
2450 71
2450 71
2450 69
2450 70
2450 69
2450 67
2450 71
2450 69
2450 69
2450 70
2450 69
2450 70
2450 69
2450 69
2450 70
2450 69
2450 71
2450 69
2450 69
2450 69
2450 69
2450 67
2450 70
2450 71
2450 72
2450 70
2450 70
2450 69
2450 69
2450 71
2450 69
2450 69
2450 68
2450 70
2450 70
2450 71
2450 69
2450 71
2450 71
2450 68
2450 70
2450 71
2450 71
2450 70
2450 69
2450 69
2450 69
2450 70
2450 69
2450 69
2450 70
2455 68
2455 68
2455 68
2455 68
2455 68
2455 69
2455 67
2455 67
2455 69
2455 68
2455 67
2455 68
2455 68
2455 66
2455 67
2455 67
2455 68
2455 68
2455 69
2455 68
2455 67
2455 68
2455 68
2455 68
2455 68
2455 67
2455 68
2455 68
2455 67
2455 68
2455 68
2455 68
2455 67
2455 68
2455 68
2455 68
2455 68
2455 69
2455 68
2455 68
2455 68
2455 68
2455 67
2455 68
2455 67
2455 68
2455 69
2455 67
2455 68
2455 67
2455 68
2455 67
2455 68
2455 68
2455 68
2455 68
2455 67
2455 68
2455 68
2455 67
2455 68
2455 67
2455 67
2455 68
2455 68
2455 68
2455 68
2455 69
2455 68
2455 67
2455 68
2455 66
2455 68
2455 68
2455 68
2455 68
2455 68
2455 67
2455 68
2455 67
2455 67
2455 68
2455 69
2455 68
2455 68
2455 68
2455 68
2455 68
2455 68
2455 69
2455 68
2455 67
2455 68
2455 67
2455 68
2455 68
2455 68
2455 68
2455 69
2455 67
2460 66
2460 65
2460 65
2460 65
2460 66
2460 66
2460 65
2460 66
2460 66
2460 65
2460 66
2460 65
2460 66
2460 65
2460 65
2460 65
2460 65
2460 65
2460 65
2460 66
2460 65
2460 65
2460 66
2460 66
2460 65
2460 66
2460 66
2460 65
2460 65
2460 66
2460 65
2460 65
2460 66
2460 67
2460 65
2460 66
2460 65
2460 67
2460 65
2460 65
2460 65
2460 65
2460 65
2460 67
2460 65
2460 64
2460 66
2460 65
2460 66
2460 65
2460 66
2460 65
2460 67
2460 65
2460 65
2460 66
2460 64
2460 65
2460 66
2460 65
2460 66
2460 66
2460 65
2460 66
2460 65
2460 65
2460 65
2460 64
2460 65
2460 66
2460 65
2460 64
2460 65
2460 66
2460 65
2460 66
2460 66
2460 65
2460 65
2460 64
2460 66
2460 65
2460 64
2460 65
2460 66
2460 65
2460 65
2460 65
2460 65
2460 66
2460 65
2460 66
2460 65
2460 65
2460 65
2460 65
2460 65
2460 66
2460 65
2460 66
2465 64
2465 64
2465 64
2465 63
2465 63
2465 63
2465 64
2465 64
2465 64
2465 63
2465 63
2465 64
2465 63
2465 64
2465 63
2465 63
2465 65
2465 63
2465 63
2465 63
2465 62
2465 64
2465 62
2465 63
2465 64
2465 64
2465 65
2465 64
2465 63
2465 63
2465 63
2465 63
2465 64
2465 64
2465 63
2465 64
2465 63
2465 63
2465 63
2465 64
2465 64
2465 64
2465 63
2465 63
2465 64
2465 63
2465 64
2465 64
2465 63
2465 63
2465 64
2465 63
2465 64
2465 63
2465 63
2465 63
2465 63
2465 63
2465 64
2465 63
2465 65
2465 64
2465 63
2465 64
2465 63
2465 64
2465 64
2465 64
2465 63
2465 63
2465 63
2465 63
2465 63
2465 63
2465 63
2465 63
2465 64
2465 63
2465 64
2465 64
2465 64
2465 63
2465 63
2465 64
2465 64
2465 63
2465 65
2465 64
2465 64
2465 63
2465 63
2465 63
2465 63
2465 64
2465 63
2465 64
2465 64
2465 64
2470 62
2470 63
2470 62
2470 62
2470 62
2470 63
2470 62
2470 63
2470 62
2470 63
2470 63
2470 63
2470 62
2470 62
2470 62
2470 62
2470 61
2470 63
2470 62
2470 62
2470 62
2470 62
2470 63
2470 62
2470 62
2470 63
2470 62
2470 62
2470 62
2470 62
2470 62
2470 62
2470 62
2470 63
2470 62
2470 63
2470 63
2470 63
2470 61
2470 63
2470 63
2470 62
2470 61
2470 62
2470 63
2470 62
2470 62
2470 62
2470 63
2470 60
2470 62
2470 62
2470 63
2470 62
2470 63
2470 62
2470 63
2470 62
2470 62
2470 62
2470 62
2470 62
2470 61
2470 62
2470 62
2470 62
2470 62
2470 63
2470 62
2470 61
2470 62
2470 63
2470 63
2470 62
2470 62
2470 63
2470 63
2470 62
2470 62
2470 62
2470 62
2470 62
2470 63
2470 63
2470 63
2470 63
2470 64
2470 63
2470 62
2470 61
2470 62
2470 62
2470 62
2470 62
2470 63
2470 63
2470 62
2470 63
2470 62
2470 61
2475 59
2475 59
2475 61
2475 59
2475 60
2475 61
2475 60
2475 60
2475 60
2475 60
2475 61
2475 60
2475 61
2475 61
2475 61
2475 60
2475 62
2475 62
2475 60
2475 61
2475 60
2475 60
2475 62
2475 61
2475 62
2475 60
2475 60
2475 60
2475 62
2475 62
2475 61
2475 61
2475 60
2475 60
2475 61
2475 61
2475 60
2475 60
2475 60
2475 60
2475 61
2475 61
2475 62
2475 60
2475 61
2475 60
2475 61
2475 61
2475 61
2475 60
2475 60
2475 61
2475 61
2475 60
2475 61
2475 61
2475 60
2475 60
2475 61
2475 60
2475 61
2475 61
2475 60
2475 59
2475 61
2475 62
2475 61
2475 61
2475 61
2475 60
2475 60
2475 60
2475 61
2475 61
2475 59
2475 61
2475 61
2475 61
2475 61
2475 61
2475 61
2475 61
2475 61
2475 59
2475 60
2475 59
2475 59
2475 60
2475 60
2475 60
2475 61
2475 61
2475 61
2475 60
2475 62
2475 61
2475 60
2475 61
2475 60
2475 61
2480 58
2480 58
2480 59
2480 58
2480 59
2480 58
2480 58
2480 59
2480 58
2480 58
2480 59
2480 58
2480 58
2480 58
2480 58
2480 58
2480 59
2480 58
2480 58
2480 58
2480 58
2480 58
2480 58
2480 58
2480 58
2480 57
2480 58
2480 58
2480 59
2480 58
2480 58
2480 58
2480 57
2480 58
2480 58
2480 58
2480 58
2480 58
2480 58
2480 57
2480 56
2480 58
2480 58
2480 58
2480 58
2480 58
2480 58
2480 58
2480 58
2480 58
2480 58
2480 58
2480 58
2480 59
2480 58
2480 58
2480 57
2480 58
2480 58
2480 57
2480 58
2480 58
2480 58
2480 58
2480 58
2480 58
2480 59
2480 58
2480 58
2480 58
2480 57
2480 59
2480 58
2480 59
2480 59
2480 58
2480 58
2480 59
2480 58
2480 58
2480 58
2480 58
2480 58
2480 58
2480 58
2480 58
2480 58
2480 58
2480 58
2480 59
2480 59
2480 56
2480 58
2480 58
2480 59
2480 59
2480 58
2480 58
2480 58
2480 58
2485 56
2485 54
2485 57
2485 57
2485 57
2485 56
2485 56
2485 57
2485 57
2485 56
2485 56
2485 56
2485 56
2485 56
2485 56
2485 58
2485 56
2485 58
2485 55
2485 58
2485 57
2485 57
2485 55
2485 57
2485 57
2485 55
2485 55
2485 56
2485 57
2485 56
2485 57
2485 57
2485 56
2485 56
2485 56
2485 55
2485 56
2485 57
2485 55
2485 56
2485 54
2485 56
2485 56
2485 58
2485 56
2485 56
2485 56
2485 56
2485 56
2485 56
2485 56
2485 56
2485 56
2485 58
2485 56
2485 56
2485 56
2485 54
2485 56
2485 54
2485 57
2485 56
2485 56
2485 55
2485 56
2485 56
2485 57
2485 55
2485 54
2485 56
2485 56
2485 58
2485 56
2485 56
2485 56
2485 57
2485 56
2485 56
2485 56
2485 57
2485 56
2485 56
2485 56
2485 56
2485 57
2485 57
2485 54
2485 56
2485 58
2485 54
2485 57
2485 56
2485 58
2485 54
2485 56
2485 56
2485 56
2485 57
2485 56
2490 54
2490 53
2490 54
2490 54
2490 55
2490 54
2490 54
2490 54
2490 56
2490 54
2490 54
2490 54
2490 53
2490 53
2490 54
2490 54
2490 54
2490 54
2490 53
2490 55
2490 54
2490 52
2490 53
2490 56
2490 54
2490 53
2490 55
2490 54
2490 56
2490 54
2490 55
2490 54
2490 54
2490 54
2490 54
2490 53
2490 53
2490 53
2490 54
2490 54
2490 55
2490 54
2490 55
2490 55
2490 53
2490 55
2490 54
2490 53
2490 55
2490 54
2490 53
2490 52
2490 53
2490 54
2490 54
2490 54
2490 55
2490 54
2490 54
2490 54
2490 55
2490 54
2490 56
2490 54
2490 54
2490 54
2490 54
2490 53
2490 53
2490 54
2490 55
2490 56
2490 51
2490 56
2490 54
2490 53
2490 55
2490 55
2490 55
2490 53
2490 55
2490 53
2490 54
2490 53
2490 53
2490 54
2490 54
2490 55
2490 54
2490 54
2490 56
2490 54
2490 53
2490 55
2490 54
2490 56
2490 54
2490 54
2490 53
2490 54
2495 51
2495 52
2495 52
2495 52
2495 51
2495 53
2495 52
2495 51
2495 53
2495 51
2495 51
2495 52
2495 52
2495 53
2495 52
2495 53
2495 53
2495 52
2495 51
2495 51
2495 52
2495 51
2495 52
2495 52
2495 53
2495 51
2495 53
2495 52
2495 53
2495 53
2495 52
2495 53
2495 51
2495 51
2495 51
2495 52
2495 51
2495 52
2495 52
2495 53
2495 51
2495 52
2495 52
2495 52
2495 52
2495 52
2495 52
2495 52
2495 53
2495 53
2495 52
2495 52
2495 52
2495 52
2495 53
2495 53
2495 51
2495 51
2495 52
2495 52
2495 52
2495 53
2495 52
2495 52
2495 53
2495 51
2495 52
2495 51
2495 52
2495 52
2495 52
2495 52
2495 51
2495 53
2495 53
2495 52
2495 51
2495 53
2495 51
2495 53
2495 52
2495 51
2495 52
2495 53
2495 54
2495 52
2495 51
2495 52
2495 51
2495 52
2495 52
2495 51
2495 53
2495 52
2495 51
2495 52
2495 51
2495 51
2495 53
2495 51
2500 51
2500 50
2500 50
2500 50
2500 51
2500 50
2500 51
2500 50
2500 51
2500 50
2500 50
2500 51
2500 50
2500 50
2500 50
2500 51
2500 50
2500 51
2500 51
2500 50
2500 50
2500 50
2500 51
2500 51
2500 49
2500 50
2500 49
2500 50
2500 50
2500 50
2500 50
2500 51
2500 52
2500 50
2500 52
2500 51
2500 50
2500 51
2500 50
2500 50
2500 49
2500 49
2500 51
2500 50
2500 50
2500 49
2500 49
2500 50
2500 49
2500 50
2500 50
2500 49
2500 51
2500 51
2500 50
2500 50
2500 50
2500 50
2500 51
2500 50
2500 51
2500 50
2500 50
2500 50
2500 50
2500 50
2500 51
2500 50
2500 49
2500 51
2500 50
2500 50
2500 50
2500 51
2500 49
2500 49
2500 50
2500 51
2500 49
2500 50
2500 50
2500 50
2500 51
2500 51
2500 49
2500 50
2500 50
2500 50
2500 49
2500 50
2500 50
2500 51
2500 50
2500 51
2500 51
2500 50
2500 50
2500 51
2500 50
2505 49
2505 48
2505 49
2505 49
2505 49
2505 49
2505 48
2505 49
2505 49
2505 48
2505 49
2505 49
2505 49
2505 49
2505 49
2505 48
2505 49
2505 49
2505 49
2505 49
2505 49
2505 49
2505 49
2505 49
2505 49
2505 48
2505 50
2505 49
2505 49
2505 49
2505 49
2505 49
2505 49
2505 49
2505 49
2505 49
2505 49
2505 48
2505 49
2505 49
2505 49
2505 49
2505 48
2505 48
2505 49
2505 49
2505 50
2505 49
2505 48
2505 48
2505 49
2505 50
2505 48
2505 49
2505 48
2505 47
2505 49
2505 49
2505 49
2505 49
2505 49
2505 49
2505 49
2505 48
2505 48
2505 48
2505 49
2505 49
2505 49
2505 49
2505 49
2505 49
2505 49
2505 49
2505 48
2505 49
2505 49
2505 49
2505 48
2505 48
2505 49
2505 49
2505 49
2505 49
2505 49
2505 48
2505 49
2505 48
2505 49
2505 49
2505 48
2505 49
2505 48
2505 49
2505 49
2505 49
2505 47
2505 49
2505 49
2510 47
2510 47
2510 47
2510 47
2510 47
2510 47
2510 46
2510 47
2510 47
2510 48
2510 47
2510 46
2510 47
2510 47
2510 47
2510 47
2510 46
2510 48
2510 48
2510 47
2510 49
2510 47
2510 47
2510 46
2510 47
2510 47
2510 48
2510 48
2510 47
2510 47
2510 47
2510 46
2510 47
2510 45
2510 47
2510 46
2510 46
2510 47
2510 47
2510 48
2510 46
2510 47
2510 47
2510 48
2510 47
2510 47
2510 47
2510 46
2510 47
2510 46
2510 47
2510 48
2510 47
2510 47
2510 48
2510 48
2510 47
2510 48
2510 47
2510 47
2510 47
2510 46
2510 47
2510 47
2510 48
2510 47
2510 47
2510 47
2510 46
2510 47
2510 47
2510 46
2510 47
2510 47
2510 48
2510 47
2510 47
2510 46
2510 47
2510 47
2510 46
2510 47
2510 46
2510 47
2510 46
2510 48
2510 47
2510 47
2510 48
2510 49
2510 46
2510 48
2510 46
2510 47
2510 47
2510 47
2510 47
2510 47
2510 47
2510 48
2515 45
2515 45
2515 45
2515 45
2515 45
2515 45
2515 45
2515 45
2515 46
2515 45
2515 46
2515 45
2515 46
2515 45
2515 45
2515 45
2515 45
2515 45
2515 47
2515 45
2515 45
2515 45
2515 45
2515 44
2515 45
2515 45
2515 45
2515 46
2515 45
2515 45
2515 44
2515 45
2515 47
2515 44
2515 45
2515 46
2515 45
2515 45
2515 45
2515 45
2515 45
2515 44
2515 45
2515 45
2515 45
2515 45
2515 46
2515 45
2515 45
2515 45
2515 45
2515 46
2515 46
2515 46
2515 45
2515 45
2515 46
2515 46
2515 45
2515 45
2515 45
2515 45
2515 43
2515 44
2515 45
2515 45
2515 45
2515 45
2515 45
2515 45
2515 45
2515 45
2515 45
2515 46
2515 45
2515 45
2515 46
2515 45
2515 47
2515 44
2515 45
2515 45
2515 43
2515 45
2515 46
2515 45
2515 46
2515 45
2515 46
2515 45
2515 42
2515 45
2515 45
2515 46
2515 45
2515 46
2515 45
2515 44
2515 45
2515 45
2520 42
2520 42
2520 42
2520 42
2520 43
2520 42
2520 42
2520 42
2520 43
2520 43
2520 43
2520 42
2520 42
2520 42
2520 42
2520 43
2520 42
2520 41
2520 43
2520 42
2520 42
2520 43
2520 42
2520 43
2520 42
2520 42
2520 42
2520 42
2520 43
2520 42
2520 42
2520 42
2520 42
2520 42
2520 42
2520 42
2520 41
2520 42
2520 42
2520 42
2520 42
2520 42
2520 42
2520 44
2520 44
2520 42
2520 43
2520 43
2520 45
2520 43
2520 42
2520 43
2520 42
2520 42
2520 43
2520 42
2520 42
2520 42
2520 43
2520 42
2520 42
2520 42
2520 41
2520 42
2520 42
2520 42
2520 42
2520 42
2520 43
2520 44
2520 42
2520 42
2520 43
2520 42
2520 43
2520 42
2520 42
2520 40
2520 42
2520 42
2520 42
2520 42
2520 42
2520 42
2520 42
2520 42
2520 43
2520 42
2520 42
2520 44
2520 42
2520 43
2520 42
2520 42
2520 42
2520 42
2520 42
2520 42
2520 43
2525 41
2525 42
2525 42
2525 41
2525 39
2525 42
2525 41
2525 41
2525 40
2525 41
2525 40
2525 41
2525 40
2525 40
2525 41
2525 40
2525 41
2525 40
2525 42
2525 41
2525 41
2525 41
2525 41
2525 41
2525 42
2525 41
2525 40
2525 39
2525 40
2525 41
2525 41
2525 41
2525 41
2525 40
2525 40
2525 40
2525 42
2525 41
2525 40
2525 42
2525 41
2525 42
2525 40
2525 40
2525 41
2525 42
2525 41
2525 41
2525 41
2525 39
2525 42
2525 41
2525 42
2525 42
2525 41
2525 42
2525 40
2525 41
2525 40
2525 41
2525 40
2525 41
2525 41
2525 41
2525 40
2525 40
2525 41
2525 40
2525 42
2525 40
2525 41
2525 39
2525 41
2525 39
2525 39
2525 42
2525 41
2525 40
2525 41
2525 40
2525 41
2525 41
2525 40
2525 42
2525 40
2525 42
2525 41
2525 40
2525 41
2525 42
2525 41
2525 41
2525 42
2525 41
2525 40
2525 41
2525 41
2525 41
2525 41
2525 41
2530 39
2530 39
2530 37
2530 39
2530 39
2530 39
2530 39
2530 39
2530 38
2530 39
2530 37
2530 40
2530 39
2530 39
2530 39
2530 37
2530 37
2530 39
2530 40
2530 40
2530 39
2530 37
2530 37
2530 40
2530 40
2530 39
2530 40
2530 37
2530 39
2530 39
2530 40
2530 39
2530 39
2530 40
2530 39
2530 39
2530 39
2530 39
2530 40
2530 39
2530 39
2530 38
2530 37
2530 39
2530 37
2530 37
2530 40
2530 39
2530 39
2530 39
2530 39
2530 39
2530 40
2530 40
2530 39
2530 39
2530 39
2530 38
2530 39
2530 37
2530 39
2530 38
2530 39
2530 39
2530 39
2530 39
2530 39
2530 40
2530 39
2530 39
2530 40
2530 39
2530 38
2530 38
2530 39
2530 40
2530 38
2530 39
2530 39
2530 39
2530 39
2530 39
2530 39
2530 40
2530 37
2530 39
2530 39
2530 39
2530 39
2530 39
2530 39
2530 37
2530 39
2530 39
2530 39
2530 38
2530 38
2530 37
2530 38
2530 39
2535 37
2535 36
2535 36
2535 36
2535 36
2535 36
2535 36
2535 35
2535 37
2535 36
2535 37
2535 37
2535 37
2535 36
2535 36
2535 37
2535 36
2535 37
2535 36
2535 37
2535 39
2535 36
2535 36
2535 36
2535 37
2535 37
2535 35
2535 35
2535 37
2535 38
2535 37
2535 36
2535 37
2535 36
2535 36
2535 37
2535 37
2535 36
2535 37
2535 36
2535 37
2535 37
2535 36
2535 37
2535 37
2535 36
2535 37
2535 36
2535 36
2535 37
2535 37
2535 36
2535 37
2535 37
2535 36
2535 36
2535 37
2535 36
2535 37
2535 37
2535 35
2535 36
2535 36
2535 37
2535 35
2535 36
2535 36
2535 36
2535 37
2535 36
2535 36
2535 37
2535 36
2535 36
2535 36
2535 37
2535 37
2535 36
2535 36
2535 37
2535 35
2535 36
2535 36
2535 36
2535 36
2535 36
2535 36
2535 36
2535 35
2535 37
2535 37
2535 38
2535 36
2535 37
2535 37
2535 36
2535 37
2535 36
2535 37
2540 34
2540 34
2540 34
2540 34
2540 33
2540 33
2540 36
2540 34
2540 33
2540 34
2540 36
2540 35
2540 34
2540 33
2540 35
2540 33
2540 35
2540 33
2540 34
2540 34
2540 34
2540 33
2540 35
2540 34
2540 34
2540 35
2540 34
2540 33
2540 34
2540 33
2540 33
2540 35
2540 34
2540 34
2540 34
2540 34
2540 35
2540 34
2540 34
2540 35
2540 35
2540 34
2540 33
2540 34
2540 33
2540 34
2540 35
2540 34
2540 34
2540 34
2540 36
2540 35
2540 33
2540 33
2540 34
2540 33
2540 34
2540 35
2540 34
2540 34
2540 34
2540 33
2540 34
2540 34
2540 34
2540 34
2540 34
2540 34
2540 34
2540 33
2540 34
2540 33
2540 35
2540 34
2540 33
2540 33
2540 34
2540 35
2540 34
2540 33
2540 35
2540 34
2540 34
2540 33
2540 33
2540 34
2540 34
2540 34
2540 35
2540 35
2540 34
2540 34
2540 34
2540 34
2540 34
2540 35
2540 35
2540 35
2540 33
2540 35
2545 33
2545 33
2545 32
2545 34
2545 32
2545 32
2545 31
2545 32
2545 32
2545 31
2545 32
2545 32
2545 32
2545 32
2545 32
2545 31
2545 33
2545 32
2545 32
2545 32
2545 32
2545 33
2545 32
2545 33
2545 33
2545 32
2545 33
2545 32
2545 33
2545 32
2545 31
2545 33
2545 31
2545 32
2545 31
2545 31
2545 31
2545 33
2545 32
2545 33
2545 33
2545 32
2545 32
2545 32
2545 32
2545 32
2545 32
2545 33
2545 32
2545 32
2545 32
2545 33
2545 32
2545 32
2545 31
2545 32
2545 31
2545 33
2545 33
2545 31
2545 32
2545 33
2545 32
2545 33
2545 32
2545 33
2545 31
2545 31
2545 33
2545 31
2545 33
2545 32
2545 31
2545 32
2545 33
2545 33
2545 31
2545 31
2545 32
2545 33
2545 32
2545 32
2545 33
2545 32
2545 32
2545 31
2545 32
2545 32
2545 33
2545 32
2545 33
2545 33
2545 33
2545 32
2545 32
2545 33
2545 32
2545 33
2545 32
2550 31
2550 31
2550 32
2550 31
2550 31
2550 31
2550 31
2550 30
2550 30
2550 31
2550 30
2550 31
2550 31
2550 31
2550 31
2550 31
2550 31
2550 31
2550 31
2550 31
2550 31
2550 31
2550 30
2550 31
2550 31
2550 30
2550 31
2550 31
2550 31
2550 30
2550 31
2550 31
2550 31
2550 31
2550 31
2550 31
2550 30
2550 31
2550 31
2550 30
2550 30
2550 31
2550 30
2550 31
2550 30
2550 31
2550 31
2550 31
2550 31
2550 31
2550 31
2550 31
2550 31
2550 31
2550 30
2550 31
2550 31
2550 31
2550 31
2550 31
2550 31
2550 31
2550 31
2550 31
2550 31
2550 31
2550 30
2550 31
2550 31
2550 31
2550 30
2550 30
2550 30
2550 30
2550 30
2550 31
2550 30
2550 31
2550 31
2550 31
2550 32
2550 30
2550 32
2550 31
2550 30
2550 31
2550 31
2550 31
2550 30
2550 31
2550 30
2550 31
2550 31
2550 31
2550 31
2550 31
2550 31
2550 31
2550 31
2550 31
2555 30
2555 29
2555 29
2555 30
2555 29
2555 29
2555 29
2555 30
2555 29
2555 29
2555 29
2555 29
2555 30
2555 29
2555 29
2555 28
2555 29
2555 28
2555 30
2555 30
2555 29
2555 30
2555 30
2555 29
2555 30
2555 29
2555 29
2555 28
2555 29
2555 29
2555 29
2555 29
2555 29
2555 30
2555 30
2555 29
2555 29
2555 29
2555 29
2555 29
2555 29
2555 29
2555 30
2555 29
2555 29
2555 30
2555 30
2555 30
2555 30
2555 30
2555 28
2555 30
2555 30
2555 29
2555 29
2555 29
2555 29
2555 28
2555 29
2555 28
2555 29
2555 28
2555 29
2555 30
2555 30
2555 31
2555 29
2555 29
2555 29
2555 30
2555 30
2555 31
2555 30
2555 27
2555 29
2555 29
2555 29
2555 30
2555 29
2555 30
2555 29
2555 30
2555 29
2555 29
2555 28
2555 29
2555 29
2555 29
2555 29
2555 29
2555 30
2555 29
2555 29
2555 29
2555 30
2555 29
2555 30
2555 30
2555 29
2555 30
2560 28
2560 27
2560 26
2560 27
2560 27
2560 27
2560 27
2560 27
2560 27
2560 28
2560 27
2560 27
2560 27
2560 27
2560 27
2560 27
2560 28
2560 27
2560 28
2560 27
2560 29
2560 27
2560 28
2560 28
2560 27
2560 27
2560 28
2560 26
2560 26
2560 27
2560 26
2560 27
2560 28
2560 27
2560 27
2560 28
2560 28
2560 27
2560 27
2560 29
2560 27
2560 27
2560 29
2560 27
2560 28
2560 27
2560 26
2560 28
2560 27
2560 28
2560 27
2560 28
2560 27
2560 27
2560 27
2560 28
2560 28
2560 27
2560 26
2560 27
2560 28
2560 27
2560 28
2560 27
2560 27
2560 27
2560 27
2560 28
2560 28
2560 27
2560 27
2560 27
2560 27
2560 27
2560 27
2560 27
2560 28
2560 28
2560 27
2560 27
2560 28
2560 27
2560 27
2560 28
2560 27
2560 27
2560 28
2560 28
2560 27
2560 28
2560 27
2560 27
2560 26
2560 27
2560 27
2560 27
2560 27
2560 28
2560 27
2560 28
2565 26
2565 25
2565 25
2565 26
2565 25
2565 26
2565 25
2565 26
2565 25
2565 24
2565 26
2565 26
2565 26
2565 26
2565 26
2565 24
2565 25
2565 24
2565 26
2565 24
2565 25
2565 25
2565 25
2565 26
2565 25
2565 25
2565 26
2565 27
2565 25
2565 25
2565 25
2565 25
2565 26
2565 26
2565 26
2565 26
2565 26
2565 25
2565 26
2565 26
2565 26
2565 26
2565 26
2565 26
2565 26
2565 26
2565 26
2565 26
2565 26
2565 25
2565 26
2565 26
2565 25
2565 26
2565 26
2565 26
2565 26
2565 26
2565 26
2565 26
2565 26
2565 26
2565 26
2565 26
2565 25
2565 26
2565 26
2565 25
2565 26
2565 26
2565 26
2565 26
2565 24
2565 25
2565 25
2565 26
2565 25
2565 26
2565 25
2565 25
2565 26
2565 26
2565 26
2565 26
2565 25
2565 26
2565 26
2565 27
2565 25
2565 26
2565 26
2565 25
2565 25
2565 26
2565 25
2565 25
2565 25
2565 26
2565 26
2565 26
2570 24
2570 24
2570 23
2570 24
2570 25
2570 23
2570 24
2570 24
2570 23
2570 24
2570 25
2570 24
2570 24
2570 24
2570 24
2570 23
2570 23
2570 24
2570 24
2570 24
2570 24
2570 23
2570 23
2570 24
2570 23
2570 23
2570 22
2570 23
2570 25
2570 24
2570 22
2570 23
2570 24
2570 24
2570 24
2570 23
2570 24
2570 24
2570 23
2570 24
2570 24
2570 23
2570 23
2570 23
2570 24
2570 23
2570 24
2570 22
2570 24
2570 24
2570 24
2570 24
2570 22
2570 24
2570 24
2570 23
2570 25
2570 24
2570 24
2570 24
2570 25
2570 24
2570 24
2570 23
2570 24
2570 24
2570 23
2570 24
2570 23
2570 24
2570 24
2570 24
2570 24
2570 24
2570 24
2570 23
2570 24
2570 24
2570 24
2570 24
2570 24
2570 24
2570 23
2570 24
2570 22
2570 23
2570 24
2570 23
2570 24
2570 24
2570 22
2570 23
2570 24
2570 24
2570 24
2570 24
2570 24
2570 24
2570 23
2570 23
2575 21
2575 22
2575 22
2575 20
2575 21
2575 22
2575 21
2575 21
2575 21
2575 21
2575 22
2575 21
2575 22
2575 20
2575 21
2575 21
2575 21
2575 21
2575 22
2575 22
2575 22
2575 21
2575 20
2575 21
2575 21
2575 22
2575 21
2575 21
2575 21
2575 19
2575 22
2575 21
2575 21
2575 23
2575 22
2575 21
2575 20
2575 21
2575 21
2575 22
2575 21
2575 21
2575 20
2575 21
2575 21
2575 22
2575 23
2575 21
2575 20
2575 21
2575 21
2575 21
2575 22
2575 20
2575 22
2575 24
2575 21
2575 21
2575 21
2575 21
2575 21
2575 22
2575 21
2575 21
2575 21
2575 21
2575 22
2575 22
2575 21
2575 20
2575 21
2575 21
2575 22
2575 22
2575 21
2575 20
2575 22
2575 22
2575 23
2575 22
2575 21
2575 22
2575 22
2575 22
2575 22
2575 21
2575 21
2575 22
2575 21
2575 22
2575 21
2575 19
2575 20
2575 21
2575 21
2575 21
2575 21
2575 21
2575 20
2575 21
2580 18
2580 18
2580 19
2580 19
2580 19
2580 18
2580 18
2580 18
2580 19
2580 20
2580 18
2580 18
2580 20
2580 20
2580 18
2580 17
2580 18
2580 18
2580 18
2580 19
2580 19
2580 18
2580 19
2580 18
2580 18
2580 18
2580 19
2580 19
2580 18
2580 18
2580 19
2580 19
2580 18
2580 20
2580 19
2580 19
2580 19
2580 19
2580 18
2580 19
2580 18
2580 18
2580 19
2580 18
2580 19
2580 19
2580 18
2580 19
2580 18
2580 18
2580 18
2580 18
2580 18
2580 18
2580 18
2580 19
2580 19
2580 19
2580 20
2580 19
2580 19
2580 19
2580 19
2580 18
2580 19
2580 19
2580 19
2580 18
2580 18
2580 18
2580 18
2580 19
2580 18
2580 17
2580 19
2580 19
2580 18
2580 17
2580 19
2580 19
2580 18
2580 19
2580 18
2580 19
2580 19
2580 18
2580 18
2580 19
2580 19
2580 18
2580 18
2580 19
2580 19
2580 18
2580 18
2580 19
2580 18
2580 19
2580 18
2580 19
2585 17
2585 17
2585 17
2585 17
2585 16
2585 17
2585 18
2585 17
2585 17
2585 17
2585 17
2585 17
2585 17
2585 17
2585 17
2585 17
2585 17
2585 17
2585 17
2585 17
2585 17
2585 15
2585 17
2585 17
2585 17
2585 17
2585 17
2585 17
2585 17
2585 17
2585 17
2585 17
2585 17
2585 17
2585 17
2585 17
2585 17
2585 17
2585 16
2585 17
2585 17
2585 17
2585 17
2585 17
2585 17
2585 17
2585 17
2585 18
2585 17
2585 17
2585 17
2585 18
2585 17
2585 17
2585 17
2585 16
2585 17
2585 17
2585 17
2585 17
2585 15
2585 17
2585 17
2585 17
2585 17
2585 17
2585 17
2585 17
2585 16
2585 17
2585 17
2585 17
2585 17
2585 17
2585 18
2585 17
2585 17
2585 17
2585 17
2585 17
2585 17
2585 17
2585 16
2585 17
2585 17
2585 17
2585 17
2585 17
2585 17
2585 17
2585 16
2585 16
2585 18
2585 17
2585 18
2585 16
2585 17
2585 17
2585 17
2585 17
2590 15
2590 14
2590 15
2590 15
2590 16
2590 15
2590 16
2590 14
2590 15
2590 16
2590 15
2590 15
2590 15
2590 16
2590 15
2590 15
2590 15
2590 15
2590 16
2590 16
2590 15
2590 16
2590 14
2590 14
2590 14
2590 16
2590 15
2590 16
2590 15
2590 15
2590 15
2590 15
2590 15
2590 15
2590 15
2590 14
2590 15
2590 16
2590 15
2590 16
2590 15
2590 15
2590 15
2590 15
2590 15
2590 16
2590 14
2590 16
2590 15
2590 14
2590 16
2590 15
2590 15
2590 17
2590 16
2590 15
2590 15
2590 16
2590 16
2590 15
2590 16
2590 15
2590 15
2590 15
2590 14
2590 15
2590 14
2590 14
2590 14
2590 15
2590 15
2590 15
2590 15
2590 15
2590 16
2590 15
2590 15
2590 15
2590 15
2590 16
2590 15
2590 15
2590 14
2590 15
2590 15
2590 15
2590 15
2590 16
2590 16
2590 15
2590 15
2590 15
2590 16
2590 15
2590 16
2590 14
2590 14
2590 15
2590 14
2590 16
2595 13
2595 14
2595 13
2595 14
2595 14
2595 13
2595 16
2595 13
2595 14
2595 13
2595 14
2595 13
2595 13
2595 13
2595 13
2595 13
2595 13
2595 13
2595 14
2595 13
2595 13
2595 12
2595 14
2595 13
2595 14
2595 13
2595 14
2595 13
2595 13
2595 13
2595 12
2595 13
2595 13
2595 13
2595 13
2595 13
2595 13
2595 13
2595 13
2595 13
2595 13
2595 14
2595 13
2595 13
2595 13
2595 13
2595 14
2595 13
2595 15
2595 13
2595 15
2595 13
2595 13
2595 13
2595 15
2595 13
2595 13
2595 13
2595 14
2595 13
2595 13
2595 13
2595 13
2595 13
2595 13
2595 13
2595 13
2595 14
2595 14
2595 13
2595 13
2595 14
2595 14
2595 13
2595 13
2595 13
2595 13
2595 13
2595 13
2595 13
2595 14
2595 13
2595 13
2595 14
2595 13
2595 14
2595 13
2595 13
2595 14
2595 13
2595 13
2595 13
2595 13
2595 13
2595 13
2595 13
2595 14
2595 13
2595 13
2595 14
2600 10
2600 12
2600 11
2600 11
2600 12
2600 11
2600 10
2600 10
2600 13
2600 13
2600 10
2600 10
2600 10
2600 10
2600 11
2600 10
2600 11
2600 10
2600 10
2600 10
2600 10
2600 12
2600 10
2600 10
2600 10
2600 10
2600 10
2600 10
2600 10
2600 10
2600 10
2600 10
2600 10
2600 10
2600 10
2600 10
2600 11
2600 10
2600 10
2600 11
2600 10
2600 10
2600 10
2600 13
2600 10
2600 10
2600 10
2600 10
2600 10
2600 10
2600 10
2600 12
2600 11
2600 10
2600 10
2600 13
2600 12
2600 10
2600 12
2600 10
2600 10
2600 10
2600 10
2600 10
2600 10
2600 10
2600 11
2600 10
2600 11
2600 10
2600 10
2600 10
2600 10
2600 10
2600 10
2600 10
2600 10
2600 10
2600 11
2600 12
2600 11
2600 11
2600 10
2600 10
2600 10
2600 13
2600 10
2600 10
2600 10
2600 10
2600 10
2600 11
2600 10
2600 10
2600 10
2600 10
2600 11
2600 10
2600 10
2600 10
2605 10
2605 9
2605 9
2605 9
2605 7
2605 9
2605 9
2605 9
2605 10
2605 10
2605 8
2605 9
2605 10
2605 9
2605 10
2605 9
2605 8
2605 9
2605 8
2605 10
2605 10
2605 10
2605 9
2605 9
2605 9
2605 8
2605 9
2605 9
2605 9
2605 9
2605 10
2605 10
2605 9
2605 8
2605 10
2605 10
2605 8
2605 8
2605 10
2605 9
2605 9
2605 9
2605 8
2605 9
2605 8
2605 9
2605 10
2605 9
2605 9
2605 8
2605 8
2605 9
2605 9
2605 8
2605 9
2605 9
2605 9
2605 10
2605 8
2605 10
2605 9
2605 10
2605 10
2605 8
2605 9
2605 8
2605 10
2605 8
2605 10
2605 8
2605 9
2605 9
2605 10
2605 9
2605 10
2605 10
2605 10
2605 8
2605 10
2605 9
2605 10
2605 8
2605 9
2605 9
2605 10
2605 8
2605 9
2605 10
2605 9
2605 8
2605 10
2605 7
2605 8
2605 9
2605 8
2605 8
2605 10
2605 10
2605 10
2605 9
2610 7
2610 7
2610 6
2610 7
2610 8
2610 6
2610 6
2610 7
2610 7
2610 7
2610 7
2610 7
2610 6
2610 7
2610 7
2610 7
2610 5
2610 6
2610 6
2610 7
2610 7
2610 5
2610 7
2610 7
2610 7
2610 7
2610 7
2610 7
2610 7
2610 7
2610 7
2610 5
2610 7
2610 5
2610 6
2610 5
2610 7
2610 7
2610 6
2610 5
2610 8
2610 7
2610 6
2610 6
2610 5
2610 9
2610 7
2610 4
2610 7
2610 5
2610 7
2610 6
2610 7
2610 7
2610 6
2610 7
2610 7
2610 7
2610 7
2610 8
2610 5
2610 5
2610 5
2610 7
2610 7
2610 7
2610 7
2610 6
2610 7
2610 7
2610 5
2610 7
2610 7
2610 9
2610 7
2610 7
2610 7
2610 7
2610 8
2610 6
2610 5
2610 7
2610 6
2610 7
2610 5
2610 7
2610 7
2610 7
2610 5
2610 7
2610 6
2610 8
2610 8
2610 7
2610 7
2610 7
2610 5
2610 7
2610 7
2610 5
2615 4
2615 5
2615 4
2615 4
2615 5
2615 5
2615 4
2615 4
2615 4
2615 4
2615 4
2615 5
2615 5
2615 4
2615 4
2615 4
2615 4
2615 5
2615 5
2615 4
2615 4
2615 4
2615 4
2615 4
2615 4
2615 4
2615 4
2615 4
2615 4
2615 4
2615 4
2615 5
2615 4
2615 4
2615 5
2615 7
2615 4
2615 4
2615 4
2615 4
2615 5
2615 4
2615 4
2615 4
2615 4
2615 5
2615 5
2615 4
2615 4
2615 5
2615 4
2615 5
2615 4
2615 4
2615 5
2615 4
2615 5
2615 5
2615 4
2615 4
2615 5
2615 5
2615 5
2615 5
2615 5
2615 4
2615 5
2615 4
2615 5
2615 4
2615 4
2615 5
2615 4
2615 4
2615 5
2615 4
2615 4
2615 4
2615 4
2615 5
2615 5
2615 4
2615 4
2615 4
2615 5
2615 4
2615 4
2615 4
2615 5
2615 4
