TOA measurement vs Delay ---- Mon Jun 15 01:11:40 2020
Pixel = 12
config file = config/asic_config_B4.yml
NofIterations = 100
LSBest = 22.77556811383505
mean value = [  0.           0.           0.           0.           0.
   0.           0.           0.           0.           0.
   0.           0.           0.           0.           0.
   0.           0.           0.           0.           0.
   0.           0.           0.           0.         125.92929293
 123.83       121.44       119.85858586 116.77777778 114.77777778
 112.76       110.06       108.05       106.36       105.
 102.70707071  99.76767677  97.75        96.56        94.26
  91.89        89.14        87.71717172  85.05        82.28282828
  79.96        78.          76.63636364  74.36363636  72.51515152
  70.28        67.84        65.33        63.98        62.01010101
  60.18        57.03        55.24        52.99        51.87
  48.80808081  46.18        45.01010101  43.94        41.01010101
  38.81818182  36.61        34.87        32.79        30.5959596
  29.02        26.87        24.7979798   22.54        20.7979798
  19.09        15.17        13.84        12.19        10.81
   8.05         5.61         3.23         0.           0.
   0.           0.           0.           0.           0.
   0.           0.           0.           0.           0.
   0.           0.           0.           0.           0.        ]
sigma = [0.         0.         0.         0.         0.         0.
 0.         0.         0.         0.         0.         0.
 0.         0.         0.         0.         0.         0.
 0.         0.         0.         0.         0.         0.
 0.38605817 0.47374395 0.57422411 0.49512984 0.5061352  0.93938036
 0.65248244 0.37380922 0.36170891 0.57769658 0.35118846 0.53893882
 0.5115491  0.53928966 0.57422411 0.52510316 0.44859038 0.45136829
 0.55350863 0.36170891 0.69870593 0.82567144 0.28867513 0.56101541
 0.57874028 0.61115285 0.53379147 0.48757905 0.55175478 0.40365001
 0.30550338 0.48055523 0.39042712 0.58799093 0.30534134 0.52576928
 0.52803749 0.48055523 0.36569981 0.37380922 0.36569981 0.481761
 0.61744096 0.443208   0.49923274 0.56931985 0.42770706 0.50639247
 0.49451125 0.6416645  0.49451125 0.91936572 0.47374395 0.46661905
 0.48706605 0.64593601 0.53928966 0.5667745  0.51032669 0.
 0.         0.         0.         0.         0.         0.
 0.         0.         0.         0.         0.         0.
 0.         0.         0.         0.        ]
Pulse delay   TOA 
2255 26
2260 24
2265 21
2270 20
2275 17
2280 14
2285 13
2290 12
2320 126
2320 126
2320 126
2320 126
2320 126
2320 126
2320 126
2320 126
2320 126
2320 126
2320 126
2320 126
2320 126
2320 126
2320 126
2320 126
2320 126
2320 126
2320 125
2320 126
2320 126
2320 126
2320 126
2320 126
2320 126
2320 126
2320 125
2320 126
2320 126
2320 126
2320 126
2320 126
2320 126
2320 126
2320 126
2320 126
2320 126
2320 126
2320 126
2320 126
2320 126
2320 126
2320 126
2320 125
2320 126
2320 126
2320 126
2320 126
2320 126
2320 126
2320 126
2320 126
2320 126
2320 126
2320 126
2320 126
2320 126
2320 125
2320 126
2320 125
2320 126
2320 125
2320 126
2320 126
2320 126
2320 126
2320 126
2320 126
2320 126
2320 126
2320 126
2320 126
2320 125
2320 126
2320 126
2320 126
2320 126
2320 126
2320 126
2320 126
2320 126
2320 126
2320 126
2320 126
2320 126
2320 126
2320 126
2320 126
2320 126
2320 126
2320 126
2320 126
2320 126
2320 126
2320 126
2320 126
2320 126
2320 126
2320 126
2325 124
2325 124
2325 124
2325 124
2325 124
2325 124
2325 123
2325 124
2325 124
2325 124
2325 123
2325 124
2325 124
2325 124
2325 124
2325 123
2325 124
2325 124
2325 124
2325 124
2325 124
2325 124
2325 124
2325 124
2325 124
2325 124
2325 124
2325 124
2325 124
2325 123
2325 124
2325 124
2325 124
2325 124
2325 123
2325 124
2325 124
2325 123
2325 124
2325 124
2325 124
2325 124
2325 124
2325 124
2325 124
2325 124
2325 124
2325 124
2325 124
2325 124
2325 124
2325 124
2325 124
2325 124
2325 124
2325 123
2325 124
2325 124
2325 123
2325 123
2325 124
2325 124
2325 123
2325 124
2325 124
2325 124
2325 124
2325 124
2325 124
2325 124
2325 124
2325 123
2325 123
2325 123
2325 124
2325 124
2325 123
2325 124
2325 124
2325 124
2325 124
2325 124
2325 124
2325 123
2325 123
2325 124
2325 124
2325 124
2325 124
2325 124
2325 124
2325 123
2325 124
2325 124
2325 124
2325 124
2325 124
2325 124
2325 124
2325 124
2330 122
2330 121
2330 122
2330 122
2330 121
2330 122
2330 121
2330 121
2330 122
2330 121
2330 121
2330 121
2330 122
2330 122
2330 121
2330 122
2330 121
2330 121
2330 121
2330 122
2330 121
2330 121
2330 121
2330 121
2330 121
2330 121
2330 122
2330 122
2330 122
2330 122
2330 122
2330 122
2330 122
2330 121
2330 122
2330 122
2330 122
2330 122
2330 121
2330 121
2330 122
2330 121
2330 121
2330 121
2330 121
2330 122
2330 121
2330 122
2330 122
2330 121
2330 122
2330 121
2330 121
2330 121
2330 122
2330 121
2330 121
2330 121
2330 121
2330 121
2330 121
2330 122
2330 122
2330 122
2330 122
2330 122
2330 121
2330 121
2330 122
2330 121
2330 121
2330 121
2330 121
2330 122
2330 122
2330 121
2330 121
2330 122
2330 122
2330 121
2330 121
2330 121
2330 121
2330 122
2330 121
2330 122
2330 121
2330 121
2330 122
2330 122
2330 122
2330 121
2330 121
2330 122
2330 121
2330 122
2330 121
2330 121
2330 122
2330 121
2335 119
2335 121
2335 120
2335 120
2335 119
2335 120
2335 120
2335 120
2335 120
2335 120
2335 120
2335 120
2335 120
2335 120
2335 120
2335 120
2335 120
2335 120
2335 120
2335 119
2335 120
2335 119
2335 120
2335 119
2335 120
2335 120
2335 119
2335 121
2335 120
2335 120
2335 119
2335 120
2335 120
2335 120
2335 120
2335 120
2335 119
2335 120
2335 120
2335 120
2335 120
2335 120
2335 119
2335 120
2335 120
2335 120
2335 120
2335 120
2335 120
2335 120
2335 120
2335 120
2335 120
2335 119
2335 119
2335 120
2335 120
2335 120
2335 120
2335 120
2335 120
2335 120
2335 119
2335 120
2335 120
2335 120
2335 120
2335 120
2335 120
2335 120
2335 119
2335 120
2335 120
2335 120
2335 120
2335 119
2335 120
2335 120
2335 120
2335 119
2335 120
2335 120
2335 120
2335 120
2335 120
2335 120
2335 120
2335 120
2335 120
2335 120
2335 120
2335 119
2335 120
2335 120
2335 120
2335 120
2335 120
2335 120
2335 120
2340 117
2340 117
2340 117
2340 117
2340 117
2340 117
2340 116
2340 116
2340 117
2340 117
2340 117
2340 117
2340 117
2340 117
2340 117
2340 117
2340 116
2340 117
2340 117
2340 117
2340 117
2340 116
2340 117
2340 117
2340 117
2340 117
2340 117
2340 116
2340 116
2340 117
2340 117
2340 117
2340 117
2340 117
2340 116
2340 117
2340 117
2340 117
2340 117
2340 116
2340 117
2340 117
2340 117
2340 117
2340 117
2340 117
2340 117
2340 117
2340 117
2340 117
2340 117
2340 117
2340 117
2340 116
2340 117
2340 116
2340 117
2340 117
2340 117
2340 116
2340 116
2340 117
2340 117
2340 117
2340 117
2340 117
2340 117
2340 117
2340 116
2340 117
2340 117
2340 116
2340 117
2340 117
2340 117
2340 116
2340 116
2340 117
2340 116
2340 116
2340 117
2340 117
2340 117
2340 117
2340 117
2340 116
2340 117
2340 117
2340 117
2340 116
2340 117
2340 117
2340 117
2340 116
2340 117
2340 116
2340 117
2340 117
2340 117
2345 115
2345 114
2345 116
2345 114
2345 114
2345 116
2345 116
2345 116
2345 114
2345 115
2345 114
2345 114
2345 115
2345 116
2345 116
2345 116
2345 115
2345 114
2345 114
2345 116
2345 114
2345 114
2345 114
2345 114
2345 114
2345 116
2345 114
2345 114
2345 115
2345 116
2345 116
2345 114
2345 114
2345 114
2345 114
2345 116
2345 114
2345 116
2345 114
2345 115
2345 114
2345 116
2345 114
2345 116
2345 114
2345 114
2345 114
2345 115
2345 114
2345 114
2345 114
2345 115
2345 114
2345 114
2345 114
2345 114
2345 116
2345 114
2345 114
2345 114
2345 114
2345 116
2345 116
2345 116
2345 114
2345 115
2345 114
2345 116
2345 114
2345 114
2345 115
2345 116
2345 116
2345 115
2345 114
2345 115
2345 116
2345 114
2345 116
2345 114
2345 114
2345 115
2345 114
2345 114
2345 116
2345 114
2345 114
2345 116
2345 116
2345 114
2345 114
2345 115
2345 115
2345 114
2345 114
2345 116
2345 116
2345 116
2345 116
2350 113
2350 113
2350 112
2350 113
2350 113
2350 113
2350 113
2350 113
2350 113
2350 114
2350 113
2350 113
2350 113
2350 113
2350 111
2350 113
2350 113
2350 113
2350 113
2350 113
2350 112
2350 113
2350 113
2350 113
2350 113
2350 113
2350 113
2350 113
2350 111
2350 113
2350 113
2350 112
2350 113
2350 113
2350 112
2350 111
2350 112
2350 113
2350 113
2350 113
2350 113
2350 113
2350 113
2350 113
2350 112
2350 113
2350 113
2350 113
2350 113
2350 114
2350 113
2350 113
2350 113
2350 113
2350 113
2350 112
2350 111
2350 113
2350 113
2350 113
2350 113
2350 113
2350 113
2350 113
2350 113
2350 113
2350 112
2350 113
2350 113
2350 113
2350 113
2350 112
2350 111
2350 113
2350 112
2350 112
2350 112
2350 113
2350 112
2350 113
2350 113
2350 113
2350 113
2350 113
2350 113
2350 113
2350 112
2350 113
2350 112
2350 113
2350 112
2350 113
2350 113
2350 113
2350 113
2350 112
2350 113
2350 113
2350 113
2350 114
2355 110
2355 110
2355 110
2355 110
2355 110
2355 110
2355 110
2355 110
2355 110
2355 111
2355 110
2355 110
2355 110
2355 110
2355 110
2355 110
2355 110
2355 110
2355 110
2355 110
2355 110
2355 111
2355 111
2355 110
2355 111
2355 110
2355 110
2355 110
2355 110
2355 110
2355 110
2355 110
2355 110
2355 111
2355 110
2355 110
2355 110
2355 110
2355 110
2355 110
2355 110
2355 110
2355 110
2355 110
2355 110
2355 110
2355 110
2355 110
2355 110
2355 110
2355 110
2355 110
2355 110
2355 110
2355 110
2355 110
2355 110
2355 110
2355 110
2355 110
2355 110
2355 110
2355 110
2355 110
2355 110
2355 110
2355 110
2355 110
2355 110
2355 110
2355 110
2355 110
2355 110
2355 110
2355 110
2355 110
2355 110
2355 110
2355 110
2355 110
2355 110
2355 110
2355 110
2355 110
2355 110
2355 110
2355 110
2355 110
2355 110
2355 110
2355 110
2355 110
2355 110
2355 110
2355 110
2355 110
2355 110
2355 111
2355 110
2355 110
2360 108
2360 108
2360 108
2360 108
2360 108
2360 108
2360 108
2360 109
2360 108
2360 108
2360 108
2360 108
2360 108
2360 108
2360 108
2360 108
2360 109
2360 108
2360 108
2360 108
2360 108
2360 108
2360 108
2360 108
2360 108
2360 108
2360 108
2360 108
2360 108
2360 108
2360 108
2360 108
2360 108
2360 108
2360 108
2360 108
2360 108
2360 108
2360 108
2360 108
2360 108
2360 108
2360 108
2360 108
2360 108
2360 108
2360 108
2360 108
2360 108
2360 108
2360 108
2360 108
2360 108
2360 108
2360 108
2360 108
2360 108
2360 108
2360 108
2360 108
2360 108
2360 108
2360 108
2360 108
2360 108
2360 108
2360 108
2360 108
2360 108
2360 108
2360 109
2360 108
2360 108
2360 108
2360 108
2360 108
2360 108
2360 108
2360 108
2360 108
2360 108
2360 108
2360 108
2360 108
2360 108
2360 109
2360 108
2360 108
2360 108
2360 108
2360 108
2360 108
2360 108
2360 108
2360 108
2360 108
2360 108
2360 108
2360 109
2360 108
2365 106
2365 107
2365 106
2365 106
2365 106
2365 107
2365 106
2365 107
2365 107
2365 107
2365 106
2365 107
2365 106
2365 107
2365 106
2365 106
2365 106
2365 106
2365 106
2365 107
2365 106
2365 106
2365 106
2365 106
2365 106
2365 107
2365 106
2365 106
2365 107
2365 106
2365 107
2365 107
2365 107
2365 106
2365 106
2365 107
2365 107
2365 107
2365 106
2365 106
2365 106
2365 106
2365 107
2365 107
2365 106
2365 107
2365 106
2365 107
2365 106
2365 107
2365 106
2365 106
2365 107
2365 106
2365 107
2365 106
2365 107
2365 106
2365 106
2365 107
2365 107
2365 106
2365 106
2365 106
2365 106
2365 106
2365 106
2365 106
2365 107
2365 107
2365 106
2365 108
2365 106
2365 106
2365 106
2365 106
2365 106
2365 106
2365 106
2365 107
2365 107
2365 106
2365 107
2365 106
2365 106
2365 106
2365 106
2365 106
2365 106
2365 106
2365 107
2365 106
2365 106
2365 106
2365 106
2365 106
2365 106
2365 107
2365 107
2365 106
2370 105
2370 105
2370 105
2370 105
2370 104
2370 105
2370 105
2370 105
2370 105
2370 105
2370 105
2370 106
2370 105
2370 105
2370 105
2370 105
2370 105
2370 105
2370 105
2370 105
2370 105
2370 105
2370 105
2370 105
2370 105
2370 105
2370 105
2370 105
2370 105
2370 105
2370 105
2370 105
2370 105
2370 105
2370 105
2370 105
2370 105
2370 105
2370 105
2370 105
2370 105
2370 105
2370 105
2370 105
2370 105
2370 105
2370 105
2370 105
2370 105
2370 105
2370 104
2370 105
2370 105
2370 105
2370 105
2370 105
2370 105
2370 105
2370 105
2370 105
2370 105
2370 105
2370 105
2370 105
2370 105
2370 105
2370 105
2370 105
2370 105
2370 105
2370 105
2370 105
2370 105
2370 105
2370 105
2370 105
2370 105
2370 106
2370 105
2370 105
2370 105
2370 105
2370 105
2370 105
2370 105
2370 105
2370 105
2370 105
2370 105
2370 105
2370 105
2370 105
2370 105
2370 105
2370 105
2370 105
2370 105
2370 105
2370 105
2370 105
2375 103
2375 103
2375 103
2375 103
2375 102
2375 103
2375 103
2375 102
2375 103
2375 103
2375 102
2375 103
2375 102
2375 103
2375 102
2375 102
2375 103
2375 103
2375 103
2375 102
2375 103
2375 103
2375 103
2375 103
2375 102
2375 103
2375 103
2375 102
2375 102
2375 102
2375 103
2375 102
2375 103
2375 103
2375 103
2375 103
2375 102
2375 103
2375 103
2375 103
2375 103
2375 103
2375 103
2375 102
2375 103
2375 103
2375 103
2375 103
2375 103
2375 102
2375 103
2375 103
2375 103
2375 103
2375 102
2375 103
2375 103
2375 102
2375 102
2375 103
2375 103
2375 102
2375 103
2375 102
2375 103
2375 103
2375 103
2375 103
2375 103
2375 102
2375 103
2375 103
2375 103
2375 103
2375 103
2375 103
2375 103
2375 103
2375 103
2375 103
2375 103
2375 102
2375 102
2375 102
2375 103
2375 103
2375 103
2375 102
2375 103
2375 102
2375 103
2375 103
2375 102
2375 103
2375 102
2375 103
2375 102
2375 103
2375 103
2380 100
2380 100
2380 100
2380 100
2380 100
2380 100
2380 99
2380 100
2380 100
2380 99
2380 99
2380 100
2380 100
2380 99
2380 99
2380 99
2380 100
2380 100
2380 99
2380 100
2380 100
2380 100
2380 99
2380 100
2380 99
2380 100
2380 100
2380 100
2380 100
2380 100
2380 100
2380 99
2380 99
2380 100
2380 100
2380 99
2380 100
2380 100
2380 100
2380 100
2380 99
2380 100
2380 100
2380 100
2380 100
2380 99
2380 100
2380 99
2380 100
2380 100
2380 100
2380 100
2380 100
2380 100
2380 100
2380 100
2380 100
2380 100
2380 100
2380 100
2380 100
2380 100
2380 100
2380 99
2380 100
2380 99
2380 100
2380 100
2380 100
2380 100
2380 100
2380 100
2380 100
2380 100
2380 100
2380 100
2380 99
2380 100
2380 100
2380 100
2380 100
2380 100
2380 99
2380 99
2380 100
2380 100
2380 100
2380 100
2380 100
2380 100
2380 100
2380 100
2380 100
2380 99
2380 99
2380 100
2380 100
2380 100
2380 99
2385 98
2385 98
2385 98
2385 98
2385 98
2385 97
2385 98
2385 98
2385 98
2385 98
2385 98
2385 98
2385 97
2385 98
2385 98
2385 98
2385 98
2385 98
2385 98
2385 97
2385 98
2385 98
2385 98
2385 98
2385 97
2385 97
2385 98
2385 98
2385 98
2385 98
2385 98
2385 98
2385 97
2385 97
2385 98
2385 98
2385 98
2385 97
2385 98
2385 97
2385 98
2385 98
2385 98
2385 98
2385 97
2385 98
2385 97
2385 98
2385 97
2385 97
2385 98
2385 98
2385 98
2385 98
2385 98
2385 98
2385 98
2385 98
2385 98
2385 97
2385 98
2385 98
2385 98
2385 98
2385 98
2385 98
2385 98
2385 98
2385 98
2385 98
2385 98
2385 98
2385 98
2385 98
2385 98
2385 98
2385 97
2385 97
2385 98
2385 98
2385 97
2385 99
2385 98
2385 97
2385 97
2385 98
2385 98
2385 98
2385 98
2385 98
2385 97
2385 97
2385 97
2385 97
2385 98
2385 97
2385 97
2385 97
2385 98
2385 98
2390 97
2390 96
2390 97
2390 97
2390 96
2390 97
2390 97
2390 96
2390 96
2390 96
2390 97
2390 97
2390 96
2390 96
2390 97
2390 97
2390 97
2390 97
2390 96
2390 97
2390 97
2390 96
2390 96
2390 97
2390 96
2390 96
2390 97
2390 96
2390 96
2390 97
2390 97
2390 96
2390 96
2390 97
2390 97
2390 97
2390 97
2390 96
2390 97
2390 96
2390 96
2390 96
2390 96
2390 96
2390 97
2390 96
2390 97
2390 97
2390 96
2390 96
2390 97
2390 96
2390 96
2390 97
2390 96
2390 96
2390 96
2390 96
2390 97
2390 97
2390 97
2390 97
2390 97
2390 97
2390 97
2390 97
2390 96
2390 97
2390 96
2390 96
2390 97
2390 97
2390 96
2390 96
2390 97
2390 97
2390 96
2390 96
2390 97
2390 97
2390 97
2390 96
2390 96
2390 97
2390 97
2390 97
2390 97
2390 97
2390 97
2390 96
2390 97
2390 97
2390 96
2390 97
2390 96
2390 97
2390 96
2390 97
2390 97
2390 97
2395 95
2395 94
2395 94
2395 94
2395 94
2395 94
2395 94
2395 94
2395 94
2395 94
2395 95
2395 94
2395 94
2395 95
2395 94
2395 94
2395 94
2395 94
2395 95
2395 94
2395 94
2395 94
2395 94
2395 95
2395 94
2395 94
2395 94
2395 94
2395 94
2395 94
2395 94
2395 94
2395 95
2395 94
2395 94
2395 94
2395 95
2395 94
2395 94
2395 95
2395 94
2395 94
2395 95
2395 95
2395 94
2395 94
2395 95
2395 94
2395 94
2395 94
2395 94
2395 95
2395 94
2395 94
2395 94
2395 95
2395 94
2395 95
2395 94
2395 94
2395 95
2395 95
2395 95
2395 95
2395 95
2395 94
2395 94
2395 95
2395 94
2395 95
2395 94
2395 94
2395 94
2395 94
2395 95
2395 94
2395 95
2395 94
2395 94
2395 94
2395 95
2395 95
2395 94
2395 94
2395 94
2395 95
2395 94
2395 94
2395 94
2395 94
2395 94
2395 94
2395 94
2395 94
2395 94
2395 94
2395 94
2395 94
2395 94
2395 94
2400 92
2400 92
2400 92
2400 92
2400 92
2400 92
2400 92
2400 92
2400 91
2400 92
2400 92
2400 92
2400 92
2400 92
2400 92
2400 92
2400 92
2400 92
2400 92
2400 92
2400 92
2400 92
2400 92
2400 92
2400 91
2400 92
2400 92
2400 92
2400 92
2400 92
2400 92
2400 92
2400 91
2400 92
2400 92
2400 92
2400 92
2400 92
2400 92
2400 92
2400 92
2400 92
2400 92
2400 92
2400 92
2400 92
2400 92
2400 92
2400 92
2400 92
2400 92
2400 91
2400 92
2400 92
2400 92
2400 91
2400 92
2400 92
2400 91
2400 92
2400 92
2400 92
2400 92
2400 91
2400 92
2400 92
2400 92
2400 91
2400 92
2400 92
2400 92
2400 92
2400 92
2400 92
2400 92
2400 91
2400 92
2400 92
2400 92
2400 92
2400 92
2400 91
2400 92
2400 92
2400 92
2400 92
2400 92
2400 92
2400 91
2400 92
2400 92
2400 92
2400 92
2400 91
2400 92
2400 92
2400 92
2400 93
2400 92
2400 92
2405 90
2405 89
2405 89
2405 89
2405 89
2405 89
2405 89
2405 89
2405 89
2405 90
2405 89
2405 89
2405 89
2405 90
2405 89
2405 89
2405 89
2405 89
2405 89
2405 89
2405 89
2405 89
2405 89
2405 89
2405 90
2405 89
2405 89
2405 90
2405 89
2405 89
2405 89
2405 89
2405 90
2405 89
2405 90
2405 90
2405 89
2405 89
2405 89
2405 89
2405 89
2405 89
2405 89
2405 89
2405 89
2405 89
2405 89
2405 89
2405 90
2405 89
2405 89
2405 89
2405 89
2405 89
2405 89
2405 89
2405 89
2405 90
2405 89
2405 90
2405 89
2405 89
2405 89
2405 89
2405 89
2405 89
2405 89
2405 89
2405 89
2405 89
2405 89
2405 89
2405 89
2405 89
2405 89
2405 89
2405 89
2405 90
2405 89
2405 89
2405 89
2405 89
2405 89
2405 89
2405 90
2405 89
2405 89
2405 89
2405 89
2405 90
2405 89
2405 89
2405 89
2405 89
2405 89
2405 89
2405 89
2405 89
2405 89
2405 89
2410 88
2410 88
2410 87
2410 88
2410 87
2410 87
2410 88
2410 88
2410 88
2410 88
2410 88
2410 88
2410 87
2410 88
2410 88
2410 88
2410 88
2410 88
2410 87
2410 88
2410 88
2410 88
2410 88
2410 88
2410 88
2410 88
2410 88
2410 87
2410 88
2410 88
2410 88
2410 87
2410 87
2410 88
2410 87
2410 88
2410 87
2410 88
2410 87
2410 88
2410 88
2410 88
2410 87
2410 88
2410 88
2410 87
2410 87
2410 88
2410 88
2410 88
2410 88
2410 88
2410 87
2410 88
2410 88
2410 87
2410 88
2410 88
2410 88
2410 88
2410 87
2410 86
2410 88
2410 88
2410 88
2410 88
2410 88
2410 87
2410 88
2410 88
2410 87
2410 88
2410 88
2410 88
2410 88
2410 88
2410 88
2410 87
2410 87
2410 88
2410 88
2410 87
2410 88
2410 88
2410 88
2410 87
2410 88
2410 88
2410 88
2410 87
2410 88
2410 88
2410 88
2410 87
2410 88
2410 87
2410 88
2410 88
2410 88
2415 85
2415 85
2415 85
2415 85
2415 85
2415 85
2415 85
2415 85
2415 85
2415 85
2415 85
2415 85
2415 85
2415 85
2415 85
2415 85
2415 85
2415 85
2415 85
2415 86
2415 85
2415 85
2415 85
2415 85
2415 86
2415 85
2415 86
2415 85
2415 85
2415 85
2415 85
2415 85
2415 85
2415 85
2415 85
2415 85
2415 85
2415 85
2415 85
2415 85
2415 85
2415 85
2415 85
2415 85
2415 85
2415 85
2415 85
2415 85
2415 85
2415 86
2415 85
2415 85
2415 85
2415 85
2415 85
2415 85
2415 85
2415 85
2415 85
2415 85
2415 85
2415 85
2415 85
2415 85
2415 85
2415 85
2415 85
2415 85
2415 85
2415 85
2415 85
2415 85
2415 85
2415 85
2415 85
2415 85
2415 85
2415 85
2415 85
2415 85
2415 85
2415 85
2415 85
2415 85
2415 85
2415 85
2415 85
2415 85
2415 85
2415 85
2415 86
2415 85
2415 85
2415 85
2415 85
2415 85
2415 85
2415 85
2415 85
2415 85
2420 82
2420 82
2420 82
2420 82
2420 82
2420 82
2420 82
2420 83
2420 82
2420 82
2420 82
2420 84
2420 82
2420 82
2420 84
2420 82
2420 82
2420 82
2420 82
2420 84
2420 82
2420 82
2420 82
2420 82
2420 82
2420 82
2420 82
2420 84
2420 82
2420 82
2420 84
2420 82
2420 82
2420 83
2420 82
2420 82
2420 82
2420 82
2420 82
2420 82
2420 82
2420 82
2420 82
2420 82
2420 82
2420 84
2420 82
2420 82
2420 82
2420 82
2420 82
2420 84
2420 82
2420 82
2420 82
2420 83
2420 82
2420 82
2420 82
2420 82
2420 82
2420 82
2420 82
2420 82
2420 82
2420 82
2420 83
2420 82
2420 82
2420 82
2420 82
2420 82
2420 82
2420 83
2420 82
2420 82
2420 82
2420 82
2420 82
2420 82
2420 82
2420 82
2420 83
2420 82
2420 82
2420 82
2420 82
2420 82
2420 82
2420 84
2420 82
2420 82
2420 83
2420 84
2420 84
2420 83
2420 82
2420 82
2420 82
2425 79
2425 81
2425 79
2425 80
2425 80
2425 80
2425 79
2425 80
2425 80
2425 79
2425 81
2425 81
2425 80
2425 79
2425 79
2425 81
2425 80
2425 80
2425 79
2425 80
2425 81
2425 81
2425 79
2425 79
2425 81
2425 80
2425 80
2425 81
2425 81
2425 79
2425 79
2425 79
2425 80
2425 80
2425 79
2425 79
2425 80
2425 81
2425 81
2425 80
2425 79
2425 80
2425 80
2425 80
2425 80
2425 80
2425 81
2425 79
2425 80
2425 81
2425 81
2425 81
2425 81
2425 81
2425 81
2425 80
2425 80
2425 80
2425 80
2425 80
2425 79
2425 80
2425 79
2425 79
2425 79
2425 80
2425 80
2425 79
2425 81
2425 79
2425 81
2425 81
2425 81
2425 80
2425 80
2425 81
2425 80
2425 81
2425 79
2425 80
2425 80
2425 81
2425 81
2425 79
2425 79
2425 80
2425 79
2425 79
2425 80
2425 79
2425 80
2425 79
2425 80
2425 81
2425 80
2425 80
2425 79
2425 79
2425 81
2425 79
2430 78
2430 78
2430 78
2430 78
2430 78
2430 78
2430 78
2430 78
2430 78
2430 78
2430 78
2430 78
2430 78
2430 78
2430 78
2430 78
2430 78
2430 78
2430 78
2430 78
2430 78
2430 78
2430 78
2430 78
2430 78
2430 78
2430 78
2430 78
2430 78
2430 78
2430 78
2430 78
2430 78
2430 78
2430 78
2430 78
2430 78
2430 78
2430 78
2430 78
2430 78
2430 78
2430 78
2430 78
2430 78
2430 78
2430 78
2430 78
2430 78
2430 78
2430 78
2430 78
2430 78
2430 78
2430 78
2430 78
2430 78
2430 78
2430 78
2430 78
2430 78
2430 78
2430 78
2430 78
2430 78
2430 78
2430 78
2430 78
2430 78
2430 78
2430 78
2430 78
2430 78
2430 78
2430 78
2430 78
2430 78
2430 78
2430 78
2430 78
2430 78
2430 78
2430 78
2430 78
2430 78
2430 78
2430 78
2430 78
2430 78
2430 78
2430 78
2430 78
2430 78
2430 78
2430 78
2430 78
2430 78
2430 78
2435 77
2435 77
2435 76
2435 77
2435 76
2435 76
2435 77
2435 77
2435 77
2435 76
2435 77
2435 77
2435 77
2435 77
2435 77
2435 77
2435 76
2435 77
2435 76
2435 77
2435 77
2435 76
2435 76
2435 77
2435 76
2435 77
2435 77
2435 77
2435 76
2435 77
2435 77
2435 77
2435 76
2435 77
2435 76
2435 77
2435 76
2435 77
2435 76
2435 77
2435 77
2435 77
2435 77
2435 77
2435 77
2435 76
2435 77
2435 76
2435 77
2435 77
2435 77
2435 77
2435 76
2435 77
2435 77
2435 77
2435 76
2435 77
2435 76
2435 76
2435 76
2435 77
2435 77
2435 76
2435 77
2435 77
2435 76
2435 76
2435 77
2435 77
2435 77
2435 77
2435 76
2435 77
2435 77
2435 77
2435 76
2435 77
2435 77
2435 77
2435 76
2435 76
2435 77
2435 77
2435 76
2435 77
2435 77
2435 77
2435 76
2435 76
2435 76
2435 77
2435 76
2435 77
2435 76
2435 76
2435 77
2435 76
2435 77
2440 74
2440 74
2440 75
2440 74
2440 75
2440 76
2440 75
2440 75
2440 74
2440 74
2440 74
2440 74
2440 75
2440 74
2440 74
2440 75
2440 75
2440 74
2440 74
2440 75
2440 74
2440 74
2440 74
2440 74
2440 75
2440 75
2440 75
2440 74
2440 74
2440 75
2440 74
2440 74
2440 74
2440 74
2440 75
2440 75
2440 74
2440 74
2440 75
2440 74
2440 74
2440 74
2440 74
2440 74
2440 74
2440 74
2440 74
2440 74
2440 75
2440 74
2440 74
2440 74
2440 75
2440 75
2440 75
2440 75
2440 74
2440 74
2440 75
2440 74
2440 74
2440 74
2440 74
2440 74
2440 74
2440 74
2440 74
2440 75
2440 75
2440 75
2440 75
2440 74
2440 75
2440 75
2440 75
2440 74
2440 74
2440 74
2440 74
2440 74
2440 74
2440 75
2440 74
2440 75
2440 74
2440 75
2440 74
2440 74
2440 74
2440 74
2440 74
2440 75
2440 74
2440 74
2440 75
2440 75
2440 74
2440 74
2440 74
2445 72
2445 73
2445 72
2445 73
2445 73
2445 72
2445 73
2445 72
2445 72
2445 72
2445 72
2445 73
2445 73
2445 72
2445 72
2445 73
2445 72
2445 73
2445 72
2445 73
2445 73
2445 72
2445 73
2445 72
2445 72
2445 73
2445 72
2445 72
2445 72
2445 73
2445 73
2445 73
2445 73
2445 73
2445 73
2445 73
2445 73
2445 73
2445 73
2445 72
2445 71
2445 72
2445 73
2445 72
2445 72
2445 73
2445 73
2445 73
2445 72
2445 73
2445 73
2445 72
2445 73
2445 73
2445 73
2445 73
2445 73
2445 73
2445 72
2445 72
2445 73
2445 73
2445 72
2445 72
2445 73
2445 72
2445 73
2445 72
2445 72
2445 72
2445 73
2445 72
2445 73
2445 71
2445 73
2445 72
2445 73
2445 73
2445 73
2445 72
2445 72
2445 73
2445 73
2445 72
2445 73
2445 73
2445 72
2445 73
2445 73
2445 72
2445 72
2445 73
2445 73
2445 73
2445 72
2445 72
2445 72
2445 72
2445 72
2450 71
2450 70
2450 71
2450 70
2450 71
2450 70
2450 71
2450 71
2450 70
2450 70
2450 70
2450 70
2450 71
2450 71
2450 70
2450 70
2450 70
2450 70
2450 70
2450 70
2450 70
2450 71
2450 70
2450 70
2450 71
2450 71
2450 70
2450 70
2450 70
2450 70
2450 70
2450 70
2450 70
2450 70
2450 70
2450 70
2450 70
2450 71
2450 70
2450 71
2450 70
2450 70
2450 70
2450 71
2450 70
2450 70
2450 70
2450 70
2450 70
2450 70
2450 70
2450 70
2450 70
2450 70
2450 70
2450 70
2450 70
2450 70
2450 71
2450 71
2450 70
2450 71
2450 70
2450 71
2450 70
2450 70
2450 71
2450 70
2450 70
2450 71
2450 71
2450 70
2450 70
2450 70
2450 71
2450 70
2450 70
2450 71
2450 71
2450 70
2450 70
2450 70
2450 70
2450 70
2450 71
2450 70
2450 70
2450 71
2450 71
2450 70
2450 70
2450 70
2450 70
2450 70
2450 70
2450 70
2450 71
2450 70
2450 70
2450 71
2455 68
2455 68
2455 68
2455 68
2455 68
2455 68
2455 68
2455 68
2455 68
2455 68
2455 68
2455 68
2455 68
2455 68
2455 68
2455 68
2455 68
2455 68
2455 67
2455 67
2455 68
2455 68
2455 67
2455 67
2455 68
2455 67
2455 68
2455 68
2455 68
2455 68
2455 68
2455 67
2455 67
2455 68
2455 68
2455 68
2455 68
2455 68
2455 68
2455 68
2455 68
2455 68
2455 68
2455 68
2455 68
2455 68
2455 67
2455 67
2455 68
2455 68
2455 68
2455 68
2455 68
2455 68
2455 68
2455 68
2455 68
2455 68
2455 68
2455 68
2455 68
2455 68
2455 68
2455 68
2455 68
2455 67
2455 68
2455 67
2455 68
2455 68
2455 68
2455 69
2455 68
2455 67
2455 67
2455 67
2455 68
2455 68
2455 68
2455 68
2455 68
2455 68
2455 68
2455 68
2455 68
2455 68
2455 68
2455 67
2455 67
2455 68
2455 67
2455 68
2455 68
2455 68
2455 68
2455 68
2455 68
2455 68
2455 68
2455 68
2460 65
2460 66
2460 66
2460 65
2460 65
2460 65
2460 66
2460 66
2460 65
2460 66
2460 66
2460 65
2460 65
2460 66
2460 66
2460 65
2460 65
2460 66
2460 65
2460 65
2460 66
2460 66
2460 65
2460 66
2460 66
2460 65
2460 65
2460 65
2460 65
2460 65
2460 65
2460 65
2460 65
2460 65
2460 66
2460 66
2460 65
2460 66
2460 65
2460 65
2460 66
2460 65
2460 65
2460 66
2460 65
2460 65
2460 65
2460 65
2460 65
2460 65
2460 65
2460 65
2460 65
2460 65
2460 65
2460 65
2460 66
2460 66
2460 65
2460 65
2460 65
2460 65
2460 65
2460 65
2460 65
2460 65
2460 66
2460 65
2460 65
2460 65
2460 66
2460 65
2460 65
2460 66
2460 65
2460 65
2460 65
2460 65
2460 65
2460 66
2460 66
2460 65
2460 65
2460 65
2460 65
2460 65
2460 65
2460 65
2460 65
2460 66
2460 66
2460 65
2460 65
2460 66
2460 66
2460 66
2460 66
2460 66
2460 66
2460 65
2465 64
2465 64
2465 63
2465 64
2465 64
2465 64
2465 64
2465 64
2465 64
2465 64
2465 64
2465 64
2465 65
2465 64
2465 64
2465 64
2465 64
2465 64
2465 64
2465 64
2465 64
2465 64
2465 64
2465 64
2465 65
2465 63
2465 63
2465 64
2465 64
2465 64
2465 63
2465 64
2465 64
2465 64
2465 64
2465 64
2465 64
2465 64
2465 64
2465 64
2465 64
2465 64
2465 64
2465 64
2465 64
2465 64
2465 64
2465 64
2465 64
2465 64
2465 64
2465 64
2465 64
2465 64
2465 64
2465 64
2465 64
2465 64
2465 64
2465 64
2465 64
2465 64
2465 64
2465 64
2465 64
2465 64
2465 64
2465 64
2465 64
2465 64
2465 64
2465 64
2465 64
2465 64
2465 64
2465 64
2465 64
2465 64
2465 64
2465 64
2465 64
2465 64
2465 65
2465 64
2465 63
2465 64
2465 64
2465 64
2465 64
2465 64
2465 64
2465 64
2465 64
2465 64
2465 64
2465 64
2465 64
2465 64
2465 64
2465 64
2470 62
2470 62
2470 62
2470 62
2470 62
2470 62
2470 62
2470 62
2470 62
2470 62
2470 62
2470 62
2470 62
2470 62
2470 62
2470 62
2470 62
2470 62
2470 62
2470 62
2470 62
2470 62
2470 62
2470 62
2470 62
2470 62
2470 62
2470 62
2470 62
2470 62
2470 62
2470 62
2470 62
2470 62
2470 62
2470 62
2470 62
2470 62
2470 62
2470 62
2470 62
2470 62
2470 62
2470 62
2470 62
2470 62
2470 62
2470 62
2470 62
2470 62
2470 62
2470 62
2470 62
2470 62
2470 62
2470 62
2470 62
2470 62
2470 62
2470 62
2470 62
2470 62
2470 62
2470 62
2470 62
2470 62
2470 62
2470 62
2470 62
2470 62
2470 62
2470 62
2470 62
2470 62
2470 62
2470 62
2470 62
2470 62
2470 62
2470 62
2470 62
2470 62
2470 62
2470 62
2470 62
2470 63
2470 62
2470 62
2470 62
2470 62
2470 62
2470 62
2470 62
2470 62
2470 62
2470 62
2470 62
2470 62
2470 62
2475 60
2475 60
2475 60
2475 60
2475 60
2475 60
2475 60
2475 60
2475 60
2475 60
2475 60
2475 60
2475 60
2475 60
2475 60
2475 61
2475 60
2475 60
2475 61
2475 61
2475 60
2475 60
2475 60
2475 60
2475 60
2475 60
2475 60
2475 60
2475 60
2475 60
2475 61
2475 60
2475 60
2475 61
2475 60
2475 60
2475 60
2475 60
2475 60
2475 60
2475 61
2475 61
2475 60
2475 60
2475 60
2475 60
2475 60
2475 60
2475 61
2475 61
2475 61
2475 60
2475 60
2475 60
2475 60
2475 60
2475 60
2475 60
2475 60
2475 60
2475 61
2475 61
2475 60
2475 60
2475 60
2475 60
2475 60
2475 60
2475 61
2475 60
2475 60
2475 61
2475 61
2475 60
2475 61
2475 60
2475 60
2475 60
2475 60
2475 60
2475 60
2475 60
2475 61
2475 60
2475 60
2475 60
2475 60
2475 60
2475 60
2475 60
2475 60
2475 60
2475 60
2475 60
2475 60
2475 60
2475 60
2475 60
2475 60
2475 61
2480 57
2480 57
2480 57
2480 57
2480 57
2480 57
2480 57
2480 57
2480 58
2480 57
2480 57
2480 57
2480 57
2480 56
2480 57
2480 57
2480 57
2480 57
2480 57
2480 57
2480 57
2480 57
2480 57
2480 57
2480 58
2480 57
2480 57
2480 57
2480 57
2480 57
2480 57
2480 57
2480 57
2480 57
2480 57
2480 57
2480 57
2480 57
2480 57
2480 57
2480 57
2480 57
2480 57
2480 57
2480 57
2480 57
2480 57
2480 57
2480 57
2480 57
2480 57
2480 57
2480 57
2480 57
2480 57
2480 57
2480 57
2480 57
2480 57
2480 57
2480 57
2480 57
2480 57
2480 57
2480 57
2480 58
2480 57
2480 57
2480 57
2480 57
2480 57
2480 57
2480 57
2480 57
2480 57
2480 57
2480 57
2480 57
2480 57
2480 58
2480 57
2480 57
2480 57
2480 57
2480 57
2480 57
2480 57
2480 56
2480 57
2480 57
2480 57
2480 57
2480 57
2480 57
2480 57
2480 57
2480 57
2480 57
2480 58
2480 57
2485 55
2485 55
2485 55
2485 56
2485 56
2485 55
2485 56
2485 56
2485 56
2485 55
2485 55
2485 55
2485 55
2485 55
2485 55
2485 55
2485 55
2485 55
2485 56
2485 55
2485 56
2485 55
2485 55
2485 55
2485 56
2485 55
2485 55
2485 55
2485 56
2485 56
2485 56
2485 55
2485 56
2485 55
2485 55
2485 55
2485 55
2485 55
2485 55
2485 55
2485 56
2485 55
2485 55
2485 56
2485 55
2485 55
2485 55
2485 55
2485 56
2485 56
2485 55
2485 55
2485 56
2485 56
2485 55
2485 55
2485 54
2485 56
2485 55
2485 55
2485 55
2485 55
2485 55
2485 55
2485 56
2485 55
2485 55
2485 54
2485 55
2485 56
2485 55
2485 55
2485 56
2485 55
2485 56
2485 55
2485 55
2485 55
2485 56
2485 56
2485 55
2485 55
2485 55
2485 55
2485 55
2485 54
2485 55
2485 55
2485 55
2485 55
2485 56
2485 55
2485 55
2485 56
2485 56
2485 55
2485 54
2485 55
2485 55
2485 55
2490 53
2490 53
2490 53
2490 53
2490 53
2490 52
2490 53
2490 53
2490 53
2490 53
2490 53
2490 53
2490 53
2490 53
2490 53
2490 53
2490 53
2490 53
2490 53
2490 53
2490 53
2490 53
2490 53
2490 53
2490 53
2490 53
2490 53
2490 53
2490 53
2490 53
2490 53
2490 53
2490 53
2490 53
2490 53
2490 53
2490 53
2490 53
2490 53
2490 53
2490 53
2490 53
2490 53
2490 53
2490 53
2490 53
2490 53
2490 53
2490 53
2490 53
2490 53
2490 53
2490 53
2490 53
2490 53
2490 53
2490 53
2490 53
2490 53
2490 53
2490 53
2490 53
2490 53
2490 53
2490 53
2490 53
2490 53
2490 53
2490 53
2490 53
2490 53
2490 53
2490 53
2490 53
2490 53
2490 53
2490 53
2490 53
2490 53
2490 53
2490 53
2490 53
2490 53
2490 53
2490 53
2490 53
2490 53
2490 53
2490 53
2490 53
2490 53
2490 53
2490 53
2490 53
2490 53
2490 53
2490 53
2490 53
2490 53
2490 53
2495 52
2495 52
2495 52
2495 52
2495 52
2495 52
2495 52
2495 52
2495 52
2495 52
2495 52
2495 52
2495 51
2495 52
2495 52
2495 52
2495 52
2495 52
2495 52
2495 52
2495 52
2495 52
2495 52
2495 52
2495 52
2495 52
2495 52
2495 52
2495 52
2495 52
2495 52
2495 52
2495 52
2495 50
2495 52
2495 52
2495 52
2495 52
2495 52
2495 52
2495 52
2495 52
2495 52
2495 52
2495 52
2495 52
2495 52
2495 52
2495 52
2495 52
2495 52
2495 52
2495 52
2495 52
2495 52
2495 52
2495 52
2495 52
2495 52
2495 52
2495 52
2495 52
2495 52
2495 52
2495 52
2495 50
2495 52
2495 52
2495 50
2495 52
2495 52
2495 52
2495 52
2495 52
2495 52
2495 52
2495 52
2495 52
2495 52
2495 52
2495 52
2495 50
2495 52
2495 51
2495 51
2495 52
2495 52
2495 52
2495 51
2495 52
2495 52
2495 52
2495 52
2495 52
2495 52
2495 52
2495 52
2495 51
2495 52
2495 52
2500 49
2500 49
2500 49
2500 49
2500 49
2500 49
2500 48
2500 49
2500 49
2500 49
2500 49
2500 49
2500 48
2500 49
2500 49
2500 49
2500 47
2500 49
2500 48
2500 49
2500 49
2500 49
2500 49
2500 49
2500 49
2500 49
2500 49
2500 48
2500 49
2500 49
2500 49
2500 49
2500 49
2500 49
2500 49
2500 49
2500 49
2500 49
2500 48
2500 49
2500 49
2500 48
2500 49
2500 49
2500 49
2500 48
2500 48
2500 49
2500 49
2500 48
2500 49
2500 48
2500 50
2500 49
2500 49
2500 49
2500 49
2500 49
2500 49
2500 49
2500 48
2500 49
2500 49
2500 48
2500 49
2500 49
2500 49
2500 49
2500 49
2500 49
2500 49
2500 49
2500 49
2500 49
2500 49
2500 49
2500 48
2500 49
2500 49
2500 49
2500 49
2500 49
2500 48
2500 49
2500 49
2500 49
2500 49
2500 49
2500 49
2500 49
2500 48
2500 48
2500 49
2500 49
2500 48
2500 49
2500 48
2500 49
2500 49
2505 46
2505 46
2505 46
2505 46
2505 47
2505 46
2505 46
2505 46
2505 46
2505 46
2505 46
2505 47
2505 46
2505 46
2505 46
2505 46
2505 46
2505 46
2505 46
2505 46
2505 47
2505 46
2505 46
2505 46
2505 47
2505 46
2505 46
2505 46
2505 46
2505 46
2505 46
2505 46
2505 47
2505 46
2505 46
2505 46
2505 46
2505 46
2505 47
2505 46
2505 46
2505 46
2505 46
2505 47
2505 46
2505 46
2505 46
2505 46
2505 47
2505 46
2505 47
2505 46
2505 46
2505 46
2505 46
2505 47
2505 47
2505 46
2505 46
2505 46
2505 46
2505 47
2505 46
2505 46
2505 46
2505 47
2505 46
2505 46
2505 46
2505 46
2505 47
2505 47
2505 46
2505 46
2505 47
2505 46
2505 46
2505 46
2505 46
2505 46
2505 46
2505 46
2505 46
2505 47
2505 46
2505 47
2505 46
2505 46
2505 46
2505 46
2505 46
2505 46
2505 46
2505 46
2505 46
2505 46
2505 46
2505 46
2505 46
2505 46
2510 45
2510 45
2510 45
2510 45
2510 45
2510 45
2510 45
2510 45
2510 45
2510 45
2510 45
2510 45
2510 45
2510 46
2510 45
2510 45
2510 45
2510 45
2510 45
2510 45
2510 45
2510 45
2510 46
2510 45
2510 45
2510 45
2510 45
2510 45
2510 45
2510 45
2510 45
2510 45
2510 45
2510 45
2510 46
2510 45
2510 45
2510 45
2510 45
2510 45
2510 45
2510 45
2510 45
2510 45
2510 45
2510 45
2510 45
2510 45
2510 45
2510 44
2510 45
2510 45
2510 45
2510 45
2510 45
2510 45
2510 45
2510 45
2510 45
2510 45
2510 45
2510 45
2510 45
2510 45
2510 45
2510 45
2510 45
2510 45
2510 45
2510 45
2510 44
2510 45
2510 45
2510 45
2510 45
2510 45
2510 45
2510 45
2510 45
2510 45
2510 45
2510 45
2510 45
2510 45
2510 45
2510 45
2510 45
2510 45
2510 45
2510 45
2510 45
2510 45
2510 45
2510 45
2510 45
2510 45
2510 45
2510 45
2510 45
2515 44
2515 44
2515 44
2515 44
2515 43
2515 44
2515 44
2515 44
2515 44
2515 44
2515 44
2515 44
2515 44
2515 44
2515 44
2515 44
2515 43
2515 44
2515 43
2515 44
2515 44
2515 44
2515 44
2515 44
2515 44
2515 44
2515 44
2515 44
2515 44
2515 44
2515 44
2515 44
2515 44
2515 44
2515 44
2515 44
2515 44
2515 44
2515 44
2515 44
2515 44
2515 44
2515 44
2515 44
2515 44
2515 44
2515 44
2515 44
2515 44
2515 44
2515 44
2515 44
2515 44
2515 44
2515 44
2515 44
2515 44
2515 44
2515 44
2515 44
2515 44
2515 44
2515 44
2515 44
2515 44
2515 44
2515 44
2515 44
2515 44
2515 44
2515 44
2515 44
2515 44
2515 44
2515 44
2515 44
2515 44
2515 44
2515 44
2515 43
2515 44
2515 44
2515 44
2515 44
2515 44
2515 44
2515 44
2515 44
2515 43
2515 44
2515 44
2515 44
2515 44
2515 44
2515 44
2515 44
2515 44
2515 44
2515 44
2515 43
2520 41
2520 41
2520 41
2520 41
2520 41
2520 41
2520 40
2520 41
2520 41
2520 41
2520 41
2520 41
2520 41
2520 41
2520 41
2520 41
2520 41
2520 41
2520 41
2520 41
2520 41
2520 41
2520 41
2520 41
2520 41
2520 41
2520 41
2520 41
2520 41
2520 41
2520 41
2520 41
2520 41
2520 41
2520 41
2520 41
2520 41
2520 41
2520 41
2520 41
2520 41
2520 41
2520 41
2520 41
2520 42
2520 41
2520 41
2520 42
2520 41
2520 41
2520 41
2520 41
2520 41
2520 41
2520 40
2520 41
2520 41
2520 41
2520 41
2520 41
2520 41
2520 41
2520 41
2520 41
2520 41
2520 41
2520 41
2520 41
2520 42
2520 41
2520 41
2520 41
2520 41
2520 41
2520 41
2520 41
2520 41
2520 41
2520 41
2520 41
2520 41
2520 41
2520 41
2520 41
2520 41
2520 41
2520 41
2520 41
2520 41
2520 41
2520 41
2520 41
2520 41
2520 41
2520 41
2520 41
2520 41
2520 41
2520 41
2525 39
2525 39
2525 39
2525 39
2525 39
2525 39
2525 38
2525 38
2525 38
2525 39
2525 38
2525 39
2525 39
2525 39
2525 38
2525 39
2525 39
2525 39
2525 39
2525 39
2525 39
2525 38
2525 39
2525 39
2525 39
2525 39
2525 39
2525 39
2525 39
2525 39
2525 39
2525 39
2525 39
2525 38
2525 39
2525 39
2525 39
2525 38
2525 39
2525 39
2525 39
2525 39
2525 39
2525 39
2525 39
2525 39
2525 39
2525 38
2525 39
2525 38
2525 39
2525 39
2525 39
2525 39
2525 39
2525 38
2525 39
2525 38
2525 39
2525 39
2525 39
2525 39
2525 39
2525 39
2525 38
2525 39
2525 39
2525 39
2525 39
2525 39
2525 39
2525 39
2525 39
2525 39
2525 39
2525 39
2525 39
2525 38
2525 39
2525 39
2525 39
2525 39
2525 39
2525 39
2525 39
2525 38
2525 38
2525 39
2525 38
2525 39
2525 39
2525 38
2525 39
2525 39
2525 39
2525 39
2525 39
2525 39
2525 39
2530 36
2530 36
2530 36
2530 37
2530 38
2530 37
2530 37
2530 36
2530 37
2530 37
2530 36
2530 37
2530 37
2530 37
2530 37
2530 36
2530 37
2530 37
2530 36
2530 37
2530 37
2530 37
2530 37
2530 37
2530 37
2530 36
2530 37
2530 37
2530 36
2530 36
2530 37
2530 36
2530 37
2530 36
2530 37
2530 37
2530 36
2530 36
2530 37
2530 37
2530 36
2530 36
2530 36
2530 37
2530 37
2530 37
2530 36
2530 36
2530 36
2530 37
2530 36
2530 36
2530 38
2530 37
2530 36
2530 37
2530 37
2530 37
2530 36
2530 36
2530 36
2530 37
2530 37
2530 36
2530 37
2530 37
2530 37
2530 37
2530 38
2530 37
2530 36
2530 36
2530 37
2530 37
2530 37
2530 36
2530 37
2530 37
2530 36
2530 37
2530 37
2530 36
2530 36
2530 36
2530 37
2530 37
2530 36
2530 36
2530 36
2530 37
2530 37
2530 37
2530 36
2530 36
2530 37
2530 36
2530 36
2530 36
2530 37
2530 37
2535 35
2535 35
2535 34
2535 35
2535 35
2535 35
2535 35
2535 35
2535 34
2535 35
2535 35
2535 35
2535 35
2535 35
2535 35
2535 35
2535 35
2535 35
2535 35
2535 34
2535 35
2535 35
2535 35
2535 35
2535 35
2535 35
2535 35
2535 35
2535 35
2535 35
2535 35
2535 35
2535 35
2535 35
2535 35
2535 34
2535 35
2535 35
2535 35
2535 35
2535 35
2535 35
2535 35
2535 35
2535 34
2535 34
2535 35
2535 35
2535 35
2535 34
2535 35
2535 35
2535 35
2535 35
2535 35
2535 35
2535 35
2535 35
2535 35
2535 35
2535 35
2535 35
2535 35
2535 35
2535 34
2535 34
2535 35
2535 35
2535 35
2535 35
2535 35
2535 35
2535 34
2535 35
2535 35
2535 34
2535 35
2535 35
2535 35
2535 35
2535 35
2535 35
2535 34
2535 35
2535 35
2535 35
2535 35
2535 35
2535 35
2535 35
2535 35
2535 35
2535 34
2535 35
2535 35
2535 35
2535 35
2535 35
2535 35
2535 35
2540 33
2540 33
2540 33
2540 33
2540 33
2540 32
2540 33
2540 33
2540 33
2540 33
2540 33
2540 32
2540 33
2540 33
2540 32
2540 32
2540 33
2540 33
2540 33
2540 32
2540 33
2540 32
2540 33
2540 33
2540 32
2540 33
2540 32
2540 33
2540 32
2540 33
2540 33
2540 33
2540 33
2540 33
2540 32
2540 33
2540 33
2540 33
2540 33
2540 33
2540 33
2540 32
2540 33
2540 33
2540 33
2540 33
2540 33
2540 33
2540 32
2540 33
2540 33
2540 33
2540 33
2540 33
2540 32
2540 33
2540 33
2540 33
2540 33
2540 33
2540 33
2540 33
2540 33
2540 33
2540 33
2540 33
2540 32
2540 32
2540 33
2540 33
2540 33
2540 33
2540 33
2540 32
2540 32
2540 33
2540 33
2540 33
2540 33
2540 33
2540 33
2540 33
2540 32
2540 33
2540 33
2540 33
2540 33
2540 32
2540 32
2540 33
2540 33
2540 33
2540 33
2540 33
2540 33
2540 33
2540 33
2540 33
2540 33
2540 32
2545 30
2545 31
2545 31
2545 30
2545 31
2545 31
2545 31
2545 30
2545 31
2545 31
2545 31
2545 31
2545 31
2545 31
2545 30
2545 30
2545 30
2545 31
2545 31
2545 31
2545 30
2545 31
2545 30
2545 31
2545 31
2545 30
2545 30
2545 31
2545 31
2545 31
2545 30
2545 30
2545 30
2545 30
2545 31
2545 31
2545 30
2545 31
2545 30
2545 31
2545 30
2545 31
2545 30
2545 31
2545 30
2545 30
2545 31
2545 31
2545 31
2545 30
2545 30
2545 30
2545 31
2545 30
2545 31
2545 30
2545 30
2545 31
2545 30
2545 31
2545 31
2545 31
2545 31
2545 30
2545 31
2545 31
2545 31
2545 30
2545 30
2545 31
2545 30
2545 31
2545 30
2545 31
2545 31
2545 31
2545 30
2545 31
2545 30
2545 30
2545 31
2545 31
2545 31
2545 31
2545 31
2545 31
2545 30
2545 31
2545 30
2545 31
2545 31
2545 31
2545 31
2545 30
2545 31
2545 30
2545 31
2545 30
2545 31
2550 29
2550 29
2550 29
2550 30
2550 29
2550 29
2550 29
2550 30
2550 30
2550 29
2550 29
2550 29
2550 29
2550 29
2550 29
2550 29
2550 29
2550 29
2550 29
2550 29
2550 29
2550 29
2550 29
2550 29
2550 29
2550 29
2550 29
2550 29
2550 29
2550 28
2550 29
2550 29
2550 29
2550 29
2550 29
2550 29
2550 29
2550 30
2550 29
2550 29
2550 29
2550 29
2550 29
2550 29
2550 29
2550 29
2550 29
2550 29
2550 29
2550 28
2550 29
2550 29
2550 29
2550 29
2550 28
2550 29
2550 29
2550 29
2550 29
2550 29
2550 29
2550 29
2550 28
2550 29
2550 29
2550 29
2550 29
2550 29
2550 29
2550 29
2550 29
2550 29
2550 29
2550 29
2550 29
2550 29
2550 29
2550 29
2550 29
2550 29
2550 29
2550 29
2550 29
2550 29
2550 29
2550 30
2550 29
2550 29
2550 29
2550 29
2550 29
2550 30
2550 29
2550 29
2550 29
2550 29
2550 29
2550 29
2550 29
2550 29
2555 27
2555 27
2555 27
2555 27
2555 26
2555 27
2555 27
2555 27
2555 27
2555 26
2555 26
2555 27
2555 27
2555 27
2555 27
2555 27
2555 27
2555 27
2555 27
2555 27
2555 27
2555 27
2555 27
2555 27
2555 27
2555 26
2555 27
2555 26
2555 26
2555 27
2555 27
2555 27
2555 27
2555 27
2555 26
2555 27
2555 27
2555 27
2555 27
2555 27
2555 27
2555 27
2555 27
2555 27
2555 27
2555 27
2555 27
2555 26
2555 27
2555 27
2555 26
2555 27
2555 27
2555 27
2555 27
2555 27
2555 27
2555 27
2555 27
2555 27
2555 27
2555 27
2555 26
2555 27
2555 27
2555 26
2555 27
2555 27
2555 27
2555 27
2555 26
2555 27
2555 27
2555 28
2555 27
2555 27
2555 27
2555 27
2555 27
2555 26
2555 27
2555 26
2555 26
2555 27
2555 27
2555 27
2555 28
2555 27
2555 27
2555 28
2555 27
2555 27
2555 26
2555 27
2555 27
2555 27
2555 27
2555 27
2555 27
2555 27
2560 25
2560 25
2560 25
2560 25
2560 24
2560 24
2560 25
2560 25
2560 25
2560 24
2560 25
2560 25
2560 24
2560 25
2560 25
2560 24
2560 24
2560 25
2560 25
2560 25
2560 25
2560 24
2560 25
2560 25
2560 25
2560 25
2560 25
2560 25
2560 25
2560 25
2560 25
2560 24
2560 25
2560 25
2560 25
2560 25
2560 24
2560 25
2560 25
2560 25
2560 25
2560 25
2560 25
2560 25
2560 24
2560 25
2560 25
2560 25
2560 24
2560 24
2560 25
2560 24
2560 25
2560 24
2560 25
2560 25
2560 25
2560 25
2560 25
2560 25
2560 25
2560 25
2560 25
2560 25
2560 24
2560 25
2560 25
2560 25
2560 25
2560 25
2560 25
2560 25
2560 25
2560 25
2560 25
2560 25
2560 24
2560 25
2560 24
2560 25
2560 25
2560 25
2560 25
2560 24
2560 25
2560 25
2560 25
2560 25
2560 25
2560 24
2560 25
2560 25
2560 25
2560 24
2560 25
2560 25
2560 25
2560 25
2560 25
2565 22
2565 23
2565 22
2565 23
2565 23
2565 22
2565 23
2565 23
2565 23
2565 23
2565 23
2565 22
2565 23
2565 22
2565 22
2565 23
2565 21
2565 22
2565 23
2565 22
2565 23
2565 23
2565 23
2565 23
2565 22
2565 23
2565 23
2565 23
2565 22
2565 22
2565 22
2565 23
2565 23
2565 22
2565 24
2565 22
2565 23
2565 22
2565 23
2565 22
2565 22
2565 23
2565 23
2565 23
2565 23
2565 22
2565 22
2565 23
2565 23
2565 23
2565 22
2565 22
2565 23
2565 22
2565 21
2565 23
2565 23
2565 22
2565 22
2565 22
2565 23
2565 23
2565 23
2565 23
2565 22
2565 23
2565 22
2565 22
2565 23
2565 22
2565 23
2565 23
2565 23
2565 23
2565 22
2565 22
2565 23
2565 22
2565 22
2565 23
2565 22
2565 23
2565 22
2565 23
2565 23
2565 21
2565 23
2565 23
2565 23
2565 22
2565 22
2565 23
2565 22
2565 23
2565 23
2565 22
2565 23
2565 23
2565 22
2565 22
2570 21
2570 21
2570 21
2570 21
2570 20
2570 21
2570 20
2570 21
2570 21
2570 21
2570 21
2570 21
2570 21
2570 21
2570 21
2570 21
2570 20
2570 21
2570 21
2570 21
2570 21
2570 21
2570 21
2570 21
2570 21
2570 21
2570 21
2570 20
2570 21
2570 21
2570 20
2570 21
2570 20
2570 20
2570 21
2570 21
2570 21
2570 21
2570 21
2570 21
2570 21
2570 20
2570 21
2570 21
2570 21
2570 21
2570 20
2570 21
2570 21
2570 21
2570 21
2570 21
2570 20
2570 20
2570 21
2570 21
2570 20
2570 21
2570 20
2570 21
2570 21
2570 21
2570 20
2570 21
2570 21
2570 21
2570 21
2570 21
2570 21
2570 21
2570 21
2570 20
2570 21
2570 21
2570 21
2570 21
2570 21
2570 21
2570 21
2570 21
2570 21
2570 21
2570 21
2570 21
2570 20
2570 20
2570 21
2570 21
2570 21
2570 20
2570 21
2570 21
2570 21
2570 21
2570 21
2570 21
2570 20
2570 21
2570 20
2575 19
2575 19
2575 18
2575 18
2575 18
2575 19
2575 20
2575 20
2575 20
2575 20
2575 20
2575 19
2575 20
2575 18
2575 18
2575 19
2575 20
2575 20
2575 19
2575 20
2575 18
2575 19
2575 19
2575 20
2575 18
2575 18
2575 19
2575 20
2575 18
2575 20
2575 18
2575 20
2575 20
2575 20
2575 18
2575 20
2575 20
2575 20
2575 19
2575 20
2575 18
2575 20
2575 18
2575 20
2575 19
2575 18
2575 18
2575 18
2575 18
2575 20
2575 18
2575 20
2575 20
2575 20
2575 20
2575 19
2575 20
2575 18
2575 20
2575 20
2575 18
2575 19
2575 20
2575 18
2575 18
2575 18
2575 18
2575 20
2575 18
2575 19
2575 20
2575 20
2575 19
2575 20
2575 18
2575 20
2575 19
2575 20
2575 19
2575 18
2575 18
2575 19
2575 19
2575 20
2575 19
2575 20
2575 19
2575 18
2575 18
2575 19
2575 19
2575 18
2575 18
2575 18
2575 20
2575 18
2575 20
2575 20
2575 20
2575 20
2580 15
2580 16
2580 15
2580 16
2580 16
2580 16
2580 15
2580 15
2580 15
2580 15
2580 15
2580 15
2580 15
2580 15
2580 15
2580 15
2580 16
2580 15
2580 15
2580 15
2580 15
2580 15
2580 15
2580 15
2580 15
2580 15
2580 16
2580 15
2580 15
2580 15
2580 16
2580 15
2580 15
2580 15
2580 15
2580 15
2580 15
2580 15
2580 15
2580 15
2580 15
2580 15
2580 16
2580 16
2580 15
2580 16
2580 15
2580 15
2580 15
2580 15
2580 15
2580 15
2580 15
2580 15
2580 15
2580 15
2580 15
2580 16
2580 15
2580 15
2580 15
2580 15
2580 15
2580 16
2580 15
2580 15
2580 16
2580 15
2580 15
2580 15
2580 15
2580 15
2580 16
2580 15
2580 15
2580 15
2580 15
2580 15
2580 15
2580 15
2580 15
2580 15
2580 15
2580 15
2580 16
2580 15
2580 15
2580 16
2580 15
2580 15
2580 15
2580 15
2580 15
2580 15
2580 15
2580 15
2580 15
2580 15
2580 16
2580 15
2585 14
2585 14
2585 14
2585 14
2585 14
2585 13
2585 14
2585 14
2585 14
2585 14
2585 13
2585 14
2585 14
2585 14
2585 14
2585 14
2585 13
2585 14
2585 14
2585 14
2585 14
2585 13
2585 14
2585 14
2585 14
2585 14
2585 13
2585 14
2585 14
2585 14
2585 13
2585 14
2585 14
2585 14
2585 14
2585 14
2585 14
2585 14
2585 14
2585 14
2585 14
2585 14
2585 14
2585 14
2585 14
2585 14
2585 13
2585 13
2585 14
2585 14
2585 14
2585 14
2585 14
2585 14
2585 14
2585 14
2585 14
2585 13
2585 14
2585 13
2585 14
2585 14
2585 14
2585 14
2585 14
2585 14
2585 14
2585 14
2585 14
2585 14
2585 14
2585 14
2585 14
2585 13
2585 14
2585 14
2585 13
2585 14
2585 13
2585 14
2585 14
2585 14
2585 14
2585 14
2585 14
2585 14
2585 13
2585 14
2585 14
2585 14
2585 13
2585 14
2585 14
2585 14
2585 14
2585 14
2585 14
2585 13
2585 14
2585 14
2590 12
2590 13
2590 12
2590 13
2590 13
2590 12
2590 12
2590 12
2590 12
2590 12
2590 12
2590 12
2590 12
2590 12
2590 13
2590 12
2590 13
2590 12
2590 12
2590 12
2590 12
2590 12
2590 12
2590 12
2590 12
2590 12
2590 12
2590 12
2590 12
2590 12
2590 12
2590 12
2590 12
2590 13
2590 12
2590 13
2590 12
2590 12
2590 12
2590 12
2590 12
2590 12
2590 12
2590 12
2590 13
2590 12
2590 13
2590 12
2590 12
2590 12
2590 12
2590 12
2590 12
2590 12
2590 12
2590 13
2590 12
2590 13
2590 13
2590 12
2590 12
2590 12
2590 12
2590 12
2590 13
2590 12
2590 13
2590 13
2590 12
2590 13
2590 12
2590 12
2590 12
2590 12
2590 12
2590 12
2590 12
2590 13
2590 12
2590 12
2590 12
2590 12
2590 12
2590 12
2590 13
2590 12
2590 12
2590 12
2590 12
2590 12
2590 13
2590 12
2590 12
2590 12
2590 12
2590 12
2590 12
2590 12
2590 12
2590 12
2595 10
2595 11
2595 11
2595 11
2595 11
2595 11
2595 11
2595 11
2595 10
2595 11
2595 11
2595 11
2595 11
2595 11
2595 11
2595 11
2595 11
2595 11
2595 10
2595 11
2595 11
2595 10
2595 11
2595 11
2595 12
2595 11
2595 11
2595 11
2595 11
2595 11
2595 11
2595 12
2595 11
2595 10
2595 10
2595 11
2595 10
2595 11
2595 11
2595 11
2595 11
2595 10
2595 11
2595 11
2595 11
2595 11
2595 10
2595 11
2595 11
2595 11
2595 11
2595 10
2595 11
2595 11
2595 11
2595 11
2595 12
2595 11
2595 10
2595 10
2595 10
2595 11
2595 12
2595 10
2595 10
2595 11
2595 10
2595 10
2595 12
2595 11
2595 10
2595 11
2595 10
2595 11
2595 11
2595 12
2595 11
2595 12
2595 12
2595 11
2595 10
2595 11
2595 11
2595 11
2595 10
2595 10
2595 10
2595 11
2595 10
2595 12
2595 11
2595 10
2595 10
2595 10
2595 10
2595 11
2595 11
2595 11
2595 11
2595 11
2600 8
2600 8
2600 8
2600 9
2600 8
2600 8
2600 8
2600 8
2600 8
2600 8
2600 8
2600 9
2600 8
2600 8
2600 8
2600 8
2600 8
2600 8
2600 8
2600 7
2600 8
2600 8
2600 8
2600 8
2600 8
2600 8
2600 8
2600 8
2600 8
2600 7
2600 8
2600 8
2600 8
2600 8
2600 8
2600 9
2600 8
2600 8
2600 8
2600 7
2600 9
2600 8
2600 8
2600 9
2600 9
2600 8
2600 7
2600 8
2600 8
2600 8
2600 8
2600 8
2600 8
2600 9
2600 8
2600 8
2600 9
2600 8
2600 9
2600 8
2600 8
2600 8
2600 8
2600 8
2600 8
2600 8
2600 7
2600 7
2600 8
2600 8
2600 8
2600 8
2600 8
2600 8
2600 8
2600 8
2600 8
2600 9
2600 8
2600 9
2600 7
2600 8
2600 8
2600 8
2600 8
2600 8
2600 8
2600 8
2600 9
2600 8
2600 8
2600 8
2600 8
2600 8
2600 8
2600 9
2600 8
2600 8
2600 7
2600 8
2605 5
2605 6
2605 5
2605 6
2605 6
2605 6
2605 6
2605 5
2605 6
2605 5
2605 5
2605 5
2605 5
2605 5
2605 6
2605 6
2605 6
2605 6
2605 6
2605 6
2605 5
2605 5
2605 6
2605 6
2605 6
2605 6
2605 6
2605 6
2605 5
2605 6
2605 5
2605 6
2605 5
2605 5
2605 6
2605 5
2605 5
2605 5
2605 6
2605 6
2605 6
2605 6
2605 6
2605 6
2605 6
2605 6
2605 5
2605 6
2605 5
2605 6
2605 5
2605 6
2605 5
2605 5
2605 6
2605 5
2605 5
2605 5
2605 6
2605 6
2605 6
2605 5
2605 5
2605 6
2605 6
2605 6
2605 6
2605 6
2605 6
2605 6
2605 6
2605 5
2605 5
2605 5
2605 6
2605 6
2605 6
2605 6
2605 5
2605 5
2605 6
2605 6
2605 5
2605 5
2605 6
2605 5
2605 6
2605 6
2605 6
2605 5
2605 6
2605 5
2605 6
2605 6
2605 6
2605 5
2605 6
2605 6
2605 5
2605 6
2610 3
2610 3
2610 3
2610 3
2610 3
2610 3
2610 4
2610 4
2610 3
2610 3
2610 4
2610 3
2610 3
2610 3
2610 3
2610 4
2610 4
2610 3
2610 3
2610 4
2610 3
2610 3
2610 3
2610 4
2610 3
2610 3
2610 4
2610 4
2610 4
2610 3
2610 3
2610 3
2610 3
2610 4
2610 3
2610 3
2610 3
2610 3
2610 3
2610 3
2610 3
2610 3
2610 3
2610 3
2610 4
2610 3
2610 3
2610 3
2610 4
2610 3
2610 3
2610 3
2610 4
2610 4
2610 3
2610 3
2610 3
2610 3
2610 3
2610 4
2610 3
2610 3
2610 3
2610 4
2610 3
2610 3
2610 3
2610 3
2610 4
2610 3
2610 3
2610 3
2610 4
2610 3
2610 3
2610 3
2610 4
2610 4
2610 3
2610 3
2610 3
2610 3
2610 3
2610 3
2610 3
2610 3
2610 4
2610 3
2610 3
2610 3
2610 3
2610 3
2610 3
2610 3
2610 4
2610 3
2610 3
2610 3
2610 3
2610 3
