TOA measurement vs Delay ---- Mon Jun 15 00:56:20 2020
Pixel = 4
config file = config/asic_config_B4.yml
NofIterations = 100
LSBest = 22.840934611623283
mean value = [  0.           0.           0.           0.           0.
   0.           0.           0.           0.           0.
   0.           0.           0.           0.           0.
   0.           0.           0.           0.           0.
   0.           0.           0.           0.           0.
   0.           0.           0.           0.         125.68686869
 123.95       121.45454545 119.11       116.98       115.91
 113.28       111.05050505 108.71       106.5        105.37373737
 102.59       100.3         98.34        95.87        94.01
  92.09        90.11        88.1         85.58585859  83.91919192
  81.46        79.55        76.66        74.46        73.46
  71.02020202  68.4         66.47        64.07        62.50505051
  60.61        58.95        56.76        54.94        52.53
  50.59        48.7         46.85        43.3         41.94949495
  39.98        38.24242424  35.42424242  33.59        31.46
  30.05        27.71        25.24        23.61616162  21.43
  18.93        16.69        14.80808081  11.71717172   9.84
   7.47474747   5.93939394   3.31868132   0.           0.
   0.           0.           0.           0.           0.
   0.           0.           0.           0.           0.        ]
sigma = [0.         0.         0.         0.         0.         0.
 0.         0.         0.         0.         0.         0.
 0.         0.         0.         0.         0.         0.
 0.         0.         0.         0.         0.         0.
 0.         0.         0.         0.         0.         0.59918235
 0.48045118 0.657478   0.6010269  0.53191478 0.49521039 0.55220769
 0.55955858 0.86558266 0.57735027 0.63103024 0.60434538 1.00664459
 0.62268237 0.54445692 0.39145029 0.43038742 0.73568562 0.48304589
 0.65343074 0.44498934 0.62588604 0.59231185 0.89873986 0.57596296
 0.60969938 0.40463971 1.106044   0.64220973 0.59028242 0.57732818
 0.69370983 0.70059499 0.636972   0.59977774 0.57657032 0.72472983
 0.54160256 0.5204165  0.68799225 0.36233634 0.90715673 0.57235839
 0.86708509 0.77796744 0.57596296 0.38837267 0.59095967 0.62107434
 0.61680294 0.60698709 0.75394518 0.56323471 0.52803749 0.92294439
 0.46661905 0.77157106 0.54943831 1.33153458 0.         0.
 0.         0.         0.         0.         0.         0.
 0.         0.         0.         0.        ]
Pulse delay   TOA 
2285 23
2290 21
2295 20
2300 16
2305 15
2310 13
2340 126
2340 126
2340 126
2340 126
2340 126
2340 126
2340 126
2345 126
2345 126
2345 126
2345 126
2345 125
2345 125
2345 126
2345 126
2345 126
2345 126
2345 126
2345 126
2345 125
2345 125
2345 126
2345 126
2345 126
2345 126
2345 126
2345 126
2345 126
2345 124
2345 126
2345 126
2345 126
2345 125
2345 125
2345 126
2345 126
2345 126
2345 126
2345 125
2345 126
2345 126
2345 126
2345 125
2345 126
2345 124
2345 124
2345 125
2345 126
2345 126
2345 126
2345 125
2345 126
2345 126
2345 125
2345 126
2345 126
2345 126
2345 126
2345 125
2345 126
2345 126
2345 125
2345 125
2345 125
2345 125
2345 126
2345 126
2345 126
2345 125
2345 125
2345 126
2345 126
2345 125
2345 125
2345 125
2345 126
2345 126
2345 126
2345 126
2345 125
2345 126
2345 126
2345 126
2345 126
2345 126
2345 126
2345 126
2345 126
2345 125
2345 126
2345 126
2345 126
2345 126
2345 126
2345 126
2345 126
2345 125
2345 126
2345 126
2345 126
2345 126
2345 126
2345 126
2345 125
2345 126
2345 126
2350 124
2350 124
2350 123
2350 124
2350 124
2350 124
2350 124
2350 124
2350 124
2350 124
2350 124
2350 124
2350 124
2350 123
2350 124
2350 123
2350 124
2350 124
2350 123
2350 123
2350 123
2350 124
2350 124
2350 124
2350 124
2350 124
2350 124
2350 124
2350 124
2350 124
2350 124
2350 124
2350 124
2350 124
2350 124
2350 124
2350 124
2350 124
2350 124
2350 124
2350 124
2350 124
2350 124
2350 125
2350 124
2350 124
2350 123
2350 124
2350 124
2350 124
2350 124
2350 124
2350 124
2350 123
2350 124
2350 124
2350 124
2350 124
2350 124
2350 125
2350 124
2350 124
2350 124
2350 124
2350 124
2350 124
2350 124
2350 124
2350 124
2350 124
2350 124
2350 124
2350 124
2350 124
2350 124
2350 124
2350 124
2350 124
2350 124
2350 125
2350 125
2350 124
2350 124
2350 124
2350 123
2350 124
2350 124
2350 125
2350 124
2350 124
2350 124
2350 124
2350 124
2350 123
2350 124
2350 124
2350 124
2350 124
2350 124
2350 124
2355 122
2355 121
2355 121
2355 121
2355 121
2355 121
2355 122
2355 121
2355 122
2355 122
2355 121
2355 122
2355 122
2355 121
2355 121
2355 120
2355 122
2355 122
2355 121
2355 121
2355 122
2355 122
2355 122
2355 121
2355 122
2355 121
2355 121
2355 121
2355 122
2355 122
2355 121
2355 121
2355 122
2355 122
2355 123
2355 122
2355 122
2355 122
2355 122
2355 122
2355 121
2355 122
2355 122
2355 122
2355 121
2355 122
2355 122
2355 122
2355 121
2355 121
2355 121
2355 121
2355 122
2355 121
2355 121
2355 121
2355 122
2355 121
2355 121
2355 122
2355 121
2355 121
2355 122
2355 121
2355 121
2355 122
2355 122
2355 121
2355 121
2355 121
2355 121
2355 122
2355 121
2355 122
2355 121
2355 121
2355 121
2355 122
2355 122
2355 122
2355 121
2355 122
2355 121
2355 120
2355 123
2355 121
2355 123
2355 121
2355 122
2355 121
2355 121
2355 121
2355 122
2355 121
2355 121
2355 121
2355 121
2355 121
2355 121
2360 120
2360 119
2360 119
2360 119
2360 119
2360 118
2360 119
2360 120
2360 118
2360 119
2360 119
2360 119
2360 119
2360 120
2360 120
2360 120
2360 120
2360 119
2360 119
2360 119
2360 119
2360 119
2360 119
2360 119
2360 119
2360 119
2360 120
2360 119
2360 119
2360 119
2360 119
2360 120
2360 119
2360 120
2360 120
2360 119
2360 119
2360 119
2360 120
2360 119
2360 119
2360 119
2360 118
2360 119
2360 120
2360 118
2360 120
2360 119
2360 119
2360 119
2360 119
2360 119
2360 120
2360 118
2360 119
2360 119
2360 119
2360 119
2360 119
2360 120
2360 120
2360 119
2360 119
2360 118
2360 119
2360 120
2360 119
2360 119
2360 119
2360 119
2360 118
2360 119
2360 119
2360 119
2360 119
2360 119
2360 119
2360 120
2360 118
2360 119
2360 119
2360 119
2360 119
2360 119
2360 119
2360 119
2360 120
2360 119
2360 119
2360 119
2360 118
2360 119
2360 119
2360 119
2360 119
2360 119
2360 119
2360 120
2360 119
2360 119
2365 117
2365 116
2365 117
2365 118
2365 116
2365 117
2365 117
2365 117
2365 117
2365 117
2365 117
2365 117
2365 116
2365 117
2365 117
2365 117
2365 117
2365 117
2365 117
2365 117
2365 117
2365 117
2365 117
2365 118
2365 118
2365 116
2365 117
2365 118
2365 116
2365 117
2365 117
2365 118
2365 118
2365 117
2365 117
2365 117
2365 117
2365 117
2365 117
2365 117
2365 118
2365 117
2365 117
2365 117
2365 116
2365 117
2365 117
2365 117
2365 118
2365 117
2365 116
2365 117
2365 117
2365 117
2365 117
2365 117
2365 117
2365 117
2365 117
2365 117
2365 118
2365 117
2365 117
2365 116
2365 117
2365 117
2365 117
2365 117
2365 117
2365 117
2365 117
2365 117
2365 117
2365 117
2365 117
2365 116
2365 116
2365 117
2365 117
2365 117
2365 117
2365 117
2365 117
2365 117
2365 117
2365 117
2365 117
2365 117
2365 117
2365 117
2365 117
2365 117
2365 117
2365 117
2365 117
2365 117
2365 117
2365 117
2365 117
2365 116
2370 116
2370 116
2370 116
2370 116
2370 116
2370 116
2370 116
2370 116
2370 116
2370 116
2370 116
2370 116
2370 115
2370 115
2370 115
2370 116
2370 116
2370 116
2370 115
2370 116
2370 116
2370 116
2370 116
2370 116
2370 116
2370 115
2370 116
2370 116
2370 116
2370 116
2370 116
2370 116
2370 116
2370 117
2370 116
2370 116
2370 116
2370 116
2370 115
2370 116
2370 115
2370 115
2370 116
2370 117
2370 116
2370 116
2370 116
2370 116
2370 116
2370 116
2370 116
2370 116
2370 117
2370 116
2370 116
2370 116
2370 116
2370 116
2370 116
2370 116
2370 116
2370 116
2370 116
2370 115
2370 116
2370 116
2370 115
2370 116
2370 116
2370 117
2370 116
2370 116
2370 116
2370 116
2370 116
2370 116
2370 116
2370 116
2370 116
2370 116
2370 116
2370 116
2370 116
2370 116
2370 115
2370 116
2370 116
2370 116
2370 115
2370 116
2370 116
2370 116
2370 116
2370 115
2370 116
2370 116
2370 116
2370 116
2370 116
2370 116
2375 113
2375 113
2375 114
2375 113
2375 114
2375 114
2375 113
2375 113
2375 113
2375 113
2375 113
2375 113
2375 114
2375 113
2375 113
2375 113
2375 113
2375 113
2375 113
2375 113
2375 112
2375 114
2375 113
2375 114
2375 113
2375 113
2375 114
2375 114
2375 113
2375 113
2375 113
2375 113
2375 113
2375 113
2375 113
2375 113
2375 113
2375 113
2375 114
2375 113
2375 114
2375 113
2375 114
2375 114
2375 113
2375 113
2375 113
2375 113
2375 114
2375 113
2375 114
2375 113
2375 113
2375 113
2375 113
2375 113
2375 113
2375 114
2375 114
2375 113
2375 113
2375 113
2375 114
2375 113
2375 113
2375 113
2375 114
2375 113
2375 113
2375 114
2375 113
2375 113
2375 114
2375 113
2375 113
2375 113
2375 113
2375 113
2375 113
2375 113
2375 113
2375 113
2375 113
2375 114
2375 113
2375 113
2375 113
2375 114
2375 114
2375 113
2375 113
2375 113
2375 114
2375 114
2375 114
2375 113
2375 114
2375 113
2375 114
2375 114
2380 111
2380 112
2380 112
2380 111
2380 111
2380 111
2380 111
2380 111
2380 112
2380 110
2380 111
2380 111
2380 112
2380 111
2380 111
2380 111
2380 112
2380 111
2380 112
2380 111
2380 111
2380 111
2380 111
2380 111
2380 111
2380 111
2380 111
2380 111
2380 111
2380 111
2380 111
2380 111
2380 111
2380 110
2380 111
2380 111
2380 111
2380 111
2380 112
2380 111
2380 111
2380 111
2380 111
2380 112
2380 111
2380 111
2380 112
2380 111
2380 111
2380 112
2380 111
2380 111
2380 111
2380 111
2380 111
2380 110
2380 110
2380 111
2380 111
2380 110
2380 112
2380 111
2380 111
2380 111
2380 110
2380 111
2380 111
2380 111
2380 111
2380 111
2380 111
2380 111
2380 111
2380 111
2380 111
2380 112
2380 111
2380 111
2380 110
2380 111
2380 111
2380 111
2380 111
2380 111
2380 110
2380 112
2380 111
2380 111
2380 111
2380 111
2380 111
2380 111
2380 110
2380 111
2380 111
2380 112
2380 111
2380 111
2380 111
2385 109
2385 109
2385 110
2385 109
2385 109
2385 109
2385 110
2385 110
2385 109
2385 108
2385 109
2385 109
2385 109
2385 109
2385 110
2385 108
2385 109
2385 108
2385 109
2385 109
2385 109
2385 108
2385 109
2385 109
2385 109
2385 109
2385 110
2385 109
2385 109
2385 109
2385 107
2385 110
2385 109
2385 109
2385 109
2385 108
2385 108
2385 109
2385 108
2385 108
2385 108
2385 109
2385 109
2385 108
2385 109
2385 108
2385 107
2385 107
2385 107
2385 109
2385 109
2385 109
2385 108
2385 107
2385 107
2385 109
2385 110
2385 107
2385 110
2385 108
2385 109
2385 109
2385 109
2385 107
2385 109
2385 109
2385 109
2385 108
2385 109
2385 109
2385 108
2385 109
2385 109
2385 108
2385 109
2385 109
2385 109
2385 109
2385 107
2385 109
2385 109
2385 110
2385 110
2385 110
2385 108
2385 109
2385 109
2385 108
2385 109
2385 109
2385 110
2385 107
2385 108
2385 109
2385 109
2385 109
2385 109
2385 109
2385 109
2385 107
2390 107
2390 106
2390 106
2390 106
2390 106
2390 107
2390 107
2390 107
2390 107
2390 106
2390 106
2390 106
2390 106
2390 106
2390 107
2390 107
2390 107
2390 106
2390 106
2390 107
2390 106
2390 107
2390 106
2390 106
2390 106
2390 107
2390 106
2390 107
2390 107
2390 106
2390 107
2390 106
2390 107
2390 107
2390 106
2390 107
2390 107
2390 106
2390 106
2390 106
2390 107
2390 106
2390 106
2390 106
2390 107
2390 106
2390 107
2390 106
2390 106
2390 106
2390 107
2390 106
2390 106
2390 106
2390 106
2390 106
2390 107
2390 107
2390 107
2390 107
2390 107
2390 107
2390 106
2390 106
2390 106
2390 107
2390 107
2390 107
2390 106
2390 107
2390 107
2390 106
2390 106
2390 107
2390 107
2390 106
2390 107
2390 107
2390 107
2390 106
2390 107
2390 107
2390 106
2390 107
2390 106
2390 107
2390 107
2390 106
2390 107
2390 107
2390 106
2390 107
2390 107
2390 106
2390 107
2390 106
2390 107
2390 106
2390 107
2390 106
2395 105
2395 106
2395 106
2395 106
2395 105
2395 105
2395 105
2395 105
2395 106
2395 106
2395 105
2395 105
2395 105
2395 105
2395 106
2395 106
2395 106
2395 105
2395 106
2395 105
2395 105
2395 104
2395 105
2395 105
2395 105
2395 105
2395 105
2395 105
2395 106
2395 105
2395 106
2395 106
2395 106
2395 106
2395 105
2395 105
2395 106
2395 105
2395 105
2395 106
2395 105
2395 105
2395 106
2395 105
2395 104
2395 106
2395 106
2395 106
2395 105
2395 106
2395 105
2395 106
2395 106
2395 105
2395 105
2395 105
2395 105
2395 106
2395 106
2395 105
2395 105
2395 105
2395 106
2395 105
2395 105
2395 106
2395 104
2395 106
2395 105
2395 106
2395 105
2395 106
2395 105
2395 105
2395 106
2395 105
2395 105
2395 105
2395 106
2395 106
2395 105
2395 105
2395 105
2395 105
2395 105
2395 106
2395 106
2395 105
2395 104
2395 106
2395 106
2395 105
2395 105
2395 105
2395 106
2395 106
2395 106
2395 105
2395 106
2400 102
2400 103
2400 102
2400 103
2400 103
2400 103
2400 103
2400 102
2400 102
2400 103
2400 103
2400 102
2400 103
2400 102
2400 103
2400 103
2400 102
2400 102
2400 103
2400 103
2400 102
2400 102
2400 103
2400 102
2400 102
2400 103
2400 103
2400 103
2400 102
2400 102
2400 103
2400 103
2400 103
2400 103
2400 103
2400 103
2400 103
2400 102
2400 102
2400 102
2400 103
2400 103
2400 103
2400 103
2400 103
2400 103
2400 103
2400 102
2400 103
2400 103
2400 101
2400 102
2400 103
2400 103
2400 103
2400 103
2400 103
2400 103
2400 102
2400 102
2400 102
2400 102
2400 103
2400 102
2400 103
2400 103
2400 102
2400 102
2400 103
2400 102
2400 103
2400 103
2400 102
2400 103
2400 103
2400 102
2400 102
2400 102
2400 102
2400 103
2400 103
2400 103
2400 103
2400 103
2400 102
2400 103
2400 102
2400 102
2400 103
2400 103
2400 103
2400 102
2400 103
2400 103
2400 101
2400 103
2400 103
2400 103
2400 103
2400 102
2405 101
2405 101
2405 99
2405 101
2405 99
2405 99
2405 99
2405 101
2405 99
2405 101
2405 101
2405 101
2405 99
2405 101
2405 99
2405 99
2405 99
2405 101
2405 101
2405 101
2405 99
2405 101
2405 101
2405 101
2405 101
2405 101
2405 101
2405 101
2405 101
2405 101
2405 101
2405 99
2405 101
2405 101
2405 101
2405 101
2405 99
2405 101
2405 101
2405 99
2405 101
2405 99
2405 101
2405 99
2405 100
2405 99
2405 101
2405 101
2405 101
2405 102
2405 99
2405 101
2405 99
2405 99
2405 101
2405 101
2405 99
2405 101
2405 101
2405 101
2405 101
2405 99
2405 101
2405 101
2405 99
2405 99
2405 99
2405 99
2405 99
2405 101
2405 101
2405 101
2405 99
2405 101
2405 101
2405 99
2405 101
2405 101
2405 101
2405 99
2405 101
2405 101
2405 101
2405 99
2405 101
2405 101
2405 101
2405 101
2405 101
2405 99
2405 101
2405 101
2405 99
2405 101
2405 101
2405 99
2405 101
2405 99
2405 101
2405 99
2410 98
2410 98
2410 98
2410 98
2410 98
2410 98
2410 98
2410 99
2410 99
2410 98
2410 98
2410 98
2410 99
2410 97
2410 99
2410 98
2410 99
2410 98
2410 98
2410 98
2410 98
2410 99
2410 98
2410 99
2410 99
2410 98
2410 98
2410 99
2410 98
2410 98
2410 99
2410 98
2410 98
2410 99
2410 98
2410 99
2410 98
2410 99
2410 98
2410 99
2410 98
2410 99
2410 97
2410 98
2410 99
2410 99
2410 98
2410 98
2410 99
2410 98
2410 98
2410 99
2410 98
2410 98
2410 98
2410 99
2410 99
2410 98
2410 97
2410 98
2410 98
2410 98
2410 98
2410 99
2410 99
2410 98
2410 98
2410 99
2410 98
2410 98
2410 98
2410 97
2410 98
2410 98
2410 99
2410 98
2410 98
2410 99
2410 98
2410 99
2410 98
2410 98
2410 99
2410 98
2410 99
2410 99
2410 99
2410 99
2410 99
2410 98
2410 98
2410 98
2410 99
2410 99
2410 99
2410 99
2410 98
2410 98
2410 98
2410 99
2415 96
2415 96
2415 97
2415 96
2415 96
2415 96
2415 96
2415 95
2415 96
2415 96
2415 96
2415 96
2415 96
2415 96
2415 96
2415 96
2415 96
2415 96
2415 96
2415 95
2415 97
2415 96
2415 96
2415 96
2415 95
2415 96
2415 95
2415 96
2415 96
2415 96
2415 96
2415 97
2415 96
2415 96
2415 96
2415 96
2415 95
2415 96
2415 96
2415 96
2415 96
2415 96
2415 96
2415 95
2415 95
2415 96
2415 97
2415 95
2415 96
2415 95
2415 96
2415 96
2415 96
2415 96
2415 96
2415 96
2415 96
2415 96
2415 96
2415 96
2415 96
2415 96
2415 95
2415 95
2415 96
2415 96
2415 96
2415 96
2415 96
2415 96
2415 96
2415 95
2415 96
2415 95
2415 95
2415 96
2415 96
2415 96
2415 96
2415 96
2415 96
2415 96
2415 97
2415 96
2415 95
2415 96
2415 96
2415 96
2415 96
2415 96
2415 96
2415 95
2415 96
2415 96
2415 95
2415 96
2415 96
2415 96
2415 96
2415 95
2420 94
2420 94
2420 94
2420 93
2420 93
2420 94
2420 94
2420 94
2420 94
2420 94
2420 94
2420 94
2420 94
2420 94
2420 94
2420 94
2420 94
2420 94
2420 94
2420 94
2420 94
2420 94
2420 93
2420 94
2420 94
2420 94
2420 94
2420 94
2420 94
2420 94
2420 94
2420 94
2420 94
2420 94
2420 94
2420 94
2420 94
2420 94
2420 94
2420 94
2420 94
2420 94
2420 94
2420 94
2420 94
2420 94
2420 94
2420 94
2420 94
2420 94
2420 94
2420 94
2420 95
2420 94
2420 94
2420 95
2420 94
2420 94
2420 94
2420 94
2420 94
2420 94
2420 94
2420 94
2420 94
2420 94
2420 94
2420 94
2420 94
2420 94
2420 94
2420 94
2420 94
2420 94
2420 94
2420 94
2420 94
2420 94
2420 95
2420 94
2420 94
2420 94
2420 94
2420 94
2420 94
2420 94
2420 94
2420 94
2420 94
2420 94
2420 94
2420 94
2420 95
2420 94
2420 94
2420 94
2420 94
2420 94
2420 94
2420 94
2425 92
2425 92
2425 92
2425 92
2425 92
2425 92
2425 93
2425 92
2425 92
2425 93
2425 92
2425 92
2425 93
2425 92
2425 92
2425 93
2425 93
2425 92
2425 92
2425 92
2425 92
2425 92
2425 92
2425 91
2425 92
2425 92
2425 92
2425 93
2425 92
2425 92
2425 92
2425 92
2425 92
2425 92
2425 92
2425 92
2425 92
2425 92
2425 92
2425 92
2425 92
2425 92
2425 92
2425 92
2425 92
2425 92
2425 92
2425 92
2425 92
2425 92
2425 92
2425 92
2425 92
2425 92
2425 92
2425 92
2425 92
2425 92
2425 92
2425 92
2425 92
2425 92
2425 92
2425 92
2425 92
2425 92
2425 92
2425 92
2425 92
2425 92
2425 92
2425 92
2425 92
2425 92
2425 92
2425 92
2425 92
2425 92
2425 92
2425 92
2425 92
2425 92
2425 92
2425 92
2425 92
2425 93
2425 92
2425 92
2425 92
2425 92
2425 92
2425 92
2425 93
2425 92
2425 92
2425 92
2425 92
2425 92
2425 93
2425 93
2430 89
2430 90
2430 90
2430 90
2430 90
2430 91
2430 90
2430 89
2430 91
2430 91
2430 90
2430 90
2430 89
2430 89
2430 89
2430 89
2430 91
2430 90
2430 91
2430 89
2430 91
2430 91
2430 90
2430 90
2430 90
2430 90
2430 90
2430 90
2430 89
2430 90
2430 91
2430 90
2430 89
2430 90
2430 91
2430 90
2430 91
2430 89
2430 89
2430 91
2430 90
2430 91
2430 89
2430 91
2430 90
2430 90
2430 90
2430 90
2430 90
2430 90
2430 90
2430 90
2430 91
2430 91
2430 90
2430 90
2430 90
2430 91
2430 89
2430 90
2430 90
2430 90
2430 89
2430 91
2430 91
2430 90
2430 90
2430 90
2430 90
2430 90
2430 91
2430 91
2430 90
2430 91
2430 91
2430 90
2430 91
2430 90
2430 90
2430 90
2430 91
2430 90
2430 90
2430 90
2430 89
2430 90
2430 89
2430 90
2430 89
2430 90
2430 90
2430 91
2430 92
2430 90
2430 90
2430 90
2430 91
2430 90
2430 90
2430 90
2435 88
2435 88
2435 88
2435 88
2435 88
2435 88
2435 88
2435 87
2435 88
2435 88
2435 88
2435 88
2435 88
2435 88
2435 88
2435 89
2435 88
2435 88
2435 88
2435 88
2435 88
2435 88
2435 88
2435 88
2435 88
2435 88
2435 88
2435 89
2435 88
2435 87
2435 88
2435 88
2435 88
2435 88
2435 88
2435 88
2435 89
2435 89
2435 88
2435 88
2435 88
2435 88
2435 88
2435 88
2435 89
2435 88
2435 88
2435 88
2435 88
2435 88
2435 89
2435 89
2435 88
2435 88
2435 88
2435 88
2435 88
2435 88
2435 89
2435 88
2435 89
2435 89
2435 88
2435 88
2435 88
2435 88
2435 88
2435 88
2435 88
2435 88
2435 88
2435 88
2435 88
2435 88
2435 88
2435 88
2435 89
2435 87
2435 88
2435 88
2435 89
2435 88
2435 88
2435 88
2435 88
2435 89
2435 88
2435 88
2435 88
2435 88
2435 88
2435 88
2435 88
2435 88
2435 88
2435 88
2435 88
2435 88
2435 88
2435 88
2440 85
2440 86
2440 86
2440 85
2440 86
2440 86
2440 86
2440 86
2440 85
2440 87
2440 85
2440 87
2440 85
2440 86
2440 85
2440 86
2440 86
2440 85
2440 86
2440 86
2440 85
2440 85
2440 85
2440 85
2440 85
2440 86
2440 85
2440 86
2440 86
2440 85
2440 86
2440 85
2440 85
2440 85
2440 85
2440 86
2440 86
2440 86
2440 86
2440 86
2440 86
2440 85
2440 86
2440 85
2440 86
2440 86
2440 85
2440 86
2440 86
2440 86
2440 85
2440 85
2440 85
2440 87
2440 85
2440 86
2440 86
2440 85
2440 85
2440 86
2440 85
2440 85
2440 86
2440 85
2440 86
2440 85
2440 85
2440 85
2440 85
2440 85
2440 87
2440 86
2440 86
2440 85
2440 85
2440 85
2440 85
2440 85
2440 86
2440 86
2440 85
2440 86
2440 86
2440 86
2440 85
2440 87
2440 86
2440 86
2440 86
2440 85
2440 85
2440 86
2440 86
2440 86
2440 85
2440 85
2440 86
2440 86
2440 86
2445 84
2445 84
2445 84
2445 84
2445 83
2445 84
2445 84
2445 84
2445 84
2445 84
2445 84
2445 84
2445 84
2445 84
2445 84
2445 84
2445 84
2445 84
2445 84
2445 83
2445 84
2445 84
2445 84
2445 84
2445 84
2445 84
2445 83
2445 84
2445 84
2445 83
2445 85
2445 84
2445 84
2445 83
2445 84
2445 84
2445 84
2445 84
2445 84
2445 84
2445 84
2445 84
2445 84
2445 84
2445 84
2445 84
2445 84
2445 84
2445 84
2445 84
2445 84
2445 84
2445 84
2445 84
2445 84
2445 84
2445 84
2445 84
2445 85
2445 84
2445 84
2445 84
2445 84
2445 83
2445 84
2445 84
2445 84
2445 84
2445 84
2445 84
2445 84
2445 84
2445 84
2445 84
2445 83
2445 83
2445 84
2445 84
2445 84
2445 83
2445 84
2445 84
2445 84
2445 84
2445 84
2445 83
2445 84
2445 84
2445 84
2445 84
2445 84
2445 84
2445 84
2445 84
2445 84
2445 84
2445 84
2445 84
2445 84
2450 82
2450 81
2450 81
2450 81
2450 81
2450 81
2450 82
2450 82
2450 81
2450 81
2450 82
2450 81
2450 81
2450 81
2450 82
2450 81
2450 82
2450 82
2450 81
2450 81
2450 81
2450 81
2450 82
2450 81
2450 81
2450 82
2450 82
2450 82
2450 82
2450 81
2450 81
2450 82
2450 81
2450 82
2450 82
2450 81
2450 82
2450 82
2450 82
2450 82
2450 82
2450 81
2450 81
2450 82
2450 81
2450 81
2450 82
2450 82
2450 81
2450 82
2450 82
2450 81
2450 81
2450 82
2450 81
2450 82
2450 81
2450 80
2450 82
2450 81
2450 82
2450 81
2450 81
2450 81
2450 81
2450 81
2450 81
2450 82
2450 82
2450 82
2450 81
2450 82
2450 81
2450 81
2450 83
2450 82
2450 81
2450 83
2450 81
2450 81
2450 81
2450 81
2450 81
2450 82
2450 82
2450 81
2450 81
2450 82
2450 82
2450 82
2450 82
2450 81
2450 81
2450 82
2450 81
2450 82
2450 81
2450 81
2450 82
2450 81
2455 80
2455 79
2455 79
2455 80
2455 79
2455 80
2455 79
2455 80
2455 79
2455 79
2455 80
2455 80
2455 80
2455 80
2455 80
2455 80
2455 79
2455 79
2455 80
2455 80
2455 79
2455 80
2455 80
2455 80
2455 79
2455 80
2455 79
2455 79
2455 79
2455 79
2455 79
2455 79
2455 79
2455 80
2455 80
2455 79
2455 80
2455 79
2455 79
2455 80
2455 79
2455 79
2455 79
2455 80
2455 79
2455 80
2455 79
2455 79
2455 80
2455 80
2455 80
2455 80
2455 80
2455 80
2455 79
2455 80
2455 80
2455 79
2455 80
2455 80
2455 79
2455 80
2455 79
2455 79
2455 79
2455 80
2455 80
2455 80
2455 80
2455 79
2455 79
2455 80
2455 80
2455 80
2455 79
2455 79
2455 79
2455 79
2455 80
2455 80
2455 79
2455 79
2455 80
2455 80
2455 79
2455 80
2455 80
2455 80
2455 80
2455 80
2455 80
2455 81
2455 79
2455 79
2455 79
2455 79
2455 80
2455 79
2455 80
2455 80
2460 76
2460 78
2460 77
2460 75
2460 76
2460 76
2460 77
2460 77
2460 77
2460 76
2460 77
2460 77
2460 76
2460 76
2460 75
2460 75
2460 76
2460 77
2460 76
2460 77
2460 76
2460 77
2460 76
2460 78
2460 77
2460 77
2460 76
2460 77
2460 78
2460 77
2460 76
2460 78
2460 77
2460 77
2460 76
2460 77
2460 77
2460 77
2460 77
2460 78
2460 77
2460 77
2460 77
2460 77
2460 78
2460 78
2460 77
2460 77
2460 75
2460 76
2460 76
2460 77
2460 75
2460 76
2460 77
2460 76
2460 77
2460 78
2460 76
2460 77
2460 76
2460 75
2460 77
2460 77
2460 75
2460 75
2460 76
2460 77
2460 77
2460 78
2460 76
2460 77
2460 77
2460 78
2460 76
2460 77
2460 78
2460 77
2460 75
2460 77
2460 77
2460 77
2460 77
2460 77
2460 77
2460 76
2460 78
2460 77
2460 78
2460 75
2460 77
2460 76
2460 77
2460 77
2460 78
2460 75
2460 77
2460 76
2460 76
2460 77
2465 74
2465 75
2465 74
2465 74
2465 75
2465 74
2465 75
2465 75
2465 75
2465 75
2465 74
2465 74
2465 74
2465 75
2465 74
2465 74
2465 74
2465 75
2465 75
2465 75
2465 74
2465 75
2465 74
2465 74
2465 74
2465 75
2465 74
2465 75
2465 75
2465 75
2465 74
2465 74
2465 74
2465 75
2465 74
2465 75
2465 74
2465 75
2465 75
2465 74
2465 74
2465 74
2465 75
2465 75
2465 75
2465 74
2465 74
2465 74
2465 74
2465 74
2465 75
2465 74
2465 75
2465 75
2465 74
2465 75
2465 74
2465 74
2465 75
2465 75
2465 75
2465 74
2465 74
2465 74
2465 75
2465 75
2465 75
2465 75
2465 75
2465 75
2465 74
2465 74
2465 74
2465 75
2465 74
2465 74
2465 74
2465 74
2465 74
2465 75
2465 74
2465 74
2465 74
2465 74
2465 74
2465 75
2465 75
2465 74
2465 74
2465 74
2465 75
2465 74
2465 74
2465 75
2465 75
2465 75
2465 75
2465 74
2465 75
2465 75
2470 73
2470 73
2470 74
2470 74
2470 74
2470 74
2470 73
2470 73
2470 74
2470 73
2470 74
2470 74
2470 73
2470 73
2470 74
2470 74
2470 73
2470 73
2470 74
2470 74
2470 73
2470 73
2470 74
2470 74
2470 73
2470 73
2470 73
2470 74
2470 74
2470 74
2470 73
2470 74
2470 73
2470 74
2470 73
2470 74
2470 74
2470 73
2470 74
2470 73
2470 73
2470 73
2470 73
2470 73
2470 73
2470 74
2470 73
2470 73
2470 73
2470 73
2470 74
2470 74
2470 74
2470 73
2470 74
2470 73
2470 74
2470 74
2470 73
2470 73
2470 73
2470 74
2470 74
2470 73
2470 74
2470 74
2470 72
2470 74
2470 74
2470 73
2470 74
2470 74
2470 73
2470 74
2470 73
2470 74
2470 73
2470 73
2470 73
2470 74
2470 74
2470 72
2470 74
2470 73
2470 73
2470 74
2470 73
2470 73
2470 74
2470 74
2470 74
2470 73
2470 73
2470 73
2470 73
2470 74
2470 73
2470 73
2470 74
2470 74
2475 71
2475 71
2475 71
2475 71
2475 71
2475 71
2475 71
2475 71
2475 71
2475 71
2475 71
2475 71
2475 71
2475 71
2475 71
2475 71
2475 71
2475 71
2475 71
2475 71
2475 71
2475 71
2475 71
2475 71
2475 71
2475 71
2475 71
2475 71
2475 71
2475 71
2475 71
2475 71
2475 71
2475 72
2475 71
2475 71
2475 71
2475 71
2475 71
2475 71
2475 71
2475 73
2475 71
2475 71
2475 71
2475 71
2475 71
2475 71
2475 71
2475 71
2475 71
2475 71
2475 71
2475 71
2475 71
2475 72
2475 71
2475 71
2475 70
2475 71
2475 71
2475 71
2475 71
2475 71
2475 71
2475 71
2475 71
2475 71
2475 71
2475 71
2475 71
2475 71
2475 71
2475 70
2475 71
2475 71
2475 71
2475 71
2475 71
2475 71
2475 71
2475 71
2475 71
2475 71
2475 71
2475 71
2475 71
2475 71
2475 71
2475 71
2475 71
2475 71
2475 71
2475 71
2475 71
2475 71
2475 71
2475 71
2475 71
2480 69
2480 69
2480 67
2480 69
2480 69
2480 69
2480 67
2480 67
2480 69
2480 71
2480 69
2480 67
2480 69
2480 69
2480 69
2480 69
2480 69
2480 70
2480 69
2480 67
2480 67
2480 70
2480 67
2480 67
2480 67
2480 67
2480 69
2480 69
2480 69
2480 67
2480 69
2480 69
2480 67
2480 69
2480 69
2480 67
2480 67
2480 69
2480 67
2480 69
2480 69
2480 69
2480 69
2480 69
2480 69
2480 67
2480 69
2480 69
2480 69
2480 69
2480 69
2480 70
2480 69
2480 69
2480 69
2480 69
2480 67
2480 69
2480 67
2480 70
2480 67
2480 67
2480 70
2480 69
2480 69
2480 69
2480 69
2480 67
2480 69
2480 67
2480 69
2480 69
2480 69
2480 67
2480 69
2480 69
2480 67
2480 69
2480 67
2480 67
2480 67
2480 67
2480 69
2480 69
2480 69
2480 69
2480 67
2480 69
2480 67
2480 69
2480 69
2480 69
2480 68
2480 67
2480 69
2480 67
2480 67
2480 67
2480 71
2480 69
2485 67
2485 66
2485 66
2485 66
2485 67
2485 67
2485 67
2485 67
2485 66
2485 67
2485 66
2485 67
2485 66
2485 67
2485 67
2485 66
2485 67
2485 66
2485 66
2485 66
2485 66
2485 66
2485 67
2485 66
2485 66
2485 67
2485 66
2485 66
2485 66
2485 67
2485 65
2485 66
2485 66
2485 66
2485 67
2485 67
2485 67
2485 66
2485 67
2485 67
2485 67
2485 66
2485 66
2485 67
2485 67
2485 66
2485 66
2485 67
2485 65
2485 65
2485 67
2485 66
2485 66
2485 66
2485 67
2485 66
2485 67
2485 67
2485 67
2485 67
2485 66
2485 66
2485 66
2485 65
2485 66
2485 66
2485 67
2485 67
2485 67
2485 67
2485 66
2485 66
2485 67
2485 67
2485 66
2485 67
2485 67
2485 66
2485 66
2485 67
2485 66
2485 67
2485 67
2485 66
2485 66
2485 67
2485 67
2485 67
2485 67
2485 67
2485 67
2485 67
2485 67
2485 66
2485 67
2485 67
2485 66
2485 67
2485 66
2485 67
2490 64
2490 64
2490 64
2490 64
2490 64
2490 64
2490 64
2490 64
2490 64
2490 64
2490 64
2490 64
2490 64
2490 65
2490 66
2490 64
2490 64
2490 64
2490 66
2490 64
2490 64
2490 64
2490 64
2490 64
2490 64
2490 64
2490 64
2490 64
2490 64
2490 64
2490 64
2490 64
2490 64
2490 64
2490 64
2490 64
2490 63
2490 65
2490 64
2490 64
2490 64
2490 63
2490 64
2490 64
2490 64
2490 63
2490 64
2490 64
2490 64
2490 64
2490 64
2490 64
2490 64
2490 64
2490 64
2490 63
2490 64
2490 64
2490 63
2490 64
2490 64
2490 64
2490 65
2490 65
2490 64
2490 63
2490 64
2490 64
2490 64
2490 64
2490 66
2490 64
2490 64
2490 65
2490 64
2490 64
2490 64
2490 65
2490 64
2490 64
2490 64
2490 64
2490 64
2490 64
2490 64
2490 64
2490 64
2490 64
2490 64
2490 65
2490 64
2490 64
2490 64
2490 63
2490 64
2490 64
2490 64
2490 65
2490 64
2490 64
2495 63
2495 62
2495 63
2495 63
2495 63
2495 63
2495 63
2495 62
2495 62
2495 63
2495 62
2495 63
2495 63
2495 62
2495 63
2495 63
2495 63
2495 62
2495 63
2495 62
2495 63
2495 62
2495 62
2495 62
2495 62
2495 62
2495 62
2495 63
2495 63
2495 63
2495 62
2495 62
2495 63
2495 62
2495 62
2495 62
2495 63
2495 62
2495 62
2495 63
2495 62
2495 62
2495 63
2495 62
2495 62
2495 62
2495 63
2495 62
2495 63
2495 62
2495 63
2495 63
2495 62
2495 62
2495 63
2495 63
2495 63
2495 62
2495 62
2495 62
2495 63
2495 63
2495 63
2495 62
2495 62
2495 62
2495 62
2495 62
2495 62
2495 63
2495 63
2495 63
2495 63
2495 63
2495 63
2495 62
2495 63
2495 62
2495 62
2495 62
2495 63
2495 62
2495 63
2495 63
2495 63
2495 62
2495 62
2495 63
2495 63
2495 63
2495 62
2495 62
2495 63
2495 63
2495 63
2495 62
2495 63
2495 62
2495 63
2500 61
2500 60
2500 61
2500 60
2500 61
2500 60
2500 60
2500 62
2500 61
2500 61
2500 60
2500 61
2500 61
2500 61
2500 60
2500 61
2500 61
2500 60
2500 60
2500 62
2500 60
2500 60
2500 60
2500 61
2500 60
2500 61
2500 61
2500 60
2500 60
2500 61
2500 61
2500 60
2500 60
2500 61
2500 60
2500 61
2500 60
2500 61
2500 61
2500 61
2500 60
2500 60
2500 60
2500 60
2500 60
2500 60
2500 61
2500 61
2500 61
2500 62
2500 60
2500 60
2500 60
2500 61
2500 60
2500 61
2500 61
2500 60
2500 60
2500 60
2500 62
2500 62
2500 61
2500 60
2500 62
2500 60
2500 61
2500 61
2500 61
2500 61
2500 60
2500 60
2500 61
2500 61
2500 60
2500 60
2500 60
2500 60
2500 61
2500 61
2500 61
2500 61
2500 60
2500 60
2500 62
2500 60
2500 60
2500 61
2500 60
2500 61
2500 60
2500 61
2500 61
2500 62
2500 61
2500 60
2500 61
2500 61
2500 60
2500 61
2505 59
2505 59
2505 59
2505 59
2505 59
2505 59
2505 58
2505 59
2505 59
2505 59
2505 59
2505 59
2505 60
2505 59
2505 59
2505 59
2505 58
2505 59
2505 58
2505 59
2505 59
2505 60
2505 59
2505 58
2505 59
2505 59
2505 59
2505 60
2505 59
2505 59
2505 60
2505 58
2505 59
2505 59
2505 58
2505 60
2505 59
2505 59
2505 59
2505 60
2505 59
2505 58
2505 59
2505 58
2505 59
2505 60
2505 59
2505 60
2505 59
2505 59
2505 59
2505 58
2505 59
2505 59
2505 58
2505 60
2505 59
2505 59
2505 60
2505 58
2505 59
2505 58
2505 58
2505 59
2505 59
2505 59
2505 58
2505 60
2505 59
2505 59
2505 59
2505 59
2505 58
2505 60
2505 59
2505 59
2505 59
2505 59
2505 58
2505 59
2505 58
2505 59
2505 59
2505 60
2505 59
2505 59
2505 58
2505 59
2505 60
2505 58
2505 59
2505 60
2505 59
2505 59
2505 58
2505 59
2505 59
2505 60
2505 60
2505 57
2510 57
2510 57
2510 57
2510 58
2510 56
2510 56
2510 57
2510 57
2510 57
2510 56
2510 57
2510 57
2510 57
2510 57
2510 57
2510 57
2510 57
2510 56
2510 56
2510 57
2510 56
2510 57
2510 56
2510 57
2510 56
2510 57
2510 56
2510 56
2510 57
2510 57
2510 56
2510 57
2510 57
2510 56
2510 56
2510 57
2510 57
2510 56
2510 57
2510 58
2510 57
2510 57
2510 57
2510 57
2510 57
2510 58
2510 58
2510 56
2510 57
2510 57
2510 57
2510 57
2510 56
2510 57
2510 56
2510 56
2510 56
2510 56
2510 57
2510 56
2510 56
2510 57
2510 57
2510 58
2510 57
2510 56
2510 57
2510 57
2510 57
2510 57
2510 56
2510 57
2510 57
2510 57
2510 57
2510 56
2510 57
2510 57
2510 57
2510 57
2510 57
2510 57
2510 56
2510 57
2510 57
2510 56
2510 57
2510 57
2510 56
2510 57
2510 56
2510 56
2510 57
2510 57
2510 58
2510 57
2510 57
2510 57
2510 56
2510 58
2515 55
2515 55
2515 55
2515 55
2515 55
2515 54
2515 55
2515 55
2515 55
2515 55
2515 55
2515 55
2515 55
2515 56
2515 56
2515 55
2515 55
2515 55
2515 54
2515 55
2515 54
2515 56
2515 55
2515 55
2515 55
2515 55
2515 55
2515 56
2515 54
2515 55
2515 55
2515 55
2515 55
2515 54
2515 55
2515 54
2515 55
2515 54
2515 55
2515 55
2515 55
2515 54
2515 55
2515 54
2515 55
2515 55
2515 55
2515 56
2515 55
2515 55
2515 55
2515 56
2515 55
2515 55
2515 56
2515 55
2515 54
2515 56
2515 55
2515 55
2515 54
2515 55
2515 55
2515 55
2515 56
2515 54
2515 55
2515 55
2515 55
2515 54
2515 55
2515 55
2515 55
2515 55
2515 55
2515 54
2515 55
2515 55
2515 55
2515 54
2515 55
2515 55
2515 55
2515 55
2515 55
2515 56
2515 54
2515 56
2515 55
2515 55
2515 55
2515 55
2515 55
2515 55
2515 55
2515 55
2515 55
2515 55
2515 54
2515 55
2520 53
2520 53
2520 53
2520 52
2520 52
2520 53
2520 52
2520 52
2520 53
2520 53
2520 52
2520 53
2520 52
2520 53
2520 53
2520 53
2520 53
2520 52
2520 52
2520 52
2520 52
2520 53
2520 53
2520 53
2520 52
2520 53
2520 52
2520 53
2520 52
2520 53
2520 53
2520 53
2520 52
2520 52
2520 52
2520 53
2520 52
2520 52
2520 52
2520 52
2520 53
2520 52
2520 53
2520 52
2520 52
2520 52
2520 52
2520 53
2520 53
2520 52
2520 52
2520 53
2520 53
2520 53
2520 53
2520 52
2520 52
2520 52
2520 52
2520 53
2520 52
2520 53
2520 53
2520 52
2520 53
2520 52
2520 53
2520 53
2520 53
2520 53
2520 52
2520 53
2520 52
2520 53
2520 53
2520 53
2520 53
2520 52
2520 52
2520 52
2520 53
2520 53
2520 52
2520 53
2520 52
2520 52
2520 52
2520 53
2520 53
2520 53
2520 53
2520 52
2520 53
2520 52
2520 52
2520 53
2520 52
2520 53
2520 53
2520 53
2525 50
2525 52
2525 50
2525 51
2525 51
2525 51
2525 51
2525 51
2525 50
2525 52
2525 51
2525 50
2525 50
2525 52
2525 50
2525 51
2525 50
2525 50
2525 50
2525 51
2525 49
2525 50
2525 51
2525 51
2525 50
2525 50
2525 50
2525 51
2525 51
2525 51
2525 51
2525 50
2525 51
2525 50
2525 51
2525 51
2525 50
2525 51
2525 51
2525 51
2525 51
2525 50
2525 52
2525 51
2525 52
2525 50
2525 51
2525 50
2525 51
2525 52
2525 52
2525 51
2525 50
2525 50
2525 51
2525 51
2525 51
2525 50
2525 50
2525 50
2525 50
2525 50
2525 52
2525 50
2525 52
2525 51
2525 50
2525 50
2525 50
2525 51
2525 50
2525 50
2525 51
2525 50
2525 50
2525 50
2525 50
2525 51
2525 51
2525 50
2525 50
2525 51
2525 50
2525 51
2525 51
2525 50
2525 50
2525 50
2525 51
2525 50
2525 50
2525 50
2525 51
2525 51
2525 50
2525 50
2525 51
2525 51
2525 51
2525 50
2530 49
2530 49
2530 48
2530 48
2530 48
2530 48
2530 49
2530 49
2530 49
2530 48
2530 49
2530 48
2530 48
2530 48
2530 48
2530 48
2530 48
2530 49
2530 49
2530 49
2530 48
2530 49
2530 49
2530 49
2530 49
2530 49
2530 49
2530 49
2530 49
2530 49
2530 49
2530 49
2530 49
2530 49
2530 49
2530 49
2530 49
2530 49
2530 49
2530 49
2530 49
2530 49
2530 48
2530 48
2530 48
2530 48
2530 49
2530 49
2530 48
2530 49
2530 49
2530 48
2530 49
2530 48
2530 49
2530 49
2530 48
2530 49
2530 49
2530 49
2530 49
2530 49
2530 49
2530 48
2530 49
2530 49
2530 49
2530 48
2530 49
2530 49
2530 48
2530 49
2530 49
2530 49
2530 48
2530 49
2530 48
2530 49
2530 49
2530 49
2530 48
2530 49
2530 48
2530 49
2530 48
2530 49
2530 49
2530 48
2530 49
2530 49
2530 49
2530 49
2530 49
2530 49
2530 49
2530 48
2530 49
2530 49
2530 49
2530 49
2535 47
2535 47
2535 47
2535 47
2535 47
2535 47
2535 47
2535 46
2535 47
2535 47
2535 47
2535 47
2535 47
2535 47
2535 47
2535 47
2535 47
2535 47
2535 46
2535 47
2535 46
2535 47
2535 47
2535 47
2535 47
2535 47
2535 47
2535 47
2535 47
2535 47
2535 47
2535 46
2535 47
2535 47
2535 47
2535 47
2535 47
2535 47
2535 47
2535 46
2535 46
2535 47
2535 46
2535 47
2535 47
2535 47
2535 47
2535 47
2535 47
2535 47
2535 47
2535 47
2535 47
2535 47
2535 46
2535 47
2535 47
2535 47
2535 47
2535 47
2535 47
2535 46
2535 47
2535 47
2535 47
2535 47
2535 46
2535 47
2535 46
2535 48
2535 46
2535 47
2535 47
2535 47
2535 47
2535 47
2535 47
2535 48
2535 47
2535 47
2535 47
2535 47
2535 46
2535 47
2535 47
2535 47
2535 46
2535 47
2535 47
2535 47
2535 47
2535 47
2535 46
2535 46
2535 46
2535 47
2535 46
2535 48
2535 47
2535 47
2540 43
2540 45
2540 44
2540 43
2540 44
2540 43
2540 43
2540 43
2540 43
2540 43
2540 43
2540 43
2540 44
2540 43
2540 43
2540 45
2540 43
2540 43
2540 44
2540 44
2540 43
2540 43
2540 43
2540 43
2540 43
2540 43
2540 43
2540 44
2540 43
2540 43
2540 43
2540 43
2540 43
2540 43
2540 43
2540 43
2540 44
2540 43
2540 45
2540 43
2540 43
2540 43
2540 43
2540 43
2540 43
2540 45
2540 43
2540 43
2540 44
2540 43
2540 43
2540 43
2540 43
2540 45
2540 43
2540 43
2540 45
2540 43
2540 43
2540 43
2540 43
2540 43
2540 43
2540 45
2540 43
2540 43
2540 43
2540 43
2540 44
2540 43
2540 43
2540 43
2540 43
2540 43
2540 42
2540 43
2540 44
2540 44
2540 44
2540 44
2540 43
2540 43
2540 43
2540 43
2540 43
2540 43
2540 44
2540 43
2540 43
2540 43
2540 43
2540 43
2540 43
2540 43
2540 43
2540 43
2540 45
2540 43
2540 43
2540 44
2545 42
2545 42
2545 42
2545 42
2545 42
2545 42
2545 42
2545 42
2545 42
2545 42
2545 42
2545 42
2545 42
2545 41
2545 42
2545 41
2545 42
2545 42
2545 42
2545 41
2545 42
2545 42
2545 42
2545 42
2545 42
2545 42
2545 42
2545 42
2545 42
2545 42
2545 42
2545 42
2545 42
2545 42
2545 42
2545 42
2545 42
2545 42
2545 42
2545 42
2545 42
2545 42
2545 42
2545 42
2545 42
2545 42
2545 42
2545 42
2545 42
2545 42
2545 42
2545 42
2545 42
2545 42
2545 42
2545 42
2545 42
2545 41
2545 42
2545 42
2545 42
2545 42
2545 42
2545 42
2545 42
2545 42
2545 42
2545 41
2545 42
2545 42
2545 42
2545 42
2545 42
2545 42
2545 42
2545 42
2545 42
2545 42
2545 42
2545 42
2545 42
2545 42
2545 42
2545 42
2545 42
2545 42
2545 42
2545 42
2545 42
2545 42
2545 42
2545 42
2545 42
2545 42
2545 42
2545 42
2545 42
2545 42
2545 42
2550 39
2550 41
2550 40
2550 39
2550 39
2550 39
2550 41
2550 40
2550 39
2550 41
2550 40
2550 40
2550 40
2550 41
2550 39
2550 41
2550 41
2550 39
2550 39
2550 41
2550 39
2550 40
2550 39
2550 40
2550 40
2550 40
2550 40
2550 41
2550 41
2550 40
2550 39
2550 40
2550 41
2550 40
2550 41
2550 39
2550 39
2550 39
2550 41
2550 39
2550 39
2550 39
2550 39
2550 39
2550 39
2550 40
2550 39
2550 41
2550 41
2550 41
2550 41
2550 41
2550 39
2550 40
2550 40
2550 41
2550 41
2550 41
2550 41
2550 39
2550 39
2550 41
2550 40
2550 41
2550 39
2550 39
2550 39
2550 41
2550 41
2550 39
2550 41
2550 39
2550 40
2550 40
2550 40
2550 41
2550 39
2550 39
2550 40
2550 40
2550 39
2550 41
2550 41
2550 40
2550 39
2550 39
2550 39
2550 39
2550 41
2550 39
2550 41
2550 40
2550 41
2550 41
2550 39
2550 41
2550 40
2550 41
2550 41
2550 40
2555 38
2555 39
2555 39
2555 38
2555 38
2555 38
2555 38
2555 38
2555 38
2555 39
2555 38
2555 38
2555 39
2555 38
2555 38
2555 39
2555 38
2555 39
2555 39
2555 38
2555 38
2555 38
2555 38
2555 38
2555 39
2555 38
2555 38
2555 38
2555 38
2555 38
2555 38
2555 39
2555 38
2555 38
2555 38
2555 39
2555 38
2555 39
2555 39
2555 38
2555 38
2555 39
2555 38
2555 38
2555 38
2555 38
2555 37
2555 38
2555 38
2555 38
2555 38
2555 38
2555 38
2555 38
2555 39
2555 38
2555 39
2555 38
2555 38
2555 38
2555 38
2555 39
2555 39
2555 37
2555 39
2555 38
2555 39
2555 38
2555 39
2555 38
2555 38
2555 38
2555 39
2555 38
2555 38
2555 38
2555 38
2555 38
2555 39
2555 39
2555 39
2555 39
2555 38
2555 39
2555 38
2555 38
2555 38
2555 38
2555 38
2555 38
2555 38
2555 38
2555 38
2555 38
2555 38
2555 37
2555 38
2555 38
2555 39
2560 35
2560 35
2560 35
2560 35
2560 37
2560 35
2560 37
2560 35
2560 35
2560 35
2560 35
2560 35
2560 35
2560 35
2560 35
2560 35
2560 35
2560 35
2560 35
2560 35
2560 35
2560 37
2560 37
2560 37
2560 35
2560 35
2560 35
2560 37
2560 35
2560 35
2560 35
2560 37
2560 37
2560 35
2560 35
2560 35
2560 35
2560 35
2560 35
2560 35
2560 37
2560 35
2560 35
2560 35
2560 37
2560 35
2560 35
2560 35
2560 35
2560 35
2560 35
2560 35
2560 35
2560 35
2560 35
2560 35
2560 35
2560 35
2560 35
2560 35
2560 37
2560 35
2560 35
2560 37
2560 37
2560 35
2560 35
2560 35
2560 35
2560 35
2560 35
2560 35
2560 37
2560 35
2560 35
2560 35
2560 35
2560 35
2560 35
2560 37
2560 35
2560 37
2560 37
2560 35
2560 37
2560 35
2560 37
2560 35
2560 35
2560 35
2560 37
2560 35
2560 35
2560 35
2560 35
2560 35
2560 37
2560 35
2560 35
2565 34
2565 34
2565 33
2565 33
2565 34
2565 34
2565 34
2565 34
2565 34
2565 33
2565 34
2565 32
2565 34
2565 34
2565 33
2565 34
2565 34
2565 34
2565 34
2565 34
2565 34
2565 33
2565 33
2565 34
2565 32
2565 33
2565 34
2565 34
2565 35
2565 33
2565 34
2565 34
2565 33
2565 34
2565 34
2565 34
2565 34
2565 33
2565 34
2565 32
2565 34
2565 34
2565 34
2565 33
2565 34
2565 34
2565 34
2565 34
2565 33
2565 33
2565 33
2565 32
2565 33
2565 35
2565 33
2565 34
2565 33
2565 32
2565 33
2565 34
2565 35
2565 34
2565 34
2565 34
2565 32
2565 34
2565 34
2565 34
2565 32
2565 32
2565 34
2565 35
2565 35
2565 34
2565 34
2565 34
2565 34
2565 34
2565 33
2565 34
2565 34
2565 33
2565 33
2565 33
2565 33
2565 33
2565 34
2565 34
2565 34
2565 34
2565 34
2565 33
2565 33
2565 32
2565 34
2565 34
2565 33
2565 34
2565 34
2565 33
2570 32
2570 31
2570 31
2570 32
2570 31
2570 31
2570 31
2570 31
2570 31
2570 32
2570 31
2570 31
2570 31
2570 32
2570 32
2570 32
2570 32
2570 31
2570 31
2570 32
2570 31
2570 31
2570 31
2570 32
2570 31
2570 31
2570 32
2570 32
2570 32
2570 31
2570 32
2570 32
2570 31
2570 32
2570 31
2570 32
2570 31
2570 32
2570 31
2570 31
2570 32
2570 31
2570 31
2570 31
2570 31
2570 31
2570 31
2570 32
2570 32
2570 31
2570 32
2570 31
2570 32
2570 32
2570 31
2570 32
2570 31
2570 32
2570 32
2570 31
2570 31
2570 31
2570 32
2570 31
2570 32
2570 32
2570 32
2570 32
2570 31
2570 31
2570 31
2570 31
2570 32
2570 32
2570 31
2570 32
2570 32
2570 32
2570 31
2570 31
2570 32
2570 32
2570 32
2570 31
2570 31
2570 31
2570 32
2570 31
2570 32
2570 31
2570 31
2570 32
2570 32
2570 32
2570 31
2570 31
2570 31
2570 32
2570 32
2570 31
2575 30
2575 30
2575 30
2575 30
2575 31
2575 30
2575 30
2575 30
2575 30
2575 30
2575 30
2575 30
2575 30
2575 29
2575 30
2575 30
2575 30
2575 30
2575 30
2575 30
2575 30
2575 30
2575 30
2575 30
2575 30
2575 30
2575 30
2575 30
2575 30
2575 30
2575 31
2575 30
2575 30
2575 30
2575 31
2575 30
2575 30
2575 30
2575 30
2575 30
2575 30
2575 30
2575 30
2575 30
2575 30
2575 31
2575 30
2575 30
2575 30
2575 30
2575 30
2575 30
2575 30
2575 30
2575 30
2575 30
2575 31
2575 30
2575 30
2575 30
2575 30
2575 30
2575 30
2575 30
2575 30
2575 30
2575 30
2575 31
2575 30
2575 30
2575 30
2575 30
2575 30
2575 30
2575 30
2575 30
2575 30
2575 30
2575 30
2575 30
2575 30
2575 30
2575 30
2575 30
2575 30
2575 30
2575 30
2575 30
2575 30
2575 30
2575 30
2575 30
2575 30
2575 30
2575 30
2575 30
2575 30
2575 30
2575 30
2575 30
2580 28
2580 28
2580 27
2580 27
2580 28
2580 27
2580 28
2580 28
2580 28
2580 28
2580 28
2580 28
2580 27
2580 28
2580 27
2580 28
2580 27
2580 28
2580 27
2580 28
2580 28
2580 28
2580 28
2580 28
2580 28
2580 28
2580 27
2580 27
2580 27
2580 28
2580 28
2580 28
2580 28
2580 28
2580 28
2580 28
2580 28
2580 28
2580 28
2580 28
2580 28
2580 28
2580 27
2580 28
2580 28
2580 27
2580 28
2580 28
2580 26
2580 28
2580 28
2580 27
2580 28
2580 26
2580 27
2580 28
2580 27
2580 28
2580 28
2580 27
2580 28
2580 28
2580 28
2580 28
2580 28
2580 28
2580 28
2580 28
2580 28
2580 28
2580 28
2580 27
2580 28
2580 27
2580 28
2580 28
2580 28
2580 28
2580 27
2580 27
2580 27
2580 28
2580 28
2580 28
2580 28
2580 28
2580 28
2580 28
2580 28
2580 28
2580 28
2580 28
2580 26
2580 27
2580 28
2580 28
2580 28
2580 27
2580 28
2580 28
2585 25
2585 25
2585 25
2585 26
2585 26
2585 26
2585 25
2585 25
2585 24
2585 25
2585 25
2585 26
2585 25
2585 25
2585 25
2585 26
2585 26
2585 25
2585 25
2585 26
2585 25
2585 26
2585 25
2585 25
2585 26
2585 26
2585 25
2585 25
2585 25
2585 25
2585 26
2585 25
2585 26
2585 26
2585 25
2585 25
2585 25
2585 25
2585 25
2585 25
2585 25
2585 25
2585 25
2585 25
2585 25
2585 25
2585 25
2585 25
2585 25
2585 25
2585 26
2585 25
2585 26
2585 25
2585 25
2585 25
2585 24
2585 24
2585 26
2585 24
2585 26
2585 25
2585 25
2585 25
2585 25
2585 25
2585 26
2585 26
2585 26
2585 24
2585 26
2585 25
2585 25
2585 26
2585 25
2585 24
2585 25
2585 26
2585 25
2585 25
2585 26
2585 26
2585 25
2585 25
2585 25
2585 25
2585 25
2585 26
2585 25
2585 25
2585 26
2585 25
2585 26
2585 25
2585 25
2585 25
2585 26
2585 25
2585 25
2585 26
2590 24
2590 24
2590 24
2590 24
2590 23
2590 24
2590 24
2590 23
2590 24
2590 24
2590 23
2590 24
2590 24
2590 22
2590 24
2590 24
2590 24
2590 22
2590 24
2590 23
2590 24
2590 23
2590 23
2590 24
2590 24
2590 23
2590 23
2590 23
2590 23
2590 24
2590 24
2590 23
2590 24
2590 23
2590 24
2590 23
2590 24
2590 24
2590 24
2590 24
2590 24
2590 24
2590 24
2590 24
2590 24
2590 24
2590 23
2590 24
2590 22
2590 24
2590 24
2590 23
2590 24
2590 23
2590 24
2590 24
2590 24
2590 23
2590 24
2590 24
2590 23
2590 23
2590 24
2590 24
2590 24
2590 23
2590 24
2590 24
2590 24
2590 23
2590 23
2590 24
2590 24
2590 24
2590 23
2590 24
2590 23
2590 24
2590 24
2590 23
2590 24
2590 23
2590 24
2590 24
2590 24
2590 23
2590 23
2590 23
2590 24
2590 24
2590 23
2590 23
2590 24
2590 24
2590 24
2590 23
2590 24
2590 24
2590 24
2595 21
2595 22
2595 21
2595 22
2595 22
2595 21
2595 22
2595 21
2595 21
2595 21
2595 22
2595 21
2595 22
2595 22
2595 22
2595 21
2595 21
2595 21
2595 21
2595 21
2595 21
2595 21
2595 22
2595 21
2595 21
2595 23
2595 22
2595 21
2595 22
2595 21
2595 22
2595 21
2595 22
2595 21
2595 22
2595 22
2595 22
2595 21
2595 22
2595 22
2595 22
2595 21
2595 22
2595 21
2595 21
2595 21
2595 22
2595 21
2595 22
2595 21
2595 22
2595 21
2595 22
2595 21
2595 22
2595 21
2595 22
2595 21
2595 22
2595 21
2595 21
2595 22
2595 22
2595 21
2595 21
2595 21
2595 22
2595 21
2595 21
2595 21
2595 21
2595 21
2595 22
2595 22
2595 21
2595 20
2595 22
2595 21
2595 21
2595 21
2595 21
2595 21
2595 21
2595 22
2595 22
2595 22
2595 22
2595 21
2595 21
2595 21
2595 21
2595 22
2595 21
2595 21
2595 22
2595 22
2595 22
2595 21
2595 22
2595 21
2600 19
2600 20
2600 20
2600 19
2600 18
2600 20
2600 20
2600 19
2600 18
2600 19
2600 19
2600 20
2600 19
2600 19
2600 19
2600 19
2600 19
2600 19
2600 19
2600 19
2600 18
2600 19
2600 19
2600 20
2600 18
2600 19
2600 19
2600 19
2600 19
2600 18
2600 19
2600 18
2600 19
2600 19
2600 19
2600 19
2600 20
2600 20
2600 19
2600 19
2600 18
2600 18
2600 20
2600 19
2600 20
2600 19
2600 20
2600 19
2600 18
2600 19
2600 20
2600 19
2600 19
2600 19
2600 18
2600 17
2600 19
2600 18
2600 20
2600 18
2600 19
2600 18
2600 19
2600 18
2600 18
2600 18
2600 20
2600 18
2600 18
2600 20
2600 19
2600 19
2600 19
2600 18
2600 20
2600 19
2600 19
2600 19
2600 19
2600 19
2600 19
2600 19
2600 18
2600 19
2600 20
2600 19
2600 20
2600 18
2600 18
2600 19
2600 19
2600 18
2600 19
2600 18
2600 20
2600 19
2600 18
2600 20
2600 19
2600 19
2605 17
2605 17
2605 16
2605 17
2605 17
2605 17
2605 16
2605 17
2605 16
2605 16
2605 17
2605 16
2605 17
2605 16
2605 17
2605 17
2605 17
2605 17
2605 17
2605 17
2605 17
2605 17
2605 18
2605 16
2605 16
2605 17
2605 16
2605 17
2605 16
2605 17
2605 16
2605 17
2605 16
2605 16
2605 17
2605 16
2605 16
2605 17
2605 17
2605 17
2605 17
2605 17
2605 17
2605 17
2605 17
2605 17
2605 17
2605 17
2605 17
2605 17
2605 17
2605 16
2605 17
2605 17
2605 17
2605 17
2605 17
2605 16
2605 17
2605 17
2605 17
2605 17
2605 17
2605 17
2605 16
2605 16
2605 16
2605 17
2605 16
2605 16
2605 17
2605 17
2605 16
2605 16
2605 16
2605 16
2605 17
2605 17
2605 17
2605 16
2605 17
2605 17
2605 17
2605 16
2605 16
2605 17
2605 17
2605 17
2605 17
2605 17
2605 17
2605 16
2605 16
2605 17
2605 17
2605 16
2605 17
2605 17
2605 17
2605 17
2610 14
2610 15
2610 14
2610 15
2610 15
2610 15
2610 15
2610 15
2610 14
2610 15
2610 15
2610 15
2610 15
2610 15
2610 15
2610 15
2610 15
2610 16
2610 14
2610 15
2610 14
2610 15
2610 15
2610 14
2610 15
2610 15
2610 14
2610 14
2610 15
2610 15
2610 15
2610 15
2610 15
2610 15
2610 15
2610 14
2610 15
2610 15
2610 15
2610 15
2610 15
2610 15
2610 15
2610 14
2610 15
2610 14
2610 15
2610 15
2610 15
2610 15
2610 15
2610 15
2610 15
2610 15
2610 15
2610 15
2610 15
2610 14
2610 15
2610 15
2610 15
2610 15
2610 14
2610 14
2610 15
2610 15
2610 15
2610 14
2610 14
2610 15
2610 14
2610 15
2610 15
2610 15
2610 15
2610 15
2610 15
2610 15
2610 15
2610 14
2610 15
2610 15
2610 15
2610 14
2610 15
2610 15
2610 15
2610 14
2610 15
2610 16
2610 15
2610 15
2610 14
2610 15
2610 15
2610 15
2610 15
2610 15
2610 15
2615 13
2615 12
2615 11
2615 13
2615 11
2615 13
2615 13
2615 11
2615 11
2615 11
2615 12
2615 11
2615 12
2615 11
2615 11
2615 12
2615 13
2615 13
2615 13
2615 11
2615 11
2615 11
2615 11
2615 11
2615 11
2615 11
2615 11
2615 11
2615 13
2615 13
2615 12
2615 13
2615 11
2615 13
2615 13
2615 11
2615 11
2615 13
2615 12
2615 11
2615 13
2615 11
2615 11
2615 11
2615 11
2615 11
2615 12
2615 11
2615 11
2615 11
2615 11
2615 11
2615 11
2615 12
2615 11
2615 11
2615 12
2615 13
2615 13
2615 11
2615 13
2615 11
2615 13
2615 13
2615 13
2615 11
2615 13
2615 13
2615 11
2615 11
2615 11
2615 11
2615 13
2615 12
2615 11
2615 11
2615 13
2615 12
2615 11
2615 12
2615 11
2615 11
2615 11
2615 13
2615 11
2615 11
2615 11
2615 13
2615 11
2615 11
2615 11
2615 12
2615 13
2615 11
2615 11
2615 11
2615 13
2615 12
2615 12
2620 10
2620 9
2620 9
2620 10
2620 10
2620 9
2620 10
2620 10
2620 10
2620 10
2620 10
2620 9
2620 10
2620 10
2620 10
2620 10
2620 10
2620 10
2620 9
2620 10
2620 10
2620 9
2620 10
2620 10
2620 10
2620 10
2620 9
2620 10
2620 10
2620 10
2620 10
2620 10
2620 10
2620 9
2620 9
2620 10
2620 10
2620 10
2620 10
2620 9
2620 10
2620 10
2620 10
2620 10
2620 10
2620 9
2620 10
2620 10
2620 10
2620 10
2620 10
2620 10
2620 10
2620 9
2620 10
2620 10
2620 9
2620 10
2620 10
2620 9
2620 10
2620 10
2620 10
2620 10
2620 10
2620 10
2620 10
2620 10
2620 10
2620 10
2620 10
2620 10
2620 10
2620 10
2620 10
2620 10
2620 10
2620 9
2620 10
2620 10
2620 10
2620 10
2620 10
2620 10
2620 10
2620 10
2620 10
2620 10
2620 10
2620 10
2620 10
2620 9
2620 10
2620 10
2620 10
2620 10
2620 10
2620 10
2620 10
2620 10
2625 7
2625 7
2625 9
2625 7
2625 8
2625 8
2625 9
2625 9
2625 7
2625 7
2625 8
2625 9
2625 8
2625 7
2625 7
2625 7
2625 7
2625 9
2625 7
2625 7
2625 8
2625 7
2625 7
2625 9
2625 7
2625 8
2625 9
2625 7
2625 7
2625 7
2625 7
2625 7
2625 7
2625 7
2625 7
2625 7
2625 7
2625 7
2625 7
2625 7
2625 7
2625 8
2625 7
2625 7
2625 7
2625 8
2625 9
2625 7
2625 8
2625 9
2625 9
2625 8
2625 8
2625 7
2625 7
2625 7
2625 8
2625 8
2625 7
2625 9
2625 7
2625 7
2625 7
2625 7
2625 7
2625 7
2625 7
2625 8
2625 7
2625 7
2625 7
2625 7
2625 7
2625 7
2625 7
2625 7
2625 8
2625 7
2625 7
2625 7
2625 7
2625 7
2625 7
2625 7
2625 7
2625 8
2625 7
2625 8
2625 8
2625 7
2625 8
2625 7
2625 9
2625 7
2625 8
2625 7
2625 9
2625 8
2625 7
2630 7
2630 6
2630 6
2630 6
2630 6
2630 5
2630 6
2630 5
2630 7
2630 5
2630 6
2630 5
2630 6
2630 7
2630 6
2630 7
2630 6
2630 6
2630 5
2630 6
2630 6
2630 7
2630 5
2630 6
2630 6
2630 7
2630 6
2630 6
2630 6
2630 6
2630 6
2630 6
2630 5
2630 6
2630 6
2630 6
2630 6
2630 6
2630 6
2630 5
2630 6
2630 6
2630 6
2630 6
2630 6
2630 6
2630 6
2630 6
2630 6
2630 5
2630 6
2630 7
2630 6
2630 6
2630 6
2630 6
2630 6
2630 5
2630 6
2630 6
2630 6
2630 6
2630 6
2630 6
2630 6
2630 6
2630 6
2630 6
2630 6
2630 6
2630 6
2630 6
2630 6
2630 6
2630 6
2630 6
2630 5
2630 6
2630 6
2630 6
2630 6
2630 5
2630 6
2630 6
2630 6
2630 6
2630 7
2630 6
2630 6
2630 6
2630 6
2630 5
2630 5
2630 6
2630 6
2630 6
2630 6
2630 6
2630 6
2635 3
2635 3
2635 6
2635 3
2635 3
2635 3
2635 3
2635 3
2635 5
2635 3
2635 3
2635 3
2635 3
2635 3
2635 3
2635 3
2635 3
2635 3
2635 3
2635 3
2635 3
2635 3
2635 3
2635 14
2635 3
2635 3
2635 3
2635 3
2635 3
2635 5
2635 3
2635 3
2635 3
2635 5
2635 3
2635 3
2635 3
2635 3
2635 3
2635 3
2635 3
2635 3
2635 3
2635 3
2635 3
2635 3
2635 3
2635 3
2635 3
2635 6
2635 3
2635 3
2635 3
2635 3
2635 3
2635 3
2635 3
2635 3
2635 3
2635 3
2635 3
2635 3
2635 3
2635 3
2635 3
2635 3
2635 3
2635 3
2635 3
2635 3
2635 3
2635 3
2635 3
2635 3
2635 3
2635 5
2635 3
2635 3
2635 3
2635 3
2635 3
2635 3
2635 3
2635 3
2635 3
2635 5
2635 3
2635 5
2635 3
2635 3
2635 3
