TOA measurement vs Delay ---- Mon Jun 15 00:47:31 2020
Pixel = 9
config file = config/asic_config_B4.yml
NofIterations = 100
LSBest = 22.695064971418706
mean value = [  0.           0.           0.           0.           0.
   0.           0.           0.           0.           0.
   0.           0.           0.           0.           0.
   0.           0.           0.           0.           0.
   0.           0.           0.           0.           0.
   0.         124.64646465 122.41836735 119.92       117.96
 115.88       113.54       111.41       109.4040404  108.02
 105.89       103.04040404 100.62        98.91836735  96.71717172
  94.77        92.27        90.41        88.28        85.90816327
  83.71717172  81.74        80.11111111  77.51        75.50505051
  73.71        71.37        68.52        66.51515152  64.44
  63.3         60.13        58.09        56.37        54.74747475
  52.22        50.14141414  48.6         46.88        44.17171717
  42.26        40.34        37.75        35.29        32.92
  31.56        29.67        27.28        24.9         23.72
  21.5         18.3         16.62        15.07        12.83838384
  10.28         7.96         5.45454545   3.63855422   0.
   0.           0.           0.           0.           0.
   0.           0.           0.           0.           0.
   0.           0.           0.           0.           0.        ]
sigma = [0.         0.         0.         0.         0.         0.
 0.         0.         0.         0.         0.         0.
 0.         0.         0.         0.         0.         0.
 0.         0.         0.         0.         0.         0.
 0.         0.         0.84612165 0.93685103 0.42063444 0.67950963
 0.79305317 0.60969938 0.72472983 0.65202392 0.76350071 0.67914162
 0.80458524 0.61557561 0.6962993  0.7543196  0.64840831 0.74862095
 0.81561837 0.53379147 0.6876471  0.7408077  0.660101   0.56878195
 0.74379657 0.64351838 0.65515901 0.84642385 0.6579767  0.73152168
 0.65554049 0.59441848 0.64531646 0.9618905  0.56252407 0.8344651
 0.75824358 0.69826771 0.56862407 0.71339564 0.71301613 0.70408333
 0.81714952 0.71472605 0.69945217 0.81051424 0.57422411 0.8511365
 0.69637155 0.5228129  0.58731025 0.67330033 0.74386379 0.6472506
 0.63908789 0.66411741 0.66703323 0.89539563 0.79642798 0.85074944
 0.         0.         0.         0.         0.         0.
 0.         0.         0.         0.         0.         0.
 0.         0.         0.         0.        ]
Pulse delay   TOA 
2265 24
2270 23
2275 21
2280 18
2285 16
2290 15
2295 13
2325 126
2325 126
2325 126
2325 126
2325 126
2325 126
2325 126
2325 126
2325 125
2325 126
2325 126
2325 126
2325 125
2325 125
2325 126
2325 126
2325 126
2325 126
2325 126
2325 126
2325 126
2325 126
2325 126
2330 124
2330 125
2330 124
2330 125
2330 125
2330 125
2330 124
2330 124
2330 124
2330 124
2330 123
2330 126
2330 125
2330 125
2330 125
2330 125
2330 125
2330 124
2330 125
2330 123
2330 125
2330 125
2330 124
2330 124
2330 125
2330 125
2330 124
2330 124
2330 125
2330 124
2330 125
2330 126
2330 124
2330 124
2330 123
2330 124
2330 126
2330 126
2330 124
2330 125
2330 126
2330 125
2330 125
2330 124
2330 124
2330 123
2330 125
2330 125
2330 126
2330 125
2330 126
2330 124
2330 125
2330 125
2330 124
2330 124
2330 126
2330 123
2330 124
2330 124
2330 125
2330 125
2330 124
2330 125
2330 125
2330 125
2330 123
2330 124
2330 125
2330 125
2330 125
2330 124
2330 125
2330 126
2330 125
2330 126
2330 124
2330 126
2330 125
2330 125
2330 126
2330 125
2330 124
2330 125
2330 124
2330 125
2330 125
2330 125
2330 125
2330 125
2330 126
2330 125
2330 124
2330 124
2330 124
2330 124
2330 125
2330 124
2330 123
2335 122
2335 121
2335 123
2335 123
2335 123
2335 123
2335 124
2335 121
2335 123
2335 121
2335 122
2335 123
2335 123
2335 123
2335 122
2335 124
2335 121
2335 123
2335 123
2335 122
2335 123
2335 123
2335 123
2335 123
2335 123
2335 123
2335 121
2335 121
2335 124
2335 122
2335 121
2335 123
2335 121
2335 123
2335 123
2335 123
2335 123
2335 121
2335 121
2335 124
2335 122
2335 123
2335 123
2335 122
2335 123
2335 123
2335 121
2335 122
2335 123
2335 122
2335 123
2335 121
2335 122
2335 123
2335 123
2335 123
2335 123
2335 123
2335 123
2335 121
2335 122
2335 123
2335 123
2335 123
2335 123
2335 122
2335 122
2335 123
2335 123
2335 122
2335 123
2335 124
2335 123
2335 121
2335 121
2335 123
2335 122
2335 123
2335 121
2335 122
2335 123
2335 122
2335 123
2335 121
2335 121
2335 123
2335 123
2335 122
2335 121
2335 121
2335 123
2335 123
2335 121
2335 123
2335 123
2335 123
2335 121
2335 123
2340 120
2340 120
2340 120
2340 119
2340 120
2340 119
2340 120
2340 120
2340 120
2340 119
2340 120
2340 120
2340 119
2340 119
2340 120
2340 120
2340 120
2340 120
2340 120
2340 120
2340 120
2340 120
2340 120
2340 120
2340 120
2340 120
2340 120
2340 120
2340 120
2340 120
2340 120
2340 120
2340 120
2340 119
2340 120
2340 120
2340 120
2340 120
2340 120
2340 120
2340 120
2340 120
2340 120
2340 120
2340 120
2340 120
2340 120
2340 120
2340 120
2340 120
2340 120
2340 120
2340 120
2340 120
2340 120
2340 120
2340 120
2340 120
2340 119
2340 120
2340 120
2340 120
2340 120
2340 120
2340 120
2340 120
2340 120
2340 120
2340 120
2340 120
2340 120
2340 120
2340 120
2340 119
2340 120
2340 120
2340 120
2340 120
2340 120
2340 120
2340 120
2340 120
2340 121
2340 120
2340 120
2340 119
2340 120
2340 120
2340 120
2340 120
2340 120
2340 120
2340 120
2340 120
2340 120
2340 120
2340 120
2340 120
2340 120
2340 120
2345 118
2345 120
2345 117
2345 119
2345 118
2345 118
2345 118
2345 117
2345 118
2345 118
2345 119
2345 118
2345 119
2345 118
2345 118
2345 117
2345 118
2345 117
2345 118
2345 118
2345 118
2345 119
2345 119
2345 118
2345 117
2345 118
2345 118
2345 117
2345 118
2345 118
2345 118
2345 118
2345 117
2345 118
2345 118
2345 118
2345 118
2345 118
2345 117
2345 118
2345 117
2345 117
2345 118
2345 118
2345 118
2345 118
2345 117
2345 118
2345 119
2345 117
2345 118
2345 118
2345 118
2345 117
2345 118
2345 117
2345 118
2345 118
2345 118
2345 118
2345 118
2345 118
2345 118
2345 118
2345 117
2345 119
2345 119
2345 117
2345 118
2345 117
2345 118
2345 119
2345 118
2345 119
2345 119
2345 118
2345 118
2345 118
2345 118
2345 118
2345 118
2345 119
2345 118
2345 118
2345 117
2345 118
2345 117
2345 118
2345 118
2345 118
2345 119
2345 118
2345 118
2345 119
2345 118
2345 118
2345 118
2345 117
2345 118
2345 118
2350 117
2350 116
2350 117
2350 116
2350 115
2350 115
2350 117
2350 117
2350 116
2350 116
2350 116
2350 116
2350 116
2350 117
2350 116
2350 115
2350 117
2350 117
2350 117
2350 115
2350 116
2350 117
2350 116
2350 115
2350 116
2350 117
2350 116
2350 116
2350 117
2350 115
2350 115
2350 115
2350 115
2350 115
2350 116
2350 116
2350 116
2350 115
2350 117
2350 115
2350 117
2350 115
2350 117
2350 115
2350 115
2350 115
2350 117
2350 116
2350 115
2350 115
2350 115
2350 115
2350 116
2350 116
2350 117
2350 115
2350 116
2350 117
2350 115
2350 116
2350 116
2350 115
2350 115
2350 116
2350 116
2350 115
2350 116
2350 115
2350 116
2350 116
2350 116
2350 116
2350 116
2350 116
2350 115
2350 116
2350 115
2350 117
2350 116
2350 116
2350 117
2350 116
2350 115
2350 116
2350 117
2350 116
2350 115
2350 116
2350 117
2350 116
2350 115
2350 116
2350 116
2350 116
2350 116
2350 115
2350 117
2350 116
2350 115
2350 115
2355 114
2355 113
2355 114
2355 113
2355 113
2355 113
2355 114
2355 113
2355 113
2355 114
2355 113
2355 114
2355 114
2355 114
2355 114
2355 113
2355 114
2355 114
2355 114
2355 114
2355 114
2355 114
2355 114
2355 113
2355 114
2355 113
2355 114
2355 113
2355 113
2355 113
2355 115
2355 113
2355 114
2355 113
2355 113
2355 114
2355 114
2355 113
2355 113
2355 114
2355 113
2355 114
2355 114
2355 113
2355 113
2355 114
2355 114
2355 114
2355 113
2355 113
2355 114
2355 113
2355 115
2355 114
2355 114
2355 113
2355 114
2355 114
2355 113
2355 113
2355 113
2355 114
2355 113
2355 113
2355 113
2355 114
2355 114
2355 114
2355 114
2355 114
2355 113
2355 113
2355 113
2355 113
2355 114
2355 114
2355 114
2355 113
2355 113
2355 113
2355 114
2355 113
2355 113
2355 114
2355 113
2355 114
2355 113
2355 114
2355 113
2355 114
2355 113
2355 114
2355 113
2355 113
2355 114
2355 113
2355 114
2355 114
2355 113
2355 114
2360 111
2360 111
2360 112
2360 111
2360 111
2360 112
2360 112
2360 112
2360 112
2360 112
2360 111
2360 112
2360 111
2360 111
2360 113
2360 112
2360 112
2360 112
2360 110
2360 112
2360 111
2360 111
2360 112
2360 111
2360 111
2360 111
2360 111
2360 112
2360 110
2360 112
2360 111
2360 111
2360 112
2360 111
2360 111
2360 111
2360 112
2360 111
2360 111
2360 112
2360 113
2360 112
2360 112
2360 111
2360 112
2360 111
2360 112
2360 112
2360 111
2360 111
2360 112
2360 111
2360 111
2360 112
2360 111
2360 111
2360 112
2360 111
2360 112
2360 112
2360 111
2360 111
2360 112
2360 111
2360 111
2360 111
2360 111
2360 113
2360 112
2360 111
2360 112
2360 113
2360 112
2360 111
2360 111
2360 111
2360 111
2360 112
2360 110
2360 112
2360 111
2360 112
2360 110
2360 111
2360 112
2360 111
2360 111
2360 112
2360 111
2360 112
2360 110
2360 110
2360 111
2360 111
2360 111
2360 111
2360 111
2360 112
2360 112
2360 111
2365 109
2365 110
2365 110
2365 109
2365 110
2365 109
2365 109
2365 109
2365 111
2365 109
2365 109
2365 109
2365 109
2365 110
2365 109
2365 110
2365 110
2365 109
2365 110
2365 109
2365 110
2365 110
2365 109
2365 109
2365 109
2365 109
2365 109
2365 110
2365 109
2365 109
2365 109
2365 110
2365 111
2365 110
2365 110
2365 109
2365 109
2365 109
2365 110
2365 111
2365 111
2365 109
2365 109
2365 110
2365 109
2365 110
2365 109
2365 109
2365 110
2365 109
2365 109
2365 110
2365 109
2365 109
2365 109
2365 109
2365 109
2365 109
2365 109
2365 109
2365 109
2365 109
2365 110
2365 109
2365 109
2365 109
2365 110
2365 110
2365 109
2365 109
2365 109
2365 110
2365 109
2365 109
2365 109
2365 109
2365 109
2365 110
2365 109
2365 109
2365 111
2365 110
2365 110
2365 109
2365 109
2365 109
2365 109
2365 110
2365 110
2365 110
2365 109
2365 110
2365 109
2365 109
2365 109
2365 109
2365 110
2365 109
2365 109
2370 109
2370 108
2370 107
2370 109
2370 109
2370 108
2370 108
2370 107
2370 108
2370 108
2370 109
2370 108
2370 108
2370 108
2370 108
2370 108
2370 109
2370 107
2370 109
2370 109
2370 108
2370 107
2370 108
2370 109
2370 107
2370 108
2370 108
2370 108
2370 107
2370 108
2370 107
2370 108
2370 108
2370 109
2370 108
2370 108
2370 108
2370 107
2370 108
2370 108
2370 108
2370 107
2370 109
2370 107
2370 108
2370 107
2370 108
2370 108
2370 109
2370 109
2370 109
2370 108
2370 108
2370 107
2370 108
2370 108
2370 107
2370 108
2370 107
2370 109
2370 108
2370 107
2370 108
2370 109
2370 108
2370 108
2370 109
2370 109
2370 108
2370 108
2370 108
2370 109
2370 107
2370 107
2370 109
2370 108
2370 109
2370 108
2370 107
2370 107
2370 107
2370 108
2370 108
2370 109
2370 107
2370 108
2370 107
2370 110
2370 108
2370 108
2370 108
2370 108
2370 109
2370 108
2370 107
2370 108
2370 109
2370 108
2370 108
2370 108
2375 106
2375 105
2375 105
2375 106
2375 107
2375 106
2375 105
2375 106
2375 105
2375 106
2375 106
2375 106
2375 105
2375 106
2375 104
2375 105
2375 106
2375 107
2375 107
2375 105
2375 107
2375 106
2375 106
2375 106
2375 106
2375 106
2375 105
2375 106
2375 106
2375 106
2375 106
2375 106
2375 106
2375 106
2375 106
2375 106
2375 107
2375 106
2375 105
2375 106
2375 105
2375 105
2375 105
2375 106
2375 107
2375 105
2375 106
2375 106
2375 106
2375 106
2375 105
2375 106
2375 107
2375 105
2375 106
2375 106
2375 106
2375 106
2375 107
2375 106
2375 106
2375 106
2375 107
2375 106
2375 106
2375 106
2375 106
2375 106
2375 106
2375 105
2375 105
2375 106
2375 105
2375 106
2375 106
2375 107
2375 106
2375 105
2375 106
2375 106
2375 106
2375 106
2375 106
2375 105
2375 106
2375 105
2375 106
2375 107
2375 106
2375 106
2375 107
2375 106
2375 106
2375 106
2375 106
2375 107
2375 106
2375 106
2375 106
2375 105
2380 104
2380 102
2380 103
2380 103
2380 102
2380 104
2380 103
2380 103
2380 103
2380 103
2380 104
2380 102
2380 102
2380 104
2380 102
2380 104
2380 103
2380 104
2380 103
2380 104
2380 103
2380 103
2380 103
2380 104
2380 102
2380 103
2380 102
2380 103
2380 101
2380 103
2380 103
2380 102
2380 102
2380 103
2380 103
2380 104
2380 102
2380 102
2380 103
2380 103
2380 103
2380 103
2380 102
2380 103
2380 103
2380 104
2380 103
2380 104
2380 104
2380 103
2380 103
2380 102
2380 103
2380 104
2380 102
2380 103
2380 103
2380 103
2380 103
2380 102
2380 104
2380 101
2380 102
2380 105
2380 103
2380 103
2380 103
2380 103
2380 103
2380 102
2380 103
2380 103
2380 103
2380 104
2380 103
2380 103
2380 103
2380 103
2380 102
2380 103
2380 104
2380 104
2380 104
2380 104
2380 103
2380 104
2380 103
2380 103
2380 103
2380 104
2380 104
2380 104
2380 103
2380 104
2380 102
2380 103
2380 103
2380 103
2380 104
2385 101
2385 102
2385 100
2385 101
2385 100
2385 101
2385 101
2385 100
2385 101
2385 101
2385 100
2385 101
2385 101
2385 101
2385 100
2385 102
2385 101
2385 101
2385 101
2385 101
2385 100
2385 101
2385 100
2385 101
2385 100
2385 101
2385 101
2385 101
2385 100
2385 101
2385 100
2385 100
2385 101
2385 101
2385 101
2385 100
2385 100
2385 101
2385 100
2385 101
2385 100
2385 100
2385 101
2385 100
2385 101
2385 100
2385 100
2385 100
2385 101
2385 100
2385 101
2385 100
2385 101
2385 100
2385 100
2385 102
2385 101
2385 101
2385 100
2385 101
2385 101
2385 101
2385 100
2385 100
2385 101
2385 101
2385 101
2385 101
2385 100
2385 101
2385 100
2385 101
2385 101
2385 101
2385 100
2385 100
2385 101
2385 100
2385 101
2385 101
2385 101
2385 100
2385 100
2385 101
2385 101
2385 101
2385 100
2385 101
2385 100
2385 100
2385 100
2385 101
2385 101
2385 100
2385 101
2385 101
2385 101
2385 100
2385 100
2385 101
2390 99
2390 99
2390 98
2390 99
2390 100
2390 99
2390 100
2390 99
2390 99
2390 99
2390 99
2390 99
2390 99
2390 100
2390 99
2390 98
2390 98
2390 98
2390 100
2390 99
2390 99
2390 99
2390 99
2390 98
2390 99
2390 99
2390 100
2390 99
2390 99
2390 99
2390 99
2390 100
2390 99
2390 100
2390 99
2390 99
2390 98
2390 99
2390 98
2390 99
2390 99
2390 99
2390 99
2390 98
2390 99
2390 99
2390 99
2390 99
2390 98
2390 100
2390 98
2390 98
2390 99
2390 99
2390 99
2390 99
2390 98
2390 98
2390 99
2390 98
2390 99
2390 99
2390 98
2390 99
2390 99
2390 100
2390 100
2390 100
2390 99
2390 99
2390 98
2390 97
2390 99
2390 98
2390 99
2390 99
2390 99
2390 100
2390 99
2390 99
2390 100
2390 98
2390 98
2390 98
2390 99
2390 99
2390 100
2390 98
2390 99
2390 99
2390 100
2390 99
2390 99
2390 99
2390 99
2390 99
2390 99
2390 99
2395 96
2395 98
2395 96
2395 97
2395 98
2395 96
2395 98
2395 96
2395 96
2395 97
2395 97
2395 97
2395 96
2395 96
2395 97
2395 98
2395 97
2395 97
2395 97
2395 97
2395 96
2395 96
2395 96
2395 97
2395 97
2395 98
2395 97
2395 97
2395 98
2395 96
2395 97
2395 98
2395 97
2395 97
2395 97
2395 98
2395 97
2395 96
2395 97
2395 96
2395 97
2395 98
2395 96
2395 97
2395 96
2395 96
2395 97
2395 97
2395 97
2395 97
2395 97
2395 98
2395 96
2395 97
2395 96
2395 97
2395 96
2395 96
2395 96
2395 97
2395 96
2395 96
2395 98
2395 96
2395 96
2395 96
2395 98
2395 98
2395 97
2395 96
2395 96
2395 96
2395 96
2395 96
2395 97
2395 96
2395 97
2395 97
2395 96
2395 96
2395 97
2395 96
2395 96
2395 97
2395 98
2395 97
2395 97
2395 97
2395 96
2395 97
2395 96
2395 97
2395 97
2395 96
2395 97
2395 97
2395 96
2395 96
2395 96
2400 95
2400 95
2400 95
2400 95
2400 95
2400 94
2400 94
2400 95
2400 94
2400 95
2400 95
2400 95
2400 94
2400 95
2400 96
2400 95
2400 94
2400 94
2400 95
2400 94
2400 95
2400 95
2400 95
2400 95
2400 95
2400 95
2400 94
2400 95
2400 95
2400 95
2400 95
2400 93
2400 95
2400 95
2400 95
2400 94
2400 95
2400 95
2400 94
2400 95
2400 95
2400 95
2400 95
2400 95
2400 95
2400 95
2400 94
2400 94
2400 95
2400 94
2400 95
2400 95
2400 95
2400 94
2400 92
2400 95
2400 95
2400 95
2400 95
2400 95
2400 96
2400 95
2400 95
2400 95
2400 95
2400 95
2400 93
2400 95
2400 95
2400 95
2400 95
2400 95
2400 94
2400 94
2400 95
2400 95
2400 95
2400 95
2400 95
2400 96
2400 95
2400 95
2400 95
2400 95
2400 94
2400 95
2400 95
2400 95
2400 94
2400 95
2400 95
2400 95
2400 95
2400 95
2400 95
2400 95
2400 95
2400 95
2400 95
2400 94
2405 93
2405 93
2405 93
2405 93
2405 92
2405 92
2405 92
2405 93
2405 91
2405 92
2405 92
2405 91
2405 93
2405 92
2405 92
2405 93
2405 92
2405 92
2405 93
2405 92
2405 92
2405 91
2405 93
2405 93
2405 92
2405 92
2405 92
2405 92
2405 92
2405 92
2405 93
2405 94
2405 92
2405 92
2405 92
2405 92
2405 92
2405 93
2405 92
2405 93
2405 92
2405 93
2405 91
2405 92
2405 93
2405 93
2405 91
2405 92
2405 92
2405 92
2405 93
2405 92
2405 93
2405 92
2405 94
2405 92
2405 92
2405 94
2405 93
2405 92
2405 92
2405 92
2405 93
2405 92
2405 92
2405 91
2405 92
2405 91
2405 94
2405 92
2405 92
2405 92
2405 92
2405 92
2405 92
2405 93
2405 93
2405 92
2405 92
2405 93
2405 91
2405 92
2405 92
2405 91
2405 92
2405 91
2405 92
2405 92
2405 92
2405 93
2405 93
2405 93
2405 92
2405 93
2405 92
2405 92
2405 92
2405 92
2405 93
2405 93
2410 91
2410 89
2410 91
2410 89
2410 91
2410 91
2410 91
2410 89
2410 91
2410 91
2410 91
2410 91
2410 91
2410 90
2410 91
2410 91
2410 90
2410 91
2410 90
2410 91
2410 90
2410 89
2410 89
2410 90
2410 90
2410 91
2410 91
2410 90
2410 89
2410 91
2410 91
2410 90
2410 91
2410 90
2410 91
2410 90
2410 89
2410 91
2410 91
2410 91
2410 91
2410 89
2410 91
2410 91
2410 91
2410 91
2410 89
2410 90
2410 90
2410 91
2410 91
2410 90
2410 89
2410 91
2410 91
2410 90
2410 91
2410 90
2410 89
2410 91
2410 91
2410 90
2410 90
2410 90
2410 91
2410 90
2410 91
2410 91
2410 89
2410 89
2410 89
2410 91
2410 91
2410 91
2410 91
2410 91
2410 91
2410 91
2410 91
2410 91
2410 91
2410 90
2410 89
2410 89
2410 91
2410 91
2410 91
2410 91
2410 90
2410 90
2410 91
2410 91
2410 91
2410 91
2410 90
2410 91
2410 90
2410 90
2410 91
2410 89
2415 89
2415 89
2415 88
2415 88
2415 88
2415 89
2415 88
2415 88
2415 88
2415 89
2415 88
2415 88
2415 88
2415 88
2415 89
2415 88
2415 88
2415 88
2415 88
2415 88
2415 88
2415 89
2415 88
2415 88
2415 89
2415 88
2415 88
2415 88
2415 88
2415 88
2415 88
2415 89
2415 88
2415 89
2415 89
2415 88
2415 88
2415 88
2415 88
2415 89
2415 88
2415 89
2415 88
2415 88
2415 88
2415 88
2415 88
2415 89
2415 88
2415 88
2415 88
2415 88
2415 89
2415 88
2415 89
2415 89
2415 88
2415 89
2415 89
2415 89
2415 89
2415 88
2415 88
2415 88
2415 88
2415 89
2415 88
2415 89
2415 88
2415 88
2415 89
2415 88
2415 88
2415 89
2415 88
2415 89
2415 88
2415 88
2415 88
2415 88
2415 88
2415 88
2415 88
2415 89
2415 88
2415 89
2415 88
2415 88
2415 88
2415 88
2415 88
2415 89
2415 88
2415 88
2415 88
2415 88
2415 88
2415 88
2415 88
2415 88
2420 86
2420 85
2420 86
2420 86
2420 86
2420 86
2420 86
2420 85
2420 86
2420 87
2420 86
2420 87
2420 86
2420 86
2420 86
2420 86
2420 86
2420 87
2420 86
2420 85
2420 87
2420 86
2420 86
2420 86
2420 86
2420 85
2420 86
2420 86
2420 88
2420 87
2420 86
2420 86
2420 86
2420 86
2420 85
2420 85
2420 85
2420 86
2420 87
2420 86
2420 86
2420 86
2420 86
2420 85
2420 86
2420 85
2420 86
2420 85
2420 86
2420 85
2420 85
2420 86
2420 87
2420 85
2420 86
2420 87
2420 85
2420 85
2420 86
2420 86
2420 85
2420 86
2420 85
2420 86
2420 86
2420 86
2420 86
2420 85
2420 87
2420 86
2420 86
2420 86
2420 86
2420 86
2420 86
2420 86
2420 85
2420 87
2420 86
2420 86
2420 86
2420 86
2420 86
2420 86
2420 86
2420 85
2420 87
2420 86
2420 86
2420 87
2420 86
2420 86
2420 85
2420 85
2420 85
2420 86
2420 86
2420 86
2425 83
2425 83
2425 84
2425 83
2425 83
2425 83
2425 85
2425 84
2425 83
2425 83
2425 84
2425 84
2425 83
2425 84
2425 85
2425 84
2425 84
2425 84
2425 84
2425 84
2425 83
2425 83
2425 85
2425 84
2425 83
2425 83
2425 84
2425 84
2425 83
2425 83
2425 83
2425 84
2425 84
2425 84
2425 83
2425 83
2425 83
2425 84
2425 84
2425 83
2425 84
2425 83
2425 85
2425 83
2425 84
2425 83
2425 84
2425 83
2425 84
2425 85
2425 85
2425 84
2425 83
2425 84
2425 84
2425 84
2425 83
2425 84
2425 84
2425 84
2425 84
2425 83
2425 85
2425 84
2425 83
2425 84
2425 85
2425 83
2425 84
2425 83
2425 83
2425 85
2425 83
2425 84
2425 85
2425 83
2425 85
2425 83
2425 84
2425 84
2425 85
2425 83
2425 84
2425 84
2425 84
2425 83
2425 83
2425 84
2425 83
2425 83
2425 85
2425 84
2425 84
2425 83
2425 84
2425 83
2425 84
2425 83
2425 84
2430 81
2430 81
2430 81
2430 83
2430 81
2430 83
2430 82
2430 82
2430 81
2430 81
2430 82
2430 83
2430 82
2430 81
2430 81
2430 82
2430 81
2430 82
2430 82
2430 81
2430 82
2430 83
2430 82
2430 81
2430 82
2430 82
2430 81
2430 82
2430 81
2430 82
2430 82
2430 82
2430 82
2430 82
2430 81
2430 81
2430 82
2430 82
2430 81
2430 82
2430 81
2430 82
2430 82
2430 82
2430 82
2430 82
2430 82
2430 81
2430 81
2430 82
2430 81
2430 82
2430 82
2430 82
2430 83
2430 81
2430 81
2430 82
2430 82
2430 82
2430 81
2430 82
2430 81
2430 83
2430 81
2430 81
2430 82
2430 82
2430 81
2430 82
2430 82
2430 82
2430 82
2430 82
2430 82
2430 82
2430 82
2430 82
2430 83
2430 82
2430 82
2430 82
2430 81
2430 82
2430 83
2430 82
2430 81
2430 81
2430 81
2430 82
2430 82
2430 81
2430 81
2430 81
2430 82
2430 82
2430 82
2430 82
2430 82
2430 82
2435 81
2435 80
2435 80
2435 80
2435 80
2435 80
2435 81
2435 80
2435 80
2435 80
2435 80
2435 80
2435 80
2435 80
2435 80
2435 80
2435 80
2435 80
2435 80
2435 80
2435 80
2435 80
2435 80
2435 80
2435 80
2435 80
2435 80
2435 80
2435 79
2435 80
2435 80
2435 81
2435 80
2435 81
2435 80
2435 80
2435 81
2435 81
2435 81
2435 80
2435 79
2435 80
2435 81
2435 80
2435 80
2435 80
2435 80
2435 80
2435 80
2435 80
2435 79
2435 81
2435 80
2435 80
2435 80
2435 81
2435 81
2435 80
2435 80
2435 81
2435 80
2435 80
2435 80
2435 81
2435 80
2435 80
2435 80
2435 80
2435 80
2435 81
2435 80
2435 80
2435 80
2435 80
2435 80
2435 80
2435 80
2435 80
2435 79
2435 79
2435 81
2435 80
2435 81
2435 80
2435 80
2435 81
2435 80
2435 80
2435 80
2435 80
2435 79
2435 80
2435 80
2435 80
2435 80
2435 79
2435 80
2435 81
2435 80
2440 77
2440 78
2440 77
2440 79
2440 76
2440 79
2440 79
2440 78
2440 78
2440 77
2440 77
2440 78
2440 77
2440 77
2440 78
2440 77
2440 77
2440 77
2440 77
2440 78
2440 77
2440 77
2440 77
2440 78
2440 77
2440 77
2440 77
2440 77
2440 78
2440 78
2440 78
2440 78
2440 79
2440 78
2440 78
2440 77
2440 77
2440 78
2440 77
2440 78
2440 77
2440 77
2440 77
2440 77
2440 77
2440 77
2440 78
2440 79
2440 77
2440 78
2440 77
2440 76
2440 78
2440 78
2440 78
2440 77
2440 78
2440 78
2440 78
2440 77
2440 77
2440 77
2440 78
2440 77
2440 77
2440 77
2440 79
2440 77
2440 78
2440 79
2440 77
2440 77
2440 78
2440 77
2440 78
2440 77
2440 77
2440 79
2440 78
2440 78
2440 77
2440 78
2440 78
2440 78
2440 77
2440 77
2440 77
2440 77
2440 79
2440 77
2440 78
2440 78
2440 77
2440 77
2440 77
2440 78
2440 77
2440 77
2440 77
2440 77
2445 75
2445 76
2445 75
2445 75
2445 75
2445 76
2445 75
2445 75
2445 76
2445 76
2445 75
2445 75
2445 75
2445 75
2445 76
2445 75
2445 75
2445 76
2445 76
2445 75
2445 75
2445 76
2445 75
2445 75
2445 75
2445 75
2445 76
2445 76
2445 75
2445 75
2445 76
2445 76
2445 75
2445 76
2445 76
2445 75
2445 76
2445 75
2445 77
2445 76
2445 74
2445 75
2445 75
2445 76
2445 75
2445 75
2445 76
2445 76
2445 75
2445 75
2445 76
2445 76
2445 75
2445 76
2445 76
2445 75
2445 75
2445 76
2445 77
2445 76
2445 75
2445 76
2445 76
2445 77
2445 76
2445 75
2445 76
2445 75
2445 76
2445 75
2445 76
2445 75
2445 75
2445 75
2445 76
2445 76
2445 75
2445 75
2445 76
2445 75
2445 75
2445 76
2445 76
2445 75
2445 75
2445 76
2445 76
2445 76
2445 75
2445 76
2445 76
2445 76
2445 76
2445 75
2445 75
2445 76
2445 75
2445 75
2445 76
2450 73
2450 73
2450 73
2450 74
2450 74
2450 73
2450 73
2450 73
2450 74
2450 73
2450 73
2450 74
2450 74
2450 74
2450 74
2450 74
2450 74
2450 73
2450 74
2450 73
2450 74
2450 74
2450 74
2450 74
2450 74
2450 74
2450 75
2450 75
2450 73
2450 75
2450 73
2450 74
2450 74
2450 73
2450 74
2450 74
2450 74
2450 74
2450 74
2450 75
2450 74
2450 74
2450 74
2450 73
2450 74
2450 74
2450 74
2450 74
2450 74
2450 74
2450 74
2450 73
2450 73
2450 74
2450 74
2450 74
2450 73
2450 74
2450 74
2450 74
2450 74
2450 75
2450 73
2450 74
2450 73
2450 74
2450 73
2450 75
2450 73
2450 73
2450 74
2450 73
2450 73
2450 73
2450 73
2450 74
2450 73
2450 73
2450 74
2450 74
2450 73
2450 73
2450 74
2450 73
2450 74
2450 74
2450 75
2450 74
2450 74
2450 74
2450 73
2450 74
2450 73
2450 74
2450 74
2450 73
2450 73
2450 73
2450 74
2450 74
2455 71
2455 72
2455 71
2455 70
2455 71
2455 72
2455 73
2455 71
2455 72
2455 72
2455 72
2455 70
2455 71
2455 71
2455 71
2455 71
2455 72
2455 70
2455 71
2455 72
2455 71
2455 71
2455 71
2455 71
2455 71
2455 72
2455 72
2455 72
2455 71
2455 72
2455 71
2455 72
2455 71
2455 72
2455 73
2455 71
2455 71
2455 70
2455 73
2455 72
2455 70
2455 70
2455 71
2455 72
2455 71
2455 71
2455 71
2455 71
2455 71
2455 72
2455 72
2455 72
2455 71
2455 72
2455 72
2455 71
2455 71
2455 72
2455 72
2455 73
2455 73
2455 70
2455 71
2455 71
2455 71
2455 73
2455 71
2455 70
2455 72
2455 71
2455 71
2455 72
2455 71
2455 72
2455 71
2455 73
2455 70
2455 71
2455 72
2455 71
2455 70
2455 71
2455 72
2455 70
2455 72
2455 73
2455 71
2455 71
2455 71
2455 71
2455 70
2455 72
2455 72
2455 71
2455 72
2455 71
2455 71
2455 71
2455 72
2455 72
2460 68
2460 68
2460 69
2460 69
2460 68
2460 69
2460 68
2460 68
2460 69
2460 69
2460 68
2460 68
2460 69
2460 68
2460 69
2460 68
2460 68
2460 68
2460 69
2460 67
2460 68
2460 69
2460 69
2460 69
2460 68
2460 68
2460 68
2460 67
2460 69
2460 69
2460 69
2460 68
2460 69
2460 69
2460 68
2460 69
2460 68
2460 68
2460 69
2460 68
2460 68
2460 69
2460 69
2460 69
2460 68
2460 69
2460 69
2460 68
2460 68
2460 69
2460 68
2460 68
2460 69
2460 68
2460 69
2460 69
2460 68
2460 69
2460 69
2460 68
2460 69
2460 70
2460 69
2460 68
2460 69
2460 69
2460 68
2460 68
2460 68
2460 68
2460 68
2460 68
2460 68
2460 68
2460 69
2460 69
2460 68
2460 69
2460 68
2460 68
2460 69
2460 70
2460 69
2460 69
2460 68
2460 68
2460 69
2460 69
2460 69
2460 69
2460 68
2460 70
2460 68
2460 69
2460 68
2460 69
2460 69
2460 69
2460 69
2460 68
2465 66
2465 66
2465 67
2465 67
2465 68
2465 67
2465 67
2465 66
2465 66
2465 67
2465 65
2465 66
2465 65
2465 67
2465 67
2465 67
2465 66
2465 66
2465 66
2465 67
2465 67
2465 67
2465 67
2465 67
2465 67
2465 67
2465 67
2465 66
2465 68
2465 67
2465 67
2465 66
2465 67
2465 67
2465 66
2465 66
2465 67
2465 67
2465 67
2465 66
2465 66
2465 66
2465 66
2465 66
2465 67
2465 68
2465 67
2465 66
2465 66
2465 66
2465 67
2465 67
2465 67
2465 66
2465 67
2465 67
2465 68
2465 66
2465 67
2465 67
2465 67
2465 66
2465 65
2465 66
2465 67
2465 66
2465 67
2465 67
2465 66
2465 66
2465 66
2465 66
2465 66
2465 66
2465 67
2465 66
2465 67
2465 66
2465 65
2465 66
2465 67
2465 67
2465 67
2465 66
2465 67
2465 67
2465 65
2465 66
2465 67
2465 68
2465 66
2465 66
2465 66
2465 66
2465 66
2465 66
2465 67
2465 67
2465 66
2470 64
2470 65
2470 64
2470 64
2470 65
2470 65
2470 64
2470 64
2470 64
2470 64
2470 64
2470 64
2470 64
2470 64
2470 64
2470 65
2470 64
2470 65
2470 64
2470 64
2470 65
2470 65
2470 65
2470 64
2470 64
2470 64
2470 64
2470 64
2470 64
2470 64
2470 65
2470 64
2470 66
2470 64
2470 64
2470 64
2470 65
2470 64
2470 65
2470 64
2470 64
2470 64
2470 64
2470 64
2470 64
2470 66
2470 64
2470 64
2470 64
2470 65
2470 64
2470 64
2470 64
2470 65
2470 65
2470 64
2470 65
2470 64
2470 65
2470 64
2470 64
2470 64
2470 64
2470 64
2470 65
2470 66
2470 65
2470 65
2470 65
2470 64
2470 65
2470 65
2470 65
2470 65
2470 65
2470 64
2470 65
2470 65
2470 64
2470 64
2470 66
2470 65
2470 65
2470 64
2470 66
2470 65
2470 64
2470 64
2470 65
2470 64
2470 65
2470 64
2470 64
2470 65
2470 64
2470 64
2470 64
2470 65
2470 64
2470 64
2475 63
2475 64
2475 64
2475 64
2475 64
2475 64
2475 63
2475 64
2475 64
2475 63
2475 63
2475 62
2475 64
2475 63
2475 63
2475 64
2475 63
2475 63
2475 63
2475 64
2475 63
2475 64
2475 63
2475 63
2475 63
2475 63
2475 63
2475 63
2475 63
2475 64
2475 64
2475 63
2475 64
2475 63
2475 64
2475 63
2475 63
2475 64
2475 63
2475 63
2475 63
2475 63
2475 63
2475 64
2475 64
2475 64
2475 63
2475 64
2475 63
2475 63
2475 63
2475 63
2475 63
2475 63
2475 63
2475 63
2475 63
2475 64
2475 64
2475 63
2475 64
2475 63
2475 63
2475 63
2475 64
2475 63
2475 63
2475 63
2475 64
2475 63
2475 63
2475 63
2475 64
2475 63
2475 63
2475 63
2475 64
2475 64
2475 62
2475 63
2475 63
2475 63
2475 63
2475 62
2475 63
2475 63
2475 63
2475 64
2475 64
2475 64
2475 63
2475 64
2475 63
2475 63
2475 64
2475 63
2475 63
2475 63
2475 63
2475 63
2480 60
2480 59
2480 59
2480 60
2480 60
2480 60
2480 61
2480 60
2480 61
2480 60
2480 60
2480 60
2480 60
2480 60
2480 61
2480 60
2480 60
2480 60
2480 60
2480 60
2480 60
2480 60
2480 60
2480 60
2480 60
2480 60
2480 60
2480 60
2480 59
2480 61
2480 61
2480 61
2480 61
2480 60
2480 60
2480 62
2480 60
2480 59
2480 60
2480 60
2480 60
2480 60
2480 60
2480 60
2480 61
2480 59
2480 59
2480 60
2480 60
2480 60
2480 60
2480 60
2480 60
2480 60
2480 61
2480 60
2480 60
2480 60
2480 60
2480 60
2480 60
2480 61
2480 61
2480 59
2480 60
2480 60
2480 60
2480 60
2480 60
2480 60
2480 60
2480 60
2480 60
2480 60
2480 60
2480 60
2480 61
2480 60
2480 61
2480 60
2480 61
2480 60
2480 59
2480 60
2480 61
2480 61
2480 60
2480 59
2480 60
2480 59
2480 61
2480 61
2480 60
2480 60
2480 61
2480 60
2480 60
2480 60
2480 61
2480 61
2485 57
2485 57
2485 59
2485 57
2485 59
2485 59
2485 58
2485 59
2485 57
2485 58
2485 57
2485 59
2485 59
2485 59
2485 59
2485 58
2485 59
2485 57
2485 57
2485 58
2485 57
2485 57
2485 59
2485 58
2485 58
2485 59
2485 57
2485 57
2485 57
2485 57
2485 57
2485 58
2485 59
2485 59
2485 59
2485 57
2485 59
2485 57
2485 57
2485 59
2485 58
2485 58
2485 59
2485 59
2485 58
2485 59
2485 59
2485 59
2485 59
2485 58
2485 59
2485 58
2485 58
2485 58
2485 56
2485 57
2485 57
2485 58
2485 59
2485 58
2485 57
2485 58
2485 59
2485 59
2485 59
2485 59
2485 57
2485 57
2485 59
2485 57
2485 57
2485 57
2485 57
2485 59
2485 57
2485 59
2485 59
2485 59
2485 57
2485 59
2485 58
2485 57
2485 57
2485 59
2485 57
2485 59
2485 59
2485 59
2485 59
2485 59
2485 59
2485 59
2485 59
2485 59
2485 56
2485 57
2485 59
2485 58
2485 58
2485 58
2490 57
2490 57
2490 56
2490 57
2490 56
2490 56
2490 56
2490 56
2490 57
2490 57
2490 56
2490 56
2490 56
2490 57
2490 56
2490 56
2490 57
2490 56
2490 56
2490 57
2490 57
2490 56
2490 56
2490 56
2490 57
2490 57
2490 57
2490 56
2490 57
2490 57
2490 56
2490 56
2490 56
2490 56
2490 57
2490 57
2490 56
2490 56
2490 56
2490 56
2490 56
2490 56
2490 57
2490 56
2490 56
2490 56
2490 56
2490 57
2490 56
2490 56
2490 56
2490 56
2490 56
2490 57
2490 57
2490 57
2490 56
2490 57
2490 57
2490 56
2490 56
2490 56
2490 56
2490 56
2490 56
2490 57
2490 56
2490 56
2490 56
2490 56
2490 57
2490 57
2490 57
2490 56
2490 57
2490 56
2490 57
2490 57
2490 57
2490 57
2490 57
2490 56
2490 57
2490 56
2490 56
2490 56
2490 57
2490 56
2490 56
2490 56
2490 56
2490 57
2490 56
2490 56
2490 57
2490 56
2490 56
2490 56
2490 56
2490 56
2495 55
2495 54
2495 54
2495 55
2495 56
2495 56
2495 54
2495 55
2495 56
2495 54
2495 56
2495 55
2495 54
2495 54
2495 55
2495 55
2495 55
2495 55
2495 56
2495 55
2495 54
2495 56
2495 55
2495 56
2495 55
2495 54
2495 53
2495 55
2495 55
2495 55
2495 54
2495 54
2495 54
2495 54
2495 55
2495 56
2495 55
2495 54
2495 54
2495 54
2495 55
2495 56
2495 54
2495 56
2495 55
2495 55
2495 56
2495 54
2495 55
2495 54
2495 54
2495 54
2495 54
2495 54
2495 54
2495 56
2495 56
2495 54
2495 56
2495 55
2495 55
2495 55
2495 54
2495 54
2495 54
2495 55
2495 53
2495 55
2495 55
2495 55
2495 54
2495 55
2495 55
2495 55
2495 56
2495 54
2495 54
2495 56
2495 55
2495 55
2495 56
2495 54
2495 55
2495 56
2495 55
2495 54
2495 54
2495 54
2495 55
2495 54
2495 55
2495 54
2495 54
2495 55
2495 56
2495 54
2495 54
2495 54
2495 55
2500 53
2500 53
2500 51
2500 52
2500 53
2500 52
2500 52
2500 52
2500 52
2500 52
2500 53
2500 53
2500 53
2500 51
2500 53
2500 54
2500 52
2500 52
2500 53
2500 53
2500 52
2500 52
2500 53
2500 52
2500 53
2500 53
2500 52
2500 53
2500 53
2500 53
2500 51
2500 52
2500 52
2500 52
2500 51
2500 52
2500 52
2500 53
2500 53
2500 53
2500 53
2500 52
2500 52
2500 52
2500 52
2500 52
2500 53
2500 52
2500 53
2500 52
2500 51
2500 53
2500 52
2500 51
2500 51
2500 51
2500 51
2500 53
2500 51
2500 52
2500 52
2500 52
2500 52
2500 51
2500 52
2500 52
2500 52
2500 52
2500 52
2500 52
2500 53
2500 52
2500 52
2500 53
2500 53
2500 52
2500 53
2500 52
2500 52
2500 51
2500 52
2500 52
2500 53
2500 52
2500 51
2500 53
2500 52
2500 53
2500 52
2500 53
2500 51
2500 53
2500 51
2500 53
2500 53
2500 52
2500 53
2500 52
2500 52
2500 52
2505 50
2505 50
2505 50
2505 50
2505 50
2505 51
2505 50
2505 51
2505 49
2505 51
2505 50
2505 50
2505 51
2505 50
2505 50
2505 50
2505 51
2505 50
2505 49
2505 50
2505 50
2505 50
2505 49
2505 49
2505 49
2505 51
2505 50
2505 50
2505 50
2505 50
2505 50
2505 51
2505 49
2505 49
2505 51
2505 50
2505 50
2505 50
2505 49
2505 50
2505 50
2505 50
2505 50
2505 50
2505 50
2505 51
2505 51
2505 51
2505 51
2505 50
2505 51
2505 50
2505 50
2505 50
2505 50
2505 51
2505 50
2505 51
2505 50
2505 50
2505 51
2505 51
2505 49
2505 50
2505 49
2505 49
2505 50
2505 51
2505 50
2505 50
2505 50
2505 50
2505 50
2505 49
2505 51
2505 50
2505 51
2505 50
2505 50
2505 50
2505 51
2505 49
2505 50
2505 50
2505 50
2505 51
2505 51
2505 51
2505 50
2505 51
2505 51
2505 50
2505 50
2505 51
2505 49
2505 50
2505 51
2505 50
2505 50
2510 48
2510 48
2510 49
2510 48
2510 49
2510 49
2510 48
2510 49
2510 48
2510 48
2510 48
2510 48
2510 49
2510 49
2510 49
2510 48
2510 48
2510 49
2510 49
2510 48
2510 49
2510 48
2510 49
2510 48
2510 49
2510 49
2510 49
2510 49
2510 48
2510 48
2510 49
2510 49
2510 48
2510 49
2510 48
2510 49
2510 48
2510 48
2510 48
2510 49
2510 48
2510 48
2510 48
2510 49
2510 48
2510 48
2510 48
2510 48
2510 49
2510 48
2510 49
2510 49
2510 49
2510 49
2510 48
2510 49
2510 49
2510 49
2510 48
2510 49
2510 49
2510 49
2510 49
2510 48
2510 49
2510 49
2510 49
2510 49
2510 48
2510 49
2510 49
2510 49
2510 49
2510 49
2510 49
2510 49
2510 48
2510 49
2510 48
2510 49
2510 48
2510 49
2510 49
2510 49
2510 49
2510 48
2510 49
2510 48
2510 48
2510 48
2510 49
2510 48
2510 49
2510 49
2510 49
2510 49
2510 49
2510 49
2510 49
2510 49
2515 47
2515 47
2515 47
2515 47
2515 47
2515 47
2515 47
2515 47
2515 47
2515 46
2515 47
2515 46
2515 48
2515 46
2515 48
2515 48
2515 47
2515 47
2515 47
2515 46
2515 46
2515 47
2515 48
2515 47
2515 48
2515 47
2515 46
2515 47
2515 47
2515 47
2515 46
2515 47
2515 47
2515 47
2515 47
2515 47
2515 47
2515 47
2515 48
2515 47
2515 46
2515 46
2515 46
2515 46
2515 47
2515 47
2515 47
2515 47
2515 47
2515 47
2515 46
2515 47
2515 47
2515 47
2515 47
2515 47
2515 47
2515 48
2515 47
2515 47
2515 47
2515 46
2515 48
2515 47
2515 46
2515 46
2515 48
2515 46
2515 47
2515 48
2515 47
2515 46
2515 47
2515 46
2515 46
2515 47
2515 47
2515 48
2515 48
2515 47
2515 47
2515 47
2515 47
2515 47
2515 47
2515 47
2515 47
2515 47
2515 47
2515 46
2515 48
2515 47
2515 45
2515 47
2515 47
2515 46
2515 48
2515 46
2515 47
2515 45
2520 44
2520 45
2520 44
2520 45
2520 44
2520 45
2520 44
2520 44
2520 44
2520 44
2520 43
2520 45
2520 44
2520 44
2520 44
2520 44
2520 44
2520 44
2520 44
2520 45
2520 44
2520 44
2520 43
2520 43
2520 44
2520 45
2520 43
2520 44
2520 44
2520 44
2520 44
2520 43
2520 44
2520 44
2520 44
2520 45
2520 43
2520 43
2520 45
2520 43
2520 45
2520 45
2520 44
2520 44
2520 43
2520 44
2520 43
2520 45
2520 44
2520 44
2520 44
2520 44
2520 43
2520 44
2520 44
2520 44
2520 45
2520 44
2520 44
2520 45
2520 45
2520 44
2520 45
2520 44
2520 44
2520 45
2520 45
2520 45
2520 45
2520 44
2520 44
2520 44
2520 44
2520 43
2520 43
2520 44
2520 44
2520 44
2520 44
2520 45
2520 43
2520 45
2520 45
2520 44
2520 44
2520 44
2520 45
2520 45
2520 44
2520 45
2520 44
2520 44
2520 45
2520 45
2520 45
2520 44
2520 45
2520 45
2520 45
2525 42
2525 41
2525 43
2525 43
2525 43
2525 42
2525 42
2525 42
2525 42
2525 43
2525 42
2525 41
2525 42
2525 42
2525 42
2525 42
2525 43
2525 43
2525 42
2525 42
2525 43
2525 43
2525 42
2525 42
2525 42
2525 43
2525 42
2525 42
2525 42
2525 42
2525 42
2525 42
2525 43
2525 42
2525 43
2525 43
2525 43
2525 43
2525 41
2525 41
2525 42
2525 43
2525 42
2525 43
2525 42
2525 42
2525 42
2525 43
2525 41
2525 42
2525 42
2525 42
2525 42
2525 42
2525 42
2525 41
2525 42
2525 42
2525 41
2525 43
2525 42
2525 43
2525 43
2525 42
2525 41
2525 42
2525 43
2525 43
2525 43
2525 42
2525 43
2525 42
2525 41
2525 42
2525 43
2525 43
2525 41
2525 42
2525 43
2525 43
2525 42
2525 43
2525 42
2525 43
2525 42
2525 43
2525 42
2525 42
2525 42
2525 43
2525 43
2525 42
2525 43
2525 42
2525 42
2525 43
2525 43
2525 41
2525 42
2525 43
2530 41
2530 41
2530 41
2530 41
2530 41
2530 41
2530 40
2530 39
2530 40
2530 40
2530 41
2530 40
2530 40
2530 41
2530 41
2530 40
2530 41
2530 40
2530 41
2530 41
2530 40
2530 40
2530 39
2530 40
2530 40
2530 42
2530 41
2530 39
2530 40
2530 40
2530 41
2530 40
2530 41
2530 41
2530 40
2530 40
2530 40
2530 39
2530 41
2530 39
2530 40
2530 39
2530 40
2530 40
2530 40
2530 41
2530 40
2530 42
2530 40
2530 42
2530 40
2530 41
2530 40
2530 40
2530 41
2530 41
2530 41
2530 39
2530 40
2530 41
2530 40
2530 42
2530 39
2530 40
2530 41
2530 40
2530 41
2530 41
2530 41
2530 40
2530 39
2530 40
2530 42
2530 41
2530 39
2530 41
2530 40
2530 40
2530 40
2530 41
2530 39
2530 40
2530 40
2530 41
2530 40
2530 41
2530 40
2530 39
2530 41
2530 41
2530 40
2530 41
2530 41
2530 41
2530 40
2530 40
2530 39
2530 40
2530 40
2530 40
2535 37
2535 38
2535 38
2535 38
2535 39
2535 37
2535 39
2535 37
2535 38
2535 39
2535 37
2535 38
2535 38
2535 37
2535 38
2535 37
2535 38
2535 37
2535 37
2535 38
2535 37
2535 37
2535 39
2535 39
2535 36
2535 38
2535 37
2535 38
2535 38
2535 38
2535 39
2535 38
2535 38
2535 38
2535 37
2535 38
2535 38
2535 38
2535 38
2535 39
2535 37
2535 38
2535 39
2535 38
2535 37
2535 38
2535 37
2535 38
2535 38
2535 38
2535 38
2535 38
2535 38
2535 37
2535 37
2535 38
2535 37
2535 37
2535 37
2535 37
2535 38
2535 38
2535 38
2535 38
2535 37
2535 38
2535 38
2535 38
2535 38
2535 37
2535 39
2535 38
2535 37
2535 38
2535 38
2535 37
2535 37
2535 38
2535 38
2535 37
2535 38
2535 37
2535 39
2535 37
2535 38
2535 38
2535 37
2535 38
2535 38
2535 37
2535 38
2535 38
2535 37
2535 38
2535 38
2535 37
2535 37
2535 38
2535 39
2535 38
2540 36
2540 35
2540 35
2540 35
2540 35
2540 35
2540 36
2540 36
2540 35
2540 36
2540 35
2540 35
2540 35
2540 35
2540 34
2540 36
2540 35
2540 35
2540 36
2540 36
2540 36
2540 36
2540 36
2540 35
2540 36
2540 35
2540 35
2540 36
2540 36
2540 35
2540 34
2540 35
2540 35
2540 36
2540 36
2540 35
2540 35
2540 35
2540 35
2540 35
2540 35
2540 35
2540 36
2540 37
2540 36
2540 36
2540 35
2540 35
2540 36
2540 36
2540 35
2540 35
2540 34
2540 36
2540 35
2540 36
2540 36
2540 35
2540 36
2540 34
2540 35
2540 35
2540 35
2540 35
2540 35
2540 35
2540 36
2540 36
2540 36
2540 35
2540 36
2540 36
2540 34
2540 35
2540 35
2540 36
2540 36
2540 35
2540 35
2540 35
2540 34
2540 35
2540 36
2540 34
2540 36
2540 35
2540 35
2540 35
2540 35
2540 35
2540 35
2540 34
2540 35
2540 36
2540 34
2540 36
2540 35
2540 36
2540 35
2540 35
2545 33
2545 33
2545 33
2545 32
2545 32
2545 33
2545 33
2545 33
2545 32
2545 33
2545 34
2545 32
2545 32
2545 34
2545 34
2545 33
2545 33
2545 34
2545 32
2545 33
2545 34
2545 32
2545 32
2545 33
2545 35
2545 33
2545 34
2545 32
2545 34
2545 32
2545 32
2545 34
2545 33
2545 33
2545 32
2545 34
2545 33
2545 32
2545 32
2545 33
2545 33
2545 34
2545 33
2545 33
2545 34
2545 32
2545 33
2545 34
2545 33
2545 33
2545 33
2545 34
2545 33
2545 32
2545 32
2545 32
2545 33
2545 33
2545 32
2545 33
2545 32
2545 34
2545 32
2545 32
2545 32
2545 32
2545 33
2545 33
2545 33
2545 33
2545 32
2545 34
2545 32
2545 33
2545 32
2545 34
2545 33
2545 32
2545 33
2545 33
2545 32
2545 33
2545 33
2545 33
2545 33
2545 34
2545 33
2545 34
2545 33
2545 34
2545 34
2545 34
2545 33
2545 33
2545 33
2545 32
2545 33
2545 32
2545 32
2545 34
2550 31
2550 31
2550 32
2550 31
2550 32
2550 31
2550 32
2550 31
2550 32
2550 32
2550 31
2550 32
2550 32
2550 32
2550 31
2550 32
2550 32
2550 31
2550 32
2550 31
2550 32
2550 32
2550 32
2550 32
2550 32
2550 32
2550 32
2550 32
2550 31
2550 32
2550 31
2550 31
2550 32
2550 31
2550 32
2550 32
2550 31
2550 32
2550 32
2550 32
2550 32
2550 32
2550 32
2550 31
2550 32
2550 31
2550 31
2550 32
2550 31
2550 31
2550 31
2550 31
2550 31
2550 32
2550 32
2550 31
2550 31
2550 31
2550 32
2550 31
2550 32
2550 31
2550 32
2550 32
2550 31
2550 31
2550 31
2550 32
2550 32
2550 31
2550 31
2550 31
2550 32
2550 32
2550 32
2550 31
2550 32
2550 31
2550 32
2550 31
2550 32
2550 32
2550 32
2550 32
2550 31
2550 32
2550 32
2550 31
2550 31
2550 32
2550 32
2550 31
2550 31
2550 32
2550 32
2550 31
2550 32
2550 31
2550 31
2550 32
2555 29
2555 29
2555 31
2555 31
2555 30
2555 31
2555 30
2555 30
2555 29
2555 29
2555 29
2555 30
2555 30
2555 30
2555 29
2555 29
2555 30
2555 31
2555 29
2555 30
2555 31
2555 29
2555 30
2555 29
2555 29
2555 31
2555 29
2555 30
2555 29
2555 28
2555 30
2555 30
2555 29
2555 29
2555 28
2555 28
2555 30
2555 30
2555 30
2555 29
2555 30
2555 30
2555 30
2555 29
2555 28
2555 30
2555 30
2555 30
2555 30
2555 31
2555 31
2555 30
2555 30
2555 30
2555 30
2555 31
2555 30
2555 29
2555 29
2555 30
2555 31
2555 29
2555 28
2555 29
2555 30
2555 29
2555 29
2555 31
2555 31
2555 30
2555 29
2555 29
2555 30
2555 30
2555 29
2555 29
2555 30
2555 30
2555 29
2555 30
2555 30
2555 29
2555 30
2555 31
2555 29
2555 28
2555 30
2555 29
2555 29
2555 29
2555 30
2555 30
2555 30
2555 30
2555 31
2555 29
2555 29
2555 29
2555 31
2555 30
2560 26
2560 28
2560 28
2560 27
2560 27
2560 27
2560 27
2560 28
2560 27
2560 28
2560 27
2560 28
2560 27
2560 27
2560 27
2560 28
2560 27
2560 27
2560 27
2560 27
2560 28
2560 27
2560 27
2560 28
2560 27
2560 26
2560 27
2560 27
2560 27
2560 27
2560 27
2560 27
2560 27
2560 27
2560 27
2560 27
2560 28
2560 28
2560 27
2560 28
2560 27
2560 25
2560 28
2560 28
2560 27
2560 27
2560 28
2560 27
2560 27
2560 28
2560 28
2560 27
2560 27
2560 28
2560 27
2560 27
2560 27
2560 27
2560 27
2560 26
2560 27
2560 27
2560 27
2560 27
2560 28
2560 27
2560 28
2560 27
2560 28
2560 27
2560 27
2560 28
2560 27
2560 27
2560 29
2560 26
2560 27
2560 28
2560 27
2560 27
2560 28
2560 27
2560 28
2560 27
2560 27
2560 27
2560 29
2560 27
2560 28
2560 28
2560 27
2560 29
2560 27
2560 27
2560 28
2560 28
2560 27
2560 27
2560 27
2560 27
2565 25
2565 25
2565 24
2565 25
2565 25
2565 26
2565 25
2565 25
2565 25
2565 25
2565 25
2565 25
2565 25
2565 25
2565 24
2565 24
2565 25
2565 25
2565 26
2565 24
2565 25
2565 25
2565 25
2565 24
2565 25
2565 25
2565 25
2565 24
2565 25
2565 25
2565 25
2565 25
2565 25
2565 25
2565 24
2565 25
2565 25
2565 25
2565 24
2565 25
2565 25
2565 25
2565 25
2565 25
2565 25
2565 25
2565 25
2565 25
2565 25
2565 25
2565 25
2565 25
2565 25
2565 25
2565 25
2565 24
2565 25
2565 24
2565 25
2565 25
2565 24
2565 25
2565 25
2565 25
2565 25
2565 25
2565 25
2565 25
2565 25
2565 24
2565 25
2565 25
2565 25
2565 25
2565 25
2565 25
2565 24
2565 25
2565 24
2565 24
2565 25
2565 25
2565 25
2565 25
2565 25
2565 25
2565 26
2565 26
2565 25
2565 26
2565 25
2565 25
2565 25
2565 25
2565 25
2565 25
2565 25
2565 25
2565 25
2565 25
2570 24
2570 24
2570 24
2570 23
2570 23
2570 24
2570 24
2570 24
2570 24
2570 24
2570 24
2570 24
2570 24
2570 23
2570 23
2570 24
2570 24
2570 24
2570 24
2570 24
2570 24
2570 24
2570 24
2570 24
2570 24
2570 24
2570 24
2570 23
2570 23
2570 23
2570 23
2570 24
2570 23
2570 24
2570 24
2570 24
2570 24
2570 23
2570 24
2570 24
2570 24
2570 24
2570 23
2570 24
2570 24
2570 24
2570 24
2570 23
2570 23
2570 24
2570 25
2570 24
2570 25
2570 24
2570 24
2570 23
2570 24
2570 24
2570 24
2570 23
2570 24
2570 24
2570 24
2570 23
2570 24
2570 23
2570 24
2570 23
2570 24
2570 24
2570 24
2570 24
2570 24
2570 24
2570 24
2570 23
2570 23
2570 23
2570 23
2570 23
2570 24
2570 23
2570 24
2570 23
2570 24
2570 24
2570 23
2570 24
2570 23
2570 24
2570 24
2570 24
2570 22
2570 24
2570 24
2570 24
2570 24
2570 24
2570 23
2570 24
2575 22
2575 22
2575 22
2575 22
2575 22
2575 21
2575 22
2575 21
2575 21
2575 21
2575 22
2575 21
2575 22
2575 22
2575 21
2575 22
2575 22
2575 22
2575 21
2575 22
2575 23
2575 21
2575 22
2575 22
2575 22
2575 21
2575 22
2575 22
2575 20
2575 22
2575 22
2575 21
2575 22
2575 21
2575 21
2575 21
2575 21
2575 23
2575 22
2575 22
2575 20
2575 21
2575 22
2575 21
2575 22
2575 21
2575 21
2575 22
2575 21
2575 22
2575 22
2575 21
2575 21
2575 22
2575 22
2575 21
2575 22
2575 22
2575 21
2575 22
2575 22
2575 21
2575 21
2575 21
2575 22
2575 20
2575 22
2575 21
2575 21
2575 21
2575 21
2575 22
2575 21
2575 22
2575 20
2575 22
2575 22
2575 21
2575 22
2575 21
2575 21
2575 21
2575 21
2575 21
2575 22
2575 22
2575 21
2575 22
2575 21
2575 22
2575 22
2575 21
2575 22
2575 22
2575 22
2575 22
2575 21
2575 21
2575 21
2575 21
2580 18
2580 19
2580 17
2580 18
2580 19
2580 18
2580 18
2580 18
2580 19
2580 18
2580 19
2580 19
2580 18
2580 19
2580 18
2580 18
2580 20
2580 18
2580 19
2580 19
2580 18
2580 19
2580 19
2580 18
2580 18
2580 18
2580 18
2580 19
2580 18
2580 19
2580 18
2580 17
2580 18
2580 18
2580 18
2580 17
2580 18
2580 18
2580 19
2580 19
2580 18
2580 18
2580 17
2580 18
2580 18
2580 19
2580 19
2580 19
2580 18
2580 19
2580 18
2580 18
2580 19
2580 17
2580 17
2580 18
2580 17
2580 19
2580 18
2580 18
2580 17
2580 19
2580 18
2580 18
2580 19
2580 18
2580 18
2580 18
2580 18
2580 18
2580 18
2580 18
2580 19
2580 18
2580 18
2580 20
2580 19
2580 18
2580 19
2580 19
2580 17
2580 18
2580 18
2580 19
2580 19
2580 18
2580 19
2580 17
2580 19
2580 18
2580 19
2580 18
2580 18
2580 17
2580 19
2580 19
2580 19
2580 19
2580 19
2580 19
2585 17
2585 17
2585 17
2585 17
2585 16
2585 16
2585 16
2585 16
2585 16
2585 16
2585 16
2585 16
2585 16
2585 17
2585 17
2585 17
2585 16
2585 16
2585 16
2585 16
2585 18
2585 17
2585 17
2585 17
2585 17
2585 16
2585 17
2585 16
2585 17
2585 17
2585 17
2585 16
2585 17
2585 17
2585 17
2585 16
2585 17
2585 15
2585 17
2585 16
2585 17
2585 18
2585 16
2585 16
2585 17
2585 17
2585 17
2585 17
2585 17
2585 16
2585 17
2585 17
2585 16
2585 16
2585 16
2585 15
2585 17
2585 17
2585 16
2585 17
2585 16
2585 17
2585 17
2585 17
2585 17
2585 18
2585 17
2585 17
2585 17
2585 16
2585 17
2585 16
2585 17
2585 17
2585 17
2585 17
2585 17
2585 17
2585 16
2585 17
2585 16
2585 17
2585 17
2585 16
2585 17
2585 16
2585 17
2585 17
2585 16
2585 16
2585 17
2585 16
2585 16
2585 17
2585 16
2585 17
2585 17
2585 17
2585 17
2585 17
2590 15
2590 14
2590 15
2590 15
2590 15
2590 15
2590 15
2590 14
2590 15
2590 16
2590 15
2590 15
2590 16
2590 15
2590 15
2590 15
2590 16
2590 15
2590 15
2590 15
2590 15
2590 15
2590 15
2590 15
2590 15
2590 15
2590 15
2590 15
2590 15
2590 15
2590 15
2590 16
2590 14
2590 14
2590 16
2590 15
2590 15
2590 16
2590 15
2590 15
2590 16
2590 16
2590 15
2590 15
2590 16
2590 15
2590 16
2590 15
2590 15
2590 15
2590 15
2590 15
2590 16
2590 15
2590 15
2590 15
2590 15
2590 15
2590 16
2590 15
2590 14
2590 15
2590 16
2590 16
2590 14
2590 15
2590 16
2590 15
2590 14
2590 15
2590 15
2590 15
2590 16
2590 16
2590 14
2590 15
2590 15
2590 15
2590 15
2590 14
2590 15
2590 15
2590 14
2590 15
2590 16
2590 15
2590 15
2590 15
2590 15
2590 15
2590 15
2590 15
2590 15
2590 15
2590 14
2590 16
2590 16
2590 14
2590 15
2590 14
2595 14
2595 12
2595 13
2595 13
2595 13
2595 13
2595 13
2595 13
2595 12
2595 14
2595 12
2595 13
2595 13
2595 13
2595 13
2595 14
2595 13
2595 13
2595 14
2595 12
2595 13
2595 13
2595 13
2595 13
2595 13
2595 13
2595 13
2595 12
2595 13
2595 13
2595 13
2595 12
2595 13
2595 13
2595 13
2595 11
2595 13
2595 12
2595 13
2595 13
2595 13
2595 12
2595 12
2595 12
2595 13
2595 13
2595 13
2595 13
2595 12
2595 13
2595 13
2595 13
2595 13
2595 13
2595 12
2595 12
2595 13
2595 13
2595 13
2595 13
2595 13
2595 13
2595 13
2595 13
2595 13
2595 12
2595 13
2595 13
2595 13
2595 13
2595 13
2595 13
2595 13
2595 13
2595 13
2595 12
2595 13
2595 13
2595 12
2595 13
2595 13
2595 14
2595 13
2595 13
2595 12
2595 12
2595 13
2595 12
2595 14
2595 12
2595 13
2595 14
2595 14
2595 11
2595 12
2595 13
2595 13
2595 14
2595 13
2600 9
2600 10
2600 9
2600 11
2600 11
2600 10
2600 9
2600 11
2600 10
2600 11
2600 11
2600 11
2600 10
2600 10
2600 11
2600 10
2600 10
2600 10
2600 10
2600 10
2600 10
2600 11
2600 11
2600 11
2600 11
2600 10
2600 11
2600 11
2600 10
2600 11
2600 10
2600 10
2600 10
2600 11
2600 11
2600 11
2600 10
2600 11
2600 10
2600 10
2600 11
2600 10
2600 10
2600 11
2600 9
2600 10
2600 11
2600 10
2600 10
2600 10
2600 10
2600 10
2600 10
2600 10
2600 11
2600 10
2600 11
2600 10
2600 10
2600 9
2600 10
2600 10
2600 11
2600 11
2600 10
2600 9
2600 11
2600 10
2600 9
2600 11
2600 10
2600 9
2600 10
2600 11
2600 11
2600 10
2600 11
2600 10
2600 10
2600 10
2600 11
2600 11
2600 10
2600 10
2600 10
2600 10
2600 10
2600 10
2600 10
2600 10
2600 10
2600 10
2600 10
2600 10
2600 11
2600 10
2600 11
2600 11
2600 10
2600 11
2605 7
2605 9
2605 9
2605 7
2605 8
2605 9
2605 7
2605 9
2605 8
2605 7
2605 8
2605 8
2605 7
2605 7
2605 8
2605 8
2605 7
2605 9
2605 8
2605 7
2605 8
2605 7
2605 9
2605 8
2605 8
2605 9
2605 9
2605 8
2605 9
2605 9
2605 8
2605 7
2605 6
2605 8
2605 8
2605 8
2605 8
2605 7
2605 7
2605 8
2605 8
2605 9
2605 8
2605 9
2605 8
2605 8
2605 9
2605 9
2605 7
2605 7
2605 9
2605 7
2605 7
2605 8
2605 8
2605 9
2605 9
2605 8
2605 7
2605 5
2605 7
2605 7
2605 9
2605 9
2605 8
2605 9
2605 7
2605 6
2605 8
2605 8
2605 9
2605 8
2605 8
2605 9
2605 8
2605 8
2605 7
2605 7
2605 8
2605 9
2605 8
2605 7
2605 9
2605 8
2605 8
2605 8
2605 7
2605 9
2605 9
2605 9
2605 8
2605 8
2605 9
2605 8
2605 7
2605 9
2605 8
2605 8
2605 8
2605 7
2610 5
2610 5
2610 5
2610 5
2610 6
2610 6
2610 5
2610 6
2610 5
2610 5
2610 5
2610 5
2610 5
2610 6
2610 5
2610 4
2610 6
2610 5
2610 6
2610 5
2610 5
2610 5
2610 6
2610 5
2610 5
2610 5
2610 5
2610 5
2610 6
2610 4
2610 5
2610 5
2610 7
2610 6
2610 5
2610 6
2610 7
2610 7
2610 5
2610 7
2610 5
2610 5
2610 6
2610 5
2610 6
2610 7
2610 6
2610 5
2610 5
2610 5
2610 6
2610 4
2610 5
2610 7
2610 6
2610 5
2610 4
2610 6
2610 6
2610 5
2610 5
2610 5
2610 6
2610 6
2610 6
2610 6
2610 6
2610 7
2610 6
2610 4
2610 6
2610 6
2610 5
2610 5
2610 6
2610 5
2610 6
2610 6
2610 5
2610 5
2610 5
2610 5
2610 5
2610 5
2610 6
2610 4
2610 5
2610 6
2610 6
2610 6
2610 6
2610 6
2610 5
2610 5
2610 6
2610 7
2610 6
2610 4
2610 5
2615 4
2615 4
2615 4
2615 3
2615 4
2615 5
2615 3
2615 3
2615 3
2615 4
2615 3
2615 3
2615 4
2615 3
2615 3
2615 4
2615 4
2615 3
2615 3
2615 5
2615 3
2615 3
2615 4
2615 4
2615 4
2615 3
2615 4
2615 4
2615 4
2615 3
2615 4
2615 4
2615 5
2615 3
2615 3
2615 3
2615 3
2615 4
2615 4
2615 5
2615 4
2615 4
2615 3
2615 4
2615 4
2615 4
2615 4
2615 4
2615 3
2615 3
2615 4
2615 4
2615 3
2615 3
2615 3
2615 3
2615 4
2615 5
2615 4
2615 3
2615 3
2615 3
2615 3
2615 3
2615 4
2615 3
2615 3
2615 3
2615 4
2615 3
2615 4
2615 4
2615 3
2615 8
2615 4
2615 3
2615 3
2615 5
2615 3
2615 3
2615 5
2615 3
2615 3
