TOA measurement vs Delay ---- Mon Jun 15 01:07:43 2020
Pixel = 8
config file = config/asic_config_B4.yml
NofIterations = 100
LSBest = 24.175997996423824
mean value = [  0.           0.           0.           0.           0.
   0.           0.           0.           0.           0.
   0.           0.           0.           0.           0.
   0.           0.           0.           0.           0.
 126.         124.34       122.66       120.92       117.8989899
 115.9        113.89       111.99       109.42       107.84
 105.35       103.97979798 101.69        99.37        98.97
  96.95        93.91919192  92.02        90.56122449  88.86
  85.67        83.93        81.88        79.98        77.39
  75.83        73.50505051  72.34        69.91        67.85
  66.95        64.67676768  62.04        60.          58.19
  56.7979798   53.61        51.85        49.9         48.01010101
  45.84        44.17171717  42.4         40.80808081  38.
  36.91919192  35.          33.53        31.51        28.85
  27.06        25.04040404  23.76        21.06        19.37373737
  17.41        14.65        13.07        11.51         9.08
   7.12         5.23         3.05         0.           0.
   0.           0.           0.           0.           0.
   0.           0.           0.           0.           0.
   0.           0.           0.           0.           0.        ]
sigma = [0.         0.         0.         0.         0.         0.
 0.         0.         0.         0.         0.         0.
 0.         0.         0.         0.         0.         0.
 0.         0.         0.28867513 0.57247999 0.55473718 0.48675798
 0.64541819 0.59441848 0.5667745  0.48294237 0.60575022 0.54564946
 0.68617296 0.58783626 0.5451911  0.73241609 0.36391391 0.48045118
 0.91895601 0.53191478 0.59160211 0.45136829 0.66665833 0.51810552
 0.49893219 0.40365001 0.63342982 0.494402   0.61131977 0.55473718
 0.40648903 0.8892881  0.38837267 0.54962398 0.63382437 0.40414519
 0.61419324 0.49451125 0.70797834 0.53928966 0.43969687 0.39234981
 0.48757905 0.53494839 0.61913919 0.48828224 0.42817442 0.44498934
 0.28867513 0.57657032 0.90179451 0.60896086 0.48962571 0.3494351
 0.5345403  0.39966653 0.69210349 0.57029232 0.55752429 0.38527047
 0.57726366 0.39614812 0.53752519 0.51032669 0.36170891 0.
 0.         0.         0.         0.         0.         0.
 0.         0.         0.         0.         0.         0.
 0.         0.         0.         0.        ]
Pulse delay   TOA 
2295 126
2300 126
2300 126
2300 126
2300 126
2300 126
2300 126
2300 126
2300 126
2300 126
2300 126
2300 126
2300 126
2300 126
2300 126
2300 126
2300 126
2300 126
2300 126
2300 126
2300 126
2300 126
2300 126
2300 126
2300 126
2300 126
2300 126
2300 126
2300 126
2300 126
2300 126
2300 126
2300 126
2300 126
2300 126
2300 126
2300 126
2300 126
2300 126
2300 126
2300 126
2300 126
2300 126
2300 126
2300 126
2300 126
2300 126
2300 126
2300 126
2300 126
2300 126
2300 126
2300 126
2300 126
2300 126
2300 126
2300 126
2300 126
2300 126
2300 126
2300 126
2300 126
2300 126
2300 126
2300 126
2300 126
2300 126
2300 126
2300 126
2300 126
2300 126
2300 126
2300 126
2300 126
2300 126
2300 126
2300 126
2300 126
2300 126
2300 126
2300 126
2300 126
2300 126
2300 126
2300 126
2300 126
2300 126
2300 126
2300 126
2300 126
2300 126
2305 124
2305 125
2305 124
2305 125
2305 124
2305 124
2305 124
2305 124
2305 124
2305 124
2305 124
2305 124
2305 125
2305 124
2305 124
2305 124
2305 125
2305 125
2305 124
2305 124
2305 125
2305 124
2305 124
2305 124
2305 125
2305 124
2305 125
2305 124
2305 124
2305 125
2305 124
2305 125
2305 124
2305 124
2305 125
2305 124
2305 125
2305 124
2305 124
2305 125
2305 124
2305 124
2305 124
2305 125
2305 124
2305 124
2305 125
2305 125
2305 125
2305 124
2305 124
2305 125
2305 124
2305 125
2305 124
2305 124
2305 124
2305 125
2305 125
2305 124
2305 124
2305 124
2305 124
2305 125
2305 124
2305 124
2305 125
2305 124
2305 124
2305 124
2305 124
2305 124
2305 124
2305 124
2305 124
2305 124
2305 125
2305 124
2305 124
2305 124
2305 124
2305 124
2305 126
2305 124
2305 125
2305 125
2305 125
2305 125
2305 124
2305 125
2305 125
2305 125
2305 124
2305 124
2305 124
2305 125
2305 124
2305 124
2305 124
2305 124
2310 122
2310 123
2310 122
2310 122
2310 122
2310 122
2310 122
2310 122
2310 123
2310 123
2310 123
2310 122
2310 123
2310 122
2310 123
2310 123
2310 122
2310 122
2310 123
2310 122
2310 123
2310 123
2310 123
2310 122
2310 123
2310 122
2310 122
2310 123
2310 123
2310 123
2310 123
2310 123
2310 123
2310 123
2310 122
2310 123
2310 122
2310 122
2310 123
2310 122
2310 122
2310 123
2310 122
2310 123
2310 122
2310 123
2310 122
2310 123
2310 123
2310 123
2310 122
2310 123
2310 122
2310 122
2310 123
2310 123
2310 123
2310 123
2310 123
2310 122
2310 123
2310 123
2310 123
2310 123
2310 123
2310 123
2310 123
2310 122
2310 123
2310 122
2310 123
2310 123
2310 123
2310 123
2310 123
2310 123
2310 122
2310 122
2310 123
2310 123
2310 123
2310 123
2310 123
2310 123
2310 123
2310 123
2310 123
2310 123
2310 123
2310 122
2310 122
2310 123
2310 123
2310 123
2310 123
2310 123
2310 123
2310 123
2310 123
2310 122
2315 121
2315 121
2315 121
2315 121
2315 121
2315 121
2315 121
2315 121
2315 121
2315 121
2315 121
2315 121
2315 121
2315 121
2315 121
2315 121
2315 120
2315 121
2315 121
2315 121
2315 121
2315 121
2315 121
2315 121
2315 121
2315 121
2315 121
2315 121
2315 121
2315 121
2315 121
2315 121
2315 121
2315 121
2315 121
2315 121
2315 121
2315 121
2315 121
2315 118
2315 121
2315 121
2315 120
2315 121
2315 121
2315 121
2315 121
2315 121
2315 121
2315 121
2315 122
2315 121
2315 121
2315 121
2315 121
2315 121
2315 121
2315 121
2315 121
2315 121
2315 121
2315 121
2315 121
2315 121
2315 121
2315 121
2315 121
2315 120
2315 121
2315 121
2315 121
2315 120
2315 121
2315 121
2315 121
2315 121
2315 121
2315 121
2315 121
2315 121
2315 121
2315 121
2315 121
2315 121
2315 121
2315 121
2315 120
2315 121
2315 121
2315 121
2315 121
2315 121
2315 121
2315 120
2315 121
2315 121
2315 121
2315 121
2315 121
2315 121
2320 118
2320 118
2320 118
2320 118
2320 118
2320 119
2320 118
2320 119
2320 118
2320 117
2320 119
2320 118
2320 118
2320 118
2320 118
2320 118
2320 117
2320 118
2320 118
2320 117
2320 118
2320 118
2320 118
2320 118
2320 118
2320 117
2320 118
2320 118
2320 118
2320 118
2320 118
2320 118
2320 118
2320 118
2320 115
2320 118
2320 118
2320 119
2320 118
2320 118
2320 119
2320 118
2320 118
2320 118
2320 118
2320 118
2320 118
2320 117
2320 118
2320 118
2320 118
2320 118
2320 118
2320 118
2320 118
2320 118
2320 117
2320 118
2320 118
2320 119
2320 118
2320 117
2320 118
2320 118
2320 118
2320 117
2320 118
2320 119
2320 118
2320 118
2320 117
2320 118
2320 118
2320 119
2320 117
2320 118
2320 118
2320 118
2320 117
2320 118
2320 118
2320 117
2320 118
2320 118
2320 118
2320 117
2320 118
2320 118
2320 117
2320 118
2320 118
2320 118
2320 117
2320 118
2320 117
2320 119
2320 118
2320 118
2320 118
2325 116
2325 116
2325 116
2325 116
2325 116
2325 116
2325 116
2325 114
2325 114
2325 116
2325 116
2325 117
2325 116
2325 116
2325 116
2325 116
2325 117
2325 116
2325 116
2325 116
2325 116
2325 116
2325 116
2325 116
2325 116
2325 116
2325 116
2325 116
2325 116
2325 116
2325 116
2325 116
2325 116
2325 116
2325 116
2325 116
2325 116
2325 116
2325 116
2325 116
2325 116
2325 116
2325 116
2325 114
2325 114
2325 116
2325 116
2325 116
2325 115
2325 116
2325 116
2325 115
2325 116
2325 116
2325 115
2325 116
2325 116
2325 116
2325 116
2325 116
2325 116
2325 116
2325 114
2325 116
2325 116
2325 116
2325 116
2325 116
2325 116
2325 116
2325 115
2325 116
2325 116
2325 116
2325 116
2325 116
2325 116
2325 116
2325 116
2325 116
2325 116
2325 116
2325 116
2325 116
2325 116
2325 116
2325 116
2325 117
2325 117
2325 116
2325 116
2325 116
2325 116
2325 116
2325 116
2325 116
2325 116
2325 116
2325 116
2325 116
2330 114
2330 114
2330 114
2330 114
2330 114
2330 114
2330 114
2330 114
2330 114
2330 114
2330 114
2330 114
2330 114
2330 114
2330 114
2330 114
2330 114
2330 112
2330 114
2330 114
2330 114
2330 114
2330 114
2330 114
2330 114
2330 114
2330 114
2330 114
2330 114
2330 114
2330 114
2330 114
2330 114
2330 114
2330 114
2330 114
2330 111
2330 114
2330 114
2330 114
2330 114
2330 114
2330 114
2330 114
2330 114
2330 114
2330 114
2330 114
2330 114
2330 114
2330 114
2330 114
2330 114
2330 114
2330 112
2330 112
2330 114
2330 114
2330 114
2330 114
2330 114
2330 114
2330 114
2330 112
2330 114
2330 114
2330 114
2330 114
2330 114
2330 114
2330 114
2330 114
2330 114
2330 114
2330 114
2330 114
2330 114
2330 114
2330 114
2330 114
2330 114
2330 114
2330 114
2330 114
2330 114
2330 114
2330 114
2330 114
2330 114
2330 114
2330 114
2330 114
2330 114
2330 114
2330 114
2330 114
2330 114
2330 114
2330 114
2330 114
2335 112
2335 112
2335 111
2335 112
2335 112
2335 112
2335 112
2335 112
2335 112
2335 112
2335 112
2335 112
2335 112
2335 112
2335 112
2335 112
2335 112
2335 112
2335 112
2335 112
2335 112
2335 112
2335 112
2335 112
2335 112
2335 112
2335 110
2335 112
2335 112
2335 112
2335 112
2335 112
2335 112
2335 112
2335 111
2335 112
2335 112
2335 112
2335 112
2335 112
2335 112
2335 112
2335 112
2335 110
2335 112
2335 113
2335 112
2335 112
2335 112
2335 112
2335 112
2335 112
2335 112
2335 112
2335 113
2335 112
2335 112
2335 112
2335 112
2335 112
2335 112
2335 112
2335 112
2335 112
2335 112
2335 112
2335 112
2335 112
2335 112
2335 113
2335 112
2335 113
2335 112
2335 112
2335 112
2335 113
2335 112
2335 112
2335 112
2335 112
2335 112
2335 112
2335 112
2335 112
2335 112
2335 112
2335 112
2335 112
2335 112
2335 112
2335 112
2335 112
2335 112
2335 112
2335 112
2335 112
2335 112
2335 112
2335 112
2335 112
2340 110
2340 109
2340 110
2340 109
2340 110
2340 109
2340 110
2340 109
2340 109
2340 109
2340 110
2340 109
2340 110
2340 110
2340 109
2340 110
2340 109
2340 110
2340 110
2340 110
2340 110
2340 109
2340 109
2340 109
2340 109
2340 109
2340 110
2340 109
2340 109
2340 110
2340 110
2340 109
2340 110
2340 109
2340 109
2340 110
2340 110
2340 108
2340 109
2340 109
2340 109
2340 109
2340 110
2340 109
2340 110
2340 109
2340 109
2340 109
2340 109
2340 110
2340 109
2340 109
2340 109
2340 109
2340 110
2340 109
2340 109
2340 110
2340 110
2340 110
2340 110
2340 109
2340 110
2340 110
2340 109
2340 110
2340 109
2340 109
2340 110
2340 110
2340 110
2340 109
2340 109
2340 109
2340 109
2340 109
2340 110
2340 110
2340 110
2340 109
2340 109
2340 110
2340 109
2340 110
2340 108
2340 109
2340 109
2340 110
2340 110
2340 109
2340 110
2340 109
2340 110
2340 109
2340 110
2340 110
2340 109
2340 109
2340 109
2340 110
2345 108
2345 108
2345 108
2345 108
2345 108
2345 108
2345 108
2345 108
2345 108
2345 108
2345 108
2345 108
2345 108
2345 108
2345 108
2345 108
2345 108
2345 108
2345 108
2345 108
2345 108
2345 108
2345 108
2345 108
2345 108
2345 108
2345 108
2345 108
2345 107
2345 108
2345 108
2345 108
2345 108
2345 108
2345 108
2345 108
2345 107
2345 108
2345 108
2345 108
2345 108
2345 107
2345 108
2345 107
2345 107
2345 108
2345 108
2345 108
2345 108
2345 108
2345 108
2345 107
2345 108
2345 108
2345 108
2345 108
2345 108
2345 108
2345 108
2345 108
2345 108
2345 108
2345 108
2345 107
2345 107
2345 108
2345 108
2345 108
2345 108
2345 107
2345 108
2345 108
2345 108
2345 108
2345 108
2345 108
2345 107
2345 108
2345 108
2345 108
2345 108
2345 108
2345 108
2345 108
2345 108
2345 108
2345 107
2345 108
2345 108
2345 108
2345 108
2345 106
2345 105
2345 108
2345 108
2345 108
2345 108
2345 108
2345 108
2345 108
2350 105
2350 106
2350 105
2350 105
2350 105
2350 106
2350 106
2350 105
2350 106
2350 106
2350 105
2350 105
2350 106
2350 105
2350 105
2350 105
2350 106
2350 104
2350 104
2350 106
2350 106
2350 106
2350 105
2350 106
2350 106
2350 107
2350 105
2350 105
2350 105
2350 105
2350 106
2350 106
2350 105
2350 106
2350 105
2350 105
2350 105
2350 105
2350 105
2350 106
2350 104
2350 104
2350 104
2350 105
2350 106
2350 106
2350 105
2350 105
2350 104
2350 106
2350 105
2350 106
2350 105
2350 105
2350 106
2350 106
2350 105
2350 105
2350 105
2350 106
2350 105
2350 106
2350 105
2350 105
2350 105
2350 105
2350 105
2350 105
2350 105
2350 106
2350 106
2350 105
2350 106
2350 105
2350 105
2350 106
2350 105
2350 105
2350 105
2350 106
2350 106
2350 105
2350 105
2350 106
2350 105
2350 105
2350 105
2350 106
2350 106
2350 105
2350 106
2350 106
2350 105
2350 106
2350 105
2350 107
2350 105
2350 106
2350 105
2350 105
2355 104
2355 104
2355 104
2355 104
2355 104
2355 103
2355 104
2355 103
2355 104
2355 104
2355 104
2355 104
2355 104
2355 104
2355 104
2355 104
2355 104
2355 105
2355 104
2355 104
2355 104
2355 104
2355 104
2355 104
2355 104
2355 104
2355 104
2355 104
2355 104
2355 105
2355 104
2355 104
2355 104
2355 104
2355 104
2355 104
2355 102
2355 102
2355 104
2355 104
2355 104
2355 104
2355 104
2355 104
2355 104
2355 104
2355 104
2355 105
2355 104
2355 104
2355 104
2355 104
2355 104
2355 104
2355 104
2355 105
2355 104
2355 102
2355 102
2355 104
2355 105
2355 104
2355 104
2355 104
2355 104
2355 104
2355 104
2355 104
2355 104
2355 104
2355 105
2355 104
2355 104
2355 104
2355 104
2355 104
2355 104
2355 104
2355 104
2355 104
2355 104
2355 104
2355 104
2355 104
2355 104
2355 104
2355 104
2355 104
2355 104
2355 104
2355 104
2355 104
2355 104
2355 104
2355 105
2355 104
2355 105
2355 104
2355 104
2360 102
2360 102
2360 101
2360 101
2360 102
2360 101
2360 102
2360 102
2360 101
2360 102
2360 102
2360 102
2360 101
2360 102
2360 102
2360 101
2360 102
2360 102
2360 101
2360 102
2360 102
2360 102
2360 102
2360 102
2360 102
2360 102
2360 102
2360 101
2360 101
2360 102
2360 102
2360 101
2360 102
2360 102
2360 102
2360 102
2360 102
2360 102
2360 101
2360 101
2360 102
2360 102
2360 102
2360 102
2360 102
2360 102
2360 102
2360 102
2360 102
2360 102
2360 102
2360 102
2360 102
2360 102
2360 102
2360 102
2360 102
2360 102
2360 101
2360 102
2360 102
2360 102
2360 101
2360 101
2360 101
2360 101
2360 101
2360 102
2360 101
2360 101
2360 102
2360 101
2360 102
2360 102
2360 101
2360 101
2360 102
2360 101
2360 102
2360 102
2360 102
2360 101
2360 102
2360 101
2360 102
2360 102
2360 101
2360 102
2360 102
2360 101
2360 102
2360 101
2360 102
2360 102
2360 102
2360 102
2360 101
2360 101
2360 102
2360 102
2365 101
2365 99
2365 99
2365 100
2365 99
2365 99
2365 99
2365 100
2365 100
2365 99
2365 99
2365 99
2365 99
2365 99
2365 99
2365 100
2365 99
2365 101
2365 100
2365 99
2365 99
2365 100
2365 99
2365 99
2365 99
2365 99
2365 99
2365 99
2365 100
2365 99
2365 99
2365 101
2365 99
2365 100
2365 99
2365 99
2365 99
2365 99
2365 100
2365 99
2365 99
2365 99
2365 99
2365 100
2365 99
2365 99
2365 99
2365 99
2365 99
2365 99
2365 99
2365 99
2365 99
2365 99
2365 99
2365 99
2365 99
2365 99
2365 99
2365 100
2365 99
2365 99
2365 100
2365 99
2365 99
2365 101
2365 99
2365 99
2365 98
2365 99
2365 99
2365 100
2365 99
2365 99
2365 101
2365 101
2365 101
2365 99
2365 99
2365 99
2365 99
2365 99
2365 100
2365 99
2365 101
2365 100
2365 99
2365 100
2365 100
2365 99
2365 100
2365 99
2365 99
2365 99
2365 101
2365 99
2365 99
2365 101
2365 99
2365 99
2370 99
2370 99
2370 97
2370 98
2370 99
2370 99
2370 99
2370 99
2370 99
2370 99
2370 99
2370 99
2370 99
2370 99
2370 99
2370 99
2370 99
2370 99
2370 99
2370 99
2370 99
2370 99
2370 99
2370 99
2370 99
2370 99
2370 99
2370 99
2370 99
2370 99
2370 99
2370 99
2370 99
2370 99
2370 99
2370 99
2370 99
2370 99
2370 99
2370 99
2370 99
2370 99
2370 99
2370 99
2370 99
2370 99
2370 99
2370 99
2370 99
2370 99
2370 99
2370 99
2370 99
2370 99
2370 99
2370 99
2370 99
2370 99
2370 99
2370 99
2370 99
2370 99
2370 99
2370 99
2370 99
2370 99
2370 99
2370 99
2370 99
2370 99
2370 99
2370 99
2370 99
2370 99
2370 99
2370 99
2370 99
2370 99
2370 99
2370 99
2370 99
2370 99
2370 99
2370 99
2370 99
2370 99
2370 99
2370 99
2370 99
2370 99
2370 99
2370 99
2370 99
2370 99
2370 99
2370 99
2370 99
2370 99
2370 99
2370 99
2375 96
2375 97
2375 97
2375 97
2375 97
2375 97
2375 97
2375 97
2375 97
2375 96
2375 97
2375 97
2375 97
2375 96
2375 97
2375 97
2375 97
2375 97
2375 97
2375 97
2375 97
2375 97
2375 97
2375 97
2375 97
2375 97
2375 97
2375 96
2375 98
2375 97
2375 97
2375 97
2375 97
2375 97
2375 97
2375 97
2375 97
2375 97
2375 97
2375 97
2375 97
2375 97
2375 98
2375 97
2375 97
2375 97
2375 97
2375 97
2375 97
2375 97
2375 97
2375 97
2375 97
2375 97
2375 96
2375 97
2375 98
2375 97
2375 97
2375 98
2375 97
2375 97
2375 97
2375 97
2375 97
2375 97
2375 97
2375 97
2375 97
2375 97
2375 97
2375 97
2375 97
2375 97
2375 97
2375 97
2375 97
2375 97
2375 97
2375 96
2375 97
2375 97
2375 96
2375 97
2375 97
2375 97
2375 97
2375 97
2375 97
2375 97
2375 97
2375 96
2375 96
2375 97
2375 97
2375 98
2375 97
2375 97
2375 96
2375 97
2380 94
2380 94
2380 94
2380 96
2380 94
2380 94
2380 94
2380 94
2380 94
2380 94
2380 94
2380 94
2380 94
2380 94
2380 93
2380 96
2380 94
2380 94
2380 94
2380 92
2380 94
2380 96
2380 94
2380 94
2380 94
2380 94
2380 93
2380 94
2380 96
2380 94
2380 94
2380 94
2380 94
2380 94
2380 94
2380 94
2380 94
2380 94
2380 94
2380 94
2380 94
2380 94
2380 94
2380 94
2380 94
2380 96
2380 94
2380 94
2380 94
2380 94
2380 94
2380 94
2380 92
2380 94
2380 94
2380 96
2380 94
2380 94
2380 94
2380 94
2380 94
2380 94
2380 94
2380 94
2380 94
2380 94
2380 94
2380 94
2380 92
2380 96
2380 94
2380 96
2380 94
2380 94
2380 93
2380 94
2380 94
2380 94
2380 94
2380 94
2380 94
2380 94
2380 92
2380 92
2380 92
2380 94
2380 94
2380 94
2380 92
2380 93
2380 92
2380 92
2380 92
2380 94
2380 94
2380 94
2380 94
2380 94
2380 94
2385 92
2385 92
2385 92
2385 92
2385 93
2385 92
2385 92
2385 92
2385 92
2385 92
2385 92
2385 92
2385 92
2385 92
2385 92
2385 92
2385 92
2385 92
2385 92
2385 92
2385 92
2385 92
2385 94
2385 92
2385 92
2385 92
2385 92
2385 92
2385 92
2385 92
2385 92
2385 92
2385 92
2385 92
2385 92
2385 92
2385 92
2385 92
2385 92
2385 92
2385 92
2385 91
2385 92
2385 92
2385 92
2385 90
2385 90
2385 91
2385 92
2385 92
2385 92
2385 92
2385 92
2385 92
2385 92
2385 92
2385 92
2385 92
2385 92
2385 92
2385 93
2385 92
2385 92
2385 92
2385 92
2385 93
2385 92
2385 92
2385 93
2385 92
2385 92
2385 92
2385 93
2385 92
2385 92
2385 92
2385 92
2385 92
2385 92
2385 93
2385 92
2385 92
2385 92
2385 92
2385 92
2385 92
2385 92
2385 92
2385 92
2385 92
2385 92
2385 92
2385 92
2385 92
2385 92
2385 92
2385 92
2385 92
2385 92
2385 92
2390 91
2390 91
2390 91
2390 91
2390 91
2390 91
2390 90
2390 91
2390 90
2390 90
2390 91
2390 91
2390 90
2390 91
2390 91
2390 90
2390 90
2390 91
2390 90
2390 90
2390 90
2390 90
2390 90
2390 91
2390 91
2390 91
2390 91
2390 91
2390 91
2390 90
2390 91
2390 91
2390 91
2390 91
2390 91
2390 91
2390 90
2390 90
2390 90
2390 90
2390 90
2390 90
2390 90
2390 91
2390 91
2390 90
2390 91
2390 90
2390 90
2390 91
2390 91
2390 91
2390 91
2390 90
2390 90
2390 91
2390 91
2390 90
2390 90
2390 90
2390 90
2390 91
2390 91
2390 91
2390 90
2390 90
2390 91
2390 91
2390 91
2390 91
2390 90
2390 90
2390 91
2390 91
2390 91
2390 90
2390 90
2390 90
2390 91
2390 91
2390 92
2390 90
2390 91
2390 90
2390 91
2390 90
2390 90
2390 91
2390 91
2390 90
2390 90
2390 91
2390 90
2390 91
2390 91
2390 91
2390 90
2390 90
2395 89
2395 88
2395 89
2395 89
2395 89
2395 88
2395 89
2395 89
2395 89
2395 89
2395 89
2395 89
2395 89
2395 89
2395 89
2395 89
2395 89
2395 89
2395 89
2395 88
2395 88
2395 89
2395 89
2395 89
2395 88
2395 89
2395 89
2395 89
2395 89
2395 89
2395 89
2395 89
2395 89
2395 89
2395 89
2395 89
2395 89
2395 89
2395 89
2395 89
2395 89
2395 89
2395 89
2395 89
2395 89
2395 88
2395 89
2395 88
2395 89
2395 89
2395 88
2395 89
2395 89
2395 89
2395 89
2395 89
2395 89
2395 89
2395 89
2395 89
2395 89
2395 89
2395 88
2395 89
2395 89
2395 89
2395 88
2395 89
2395 89
2395 89
2395 89
2395 89
2395 89
2395 89
2395 89
2395 89
2395 89
2395 89
2395 89
2395 89
2395 89
2395 88
2395 89
2395 89
2395 89
2395 88
2395 89
2395 89
2395 89
2395 89
2395 89
2395 89
2395 88
2395 88
2395 89
2395 89
2395 89
2395 89
2395 89
2395 89
2400 86
2400 86
2400 86
2400 86
2400 85
2400 87
2400 85
2400 86
2400 86
2400 84
2400 86
2400 86
2400 86
2400 85
2400 85
2400 86
2400 86
2400 86
2400 86
2400 86
2400 85
2400 86
2400 86
2400 84
2400 84
2400 86
2400 86
2400 86
2400 86
2400 87
2400 85
2400 87
2400 86
2400 85
2400 86
2400 86
2400 86
2400 86
2400 85
2400 85
2400 85
2400 86
2400 87
2400 85
2400 85
2400 86
2400 85
2400 85
2400 86
2400 86
2400 86
2400 86
2400 86
2400 85
2400 85
2400 86
2400 86
2400 85
2400 86
2400 85
2400 86
2400 85
2400 86
2400 86
2400 86
2400 86
2400 86
2400 86
2400 86
2400 85
2400 86
2400 86
2400 86
2400 86
2400 85
2400 86
2400 85
2400 85
2400 85
2400 85
2400 86
2400 85
2400 86
2400 86
2400 86
2400 86
2400 86
2400 85
2400 85
2400 86
2400 85
2400 85
2400 86
2400 86
2400 86
2400 86
2400 86
2400 85
2400 86
2400 86
2405 84
2405 84
2405 85
2405 84
2405 84
2405 84
2405 84
2405 85
2405 84
2405 84
2405 84
2405 84
2405 83
2405 84
2405 85
2405 84
2405 84
2405 84
2405 84
2405 84
2405 84
2405 84
2405 84
2405 84
2405 84
2405 84
2405 83
2405 84
2405 84
2405 84
2405 84
2405 84
2405 84
2405 83
2405 84
2405 84
2405 84
2405 84
2405 84
2405 84
2405 84
2405 85
2405 84
2405 84
2405 84
2405 84
2405 84
2405 84
2405 84
2405 84
2405 84
2405 84
2405 84
2405 84
2405 84
2405 84
2405 84
2405 84
2405 84
2405 84
2405 84
2405 84
2405 84
2405 84
2405 84
2405 84
2405 83
2405 84
2405 84
2405 84
2405 84
2405 82
2405 84
2405 84
2405 84
2405 84
2405 82
2405 84
2405 84
2405 84
2405 84
2405 84
2405 83
2405 84
2405 84
2405 84
2405 84
2405 84
2405 84
2405 84
2405 84
2405 84
2405 83
2405 84
2405 84
2405 84
2405 84
2405 84
2405 84
2405 83
2410 82
2410 82
2410 82
2410 82
2410 82
2410 82
2410 82
2410 82
2410 82
2410 82
2410 82
2410 82
2410 82
2410 82
2410 82
2410 81
2410 82
2410 82
2410 82
2410 82
2410 82
2410 82
2410 82
2410 82
2410 82
2410 82
2410 82
2410 82
2410 82
2410 82
2410 82
2410 82
2410 82
2410 82
2410 82
2410 82
2410 82
2410 82
2410 82
2410 82
2410 82
2410 82
2410 82
2410 82
2410 82
2410 82
2410 82
2410 82
2410 82
2410 82
2410 82
2410 80
2410 82
2410 82
2410 82
2410 82
2410 82
2410 82
2410 82
2410 81
2410 80
2410 82
2410 82
2410 82
2410 82
2410 81
2410 82
2410 82
2410 82
2410 82
2410 82
2410 82
2410 82
2410 82
2410 82
2410 82
2410 82
2410 82
2410 82
2410 82
2410 81
2410 82
2410 82
2410 82
2410 81
2410 80
2410 82
2410 82
2410 82
2410 82
2410 82
2410 81
2410 82
2410 82
2410 82
2410 82
2410 82
2410 82
2410 82
2410 82
2415 80
2415 80
2415 80
2415 80
2415 80
2415 80
2415 80
2415 80
2415 80
2415 80
2415 80
2415 80
2415 80
2415 80
2415 80
2415 80
2415 81
2415 80
2415 80
2415 80
2415 79
2415 80
2415 80
2415 80
2415 80
2415 80
2415 80
2415 79
2415 80
2415 80
2415 80
2415 80
2415 80
2415 80
2415 80
2415 80
2415 80
2415 80
2415 80
2415 80
2415 80
2415 80
2415 80
2415 80
2415 80
2415 80
2415 80
2415 80
2415 80
2415 80
2415 80
2415 80
2415 80
2415 80
2415 80
2415 80
2415 80
2415 80
2415 81
2415 80
2415 80
2415 80
2415 80
2415 80
2415 80
2415 80
2415 80
2415 80
2415 80
2415 80
2415 80
2415 80
2415 80
2415 80
2415 79
2415 79
2415 80
2415 80
2415 80
2415 80
2415 80
2415 80
2415 80
2415 80
2415 80
2415 81
2415 80
2415 79
2415 80
2415 80
2415 80
2415 80
2415 80
2415 80
2415 80
2415 80
2415 80
2415 80
2415 80
2415 80
2420 78
2420 77
2420 77
2420 77
2420 77
2420 77
2420 78
2420 78
2420 78
2420 77
2420 78
2420 78
2420 77
2420 78
2420 77
2420 77
2420 77
2420 78
2420 78
2420 77
2420 78
2420 77
2420 78
2420 78
2420 78
2420 78
2420 77
2420 77
2420 77
2420 77
2420 78
2420 78
2420 76
2420 77
2420 78
2420 77
2420 77
2420 78
2420 78
2420 78
2420 77
2420 77
2420 78
2420 77
2420 77
2420 78
2420 77
2420 78
2420 77
2420 78
2420 77
2420 77
2420 77
2420 77
2420 77
2420 77
2420 77
2420 77
2420 77
2420 78
2420 77
2420 78
2420 77
2420 78
2420 76
2420 78
2420 78
2420 77
2420 77
2420 78
2420 77
2420 77
2420 78
2420 78
2420 78
2420 77
2420 78
2420 78
2420 77
2420 78
2420 77
2420 78
2420 78
2420 76
2420 77
2420 77
2420 77
2420 76
2420 78
2420 77
2420 77
2420 78
2420 77
2420 78
2420 78
2420 77
2420 77
2420 77
2420 77
2420 78
2425 76
2425 76
2425 75
2425 76
2425 76
2425 76
2425 76
2425 76
2425 76
2425 76
2425 76
2425 76
2425 76
2425 76
2425 76
2425 76
2425 76
2425 76
2425 76
2425 76
2425 76
2425 76
2425 76
2425 76
2425 76
2425 76
2425 76
2425 76
2425 75
2425 75
2425 75
2425 76
2425 76
2425 76
2425 75
2425 76
2425 75
2425 75
2425 76
2425 76
2425 76
2425 76
2425 76
2425 76
2425 76
2425 76
2425 76
2425 76
2425 76
2425 75
2425 76
2425 76
2425 75
2425 75
2425 76
2425 76
2425 76
2425 75
2425 75
2425 76
2425 76
2425 76
2425 75
2425 76
2425 76
2425 75
2425 76
2425 76
2425 76
2425 76
2425 75
2425 76
2425 76
2425 76
2425 76
2425 76
2425 76
2425 76
2425 76
2425 76
2425 76
2425 76
2425 76
2425 76
2425 76
2425 76
2425 76
2425 76
2425 76
2425 76
2425 76
2425 76
2425 76
2425 76
2425 76
2425 76
2425 74
2425 76
2425 76
2425 76
2430 74
2430 74
2430 74
2430 73
2430 74
2430 73
2430 73
2430 73
2430 74
2430 74
2430 73
2430 73
2430 74
2430 73
2430 74
2430 73
2430 74
2430 72
2430 73
2430 73
2430 74
2430 73
2430 74
2430 73
2430 73
2430 74
2430 73
2430 74
2430 74
2430 73
2430 73
2430 74
2430 73
2430 74
2430 74
2430 73
2430 74
2430 73
2430 73
2430 73
2430 74
2430 74
2430 74
2430 74
2430 74
2430 73
2430 74
2430 73
2430 73
2430 73
2430 73
2430 73
2430 74
2430 73
2430 74
2430 74
2430 74
2430 74
2430 74
2430 74
2430 73
2430 73
2430 73
2430 73
2430 73
2430 73
2430 73
2430 74
2430 74
2430 73
2430 74
2430 73
2430 74
2430 74
2430 74
2430 74
2430 73
2430 73
2430 74
2430 73
2430 73
2430 74
2430 73
2430 73
2430 74
2430 73
2430 74
2430 74
2430 73
2430 73
2430 74
2430 74
2430 73
2430 74
2430 74
2430 75
2430 73
2430 74
2430 74
2435 72
2435 72
2435 72
2435 72
2435 72
2435 73
2435 72
2435 72
2435 73
2435 73
2435 72
2435 72
2435 72
2435 72
2435 73
2435 73
2435 72
2435 73
2435 72
2435 72
2435 72
2435 72
2435 72
2435 73
2435 72
2435 73
2435 73
2435 72
2435 72
2435 72
2435 72
2435 72
2435 72
2435 73
2435 72
2435 73
2435 73
2435 72
2435 73
2435 72
2435 72
2435 72
2435 73
2435 72
2435 72
2435 72
2435 72
2435 72
2435 72
2435 72
2435 72
2435 72
2435 72
2435 73
2435 72
2435 73
2435 72
2435 72
2435 72
2435 73
2435 72
2435 73
2435 72
2435 72
2435 72
2435 73
2435 73
2435 72
2435 72
2435 73
2435 72
2435 72
2435 73
2435 72
2435 72
2435 73
2435 72
2435 72
2435 73
2435 73
2435 72
2435 72
2435 73
2435 72
2435 73
2435 72
2435 73
2435 72
2435 72
2435 73
2435 72
2435 72
2435 72
2435 72
2435 73
2435 73
2435 73
2435 73
2435 73
2435 72
2440 70
2440 70
2440 69
2440 69
2440 70
2440 70
2440 70
2440 70
2440 70
2440 70
2440 70
2440 70
2440 70
2440 70
2440 70
2440 70
2440 70
2440 69
2440 70
2440 70
2440 70
2440 70
2440 70
2440 70
2440 70
2440 69
2440 70
2440 70
2440 70
2440 69
2440 70
2440 70
2440 70
2440 70
2440 70
2440 70
2440 70
2440 70
2440 70
2440 70
2440 70
2440 70
2440 70
2440 69
2440 70
2440 70
2440 70
2440 70
2440 70
2440 70
2440 70
2440 70
2440 70
2440 70
2440 70
2440 70
2440 70
2440 70
2440 70
2440 70
2440 70
2440 70
2440 70
2440 70
2440 70
2440 70
2440 70
2440 69
2440 69
2440 70
2440 70
2440 70
2440 70
2440 70
2440 70
2440 70
2440 70
2440 70
2440 70
2440 70
2440 70
2440 70
2440 70
2440 70
2440 70
2440 70
2440 70
2440 70
2440 70
2440 70
2440 70
2440 69
2440 70
2440 70
2440 70
2440 70
2440 70
2440 70
2440 70
2440 70
2445 67
2445 67
2445 67
2445 69
2445 69
2445 67
2445 67
2445 69
2445 67
2445 67
2445 67
2445 67
2445 67
2445 67
2445 68
2445 67
2445 68
2445 69
2445 69
2445 68
2445 68
2445 67
2445 69
2445 67
2445 69
2445 69
2445 68
2445 68
2445 68
2445 68
2445 68
2445 67
2445 67
2445 69
2445 67
2445 67
2445 67
2445 69
2445 67
2445 67
2445 68
2445 68
2445 67
2445 69
2445 67
2445 67
2445 68
2445 68
2445 67
2445 69
2445 69
2445 68
2445 67
2445 68
2445 68
2445 67
2445 67
2445 69
2445 69
2445 68
2445 67
2445 67
2445 68
2445 69
2445 68
2445 69
2445 68
2445 69
2445 69
2445 68
2445 69
2445 67
2445 67
2445 67
2445 69
2445 68
2445 68
2445 69
2445 67
2445 67
2445 67
2445 67
2445 67
2445 68
2445 68
2445 69
2445 67
2445 69
2445 68
2445 69
2445 67
2445 69
2445 67
2445 69
2445 68
2445 69
2445 67
2445 67
2445 67
2445 69
2450 67
2450 67
2450 67
2450 67
2450 67
2450 67
2450 67
2450 67
2450 67
2450 67
2450 67
2450 67
2450 66
2450 67
2450 67
2450 67
2450 67
2450 67
2450 67
2450 67
2450 67
2450 67
2450 67
2450 67
2450 67
2450 67
2450 67
2450 67
2450 67
2450 67
2450 67
2450 67
2450 67
2450 67
2450 67
2450 67
2450 67
2450 67
2450 67
2450 67
2450 67
2450 67
2450 67
2450 67
2450 67
2450 67
2450 67
2450 67
2450 67
2450 67
2450 67
2450 67
2450 67
2450 67
2450 67
2450 67
2450 67
2450 67
2450 66
2450 67
2450 67
2450 67
2450 67
2450 67
2450 67
2450 67
2450 67
2450 67
2450 67
2450 67
2450 67
2450 67
2450 67
2450 67
2450 67
2450 67
2450 65
2450 66
2450 67
2450 67
2450 67
2450 67
2450 67
2450 67
2450 67
2450 67
2450 67
2450 67
2450 67
2450 67
2450 67
2450 67
2450 67
2450 67
2450 67
2450 67
2450 67
2450 67
2450 67
2450 67
2455 65
2455 65
2455 65
2455 65
2455 64
2455 64
2455 64
2455 65
2455 64
2455 65
2455 65
2455 64
2455 65
2455 64
2455 65
2455 65
2455 65
2455 65
2455 65
2455 65
2455 65
2455 64
2455 64
2455 64
2455 64
2455 64
2455 64
2455 64
2455 65
2455 64
2455 65
2455 65
2455 65
2455 65
2455 65
2455 65
2455 65
2455 64
2455 65
2455 65
2455 65
2455 64
2455 65
2455 64
2455 65
2455 64
2455 64
2455 65
2455 65
2455 65
2455 65
2455 65
2455 65
2455 65
2455 64
2455 65
2455 65
2455 65
2455 65
2455 64
2455 65
2455 64
2455 65
2455 64
2455 64
2455 65
2455 65
2455 65
2455 65
2455 65
2455 64
2455 65
2455 65
2455 65
2455 65
2455 65
2455 65
2455 64
2455 65
2455 65
2455 65
2455 65
2455 65
2455 64
2455 65
2455 65
2455 65
2455 65
2455 65
2455 64
2455 65
2455 65
2455 65
2455 65
2455 64
2455 65
2455 64
2455 64
2455 64
2460 62
2460 62
2460 62
2460 62
2460 62
2460 62
2460 64
2460 62
2460 62
2460 62
2460 62
2460 62
2460 62
2460 62
2460 62
2460 62
2460 62
2460 62
2460 62
2460 62
2460 62
2460 62
2460 62
2460 62
2460 62
2460 62
2460 62
2460 62
2460 62
2460 62
2460 62
2460 62
2460 62
2460 62
2460 62
2460 62
2460 62
2460 62
2460 62
2460 62
2460 62
2460 62
2460 62
2460 62
2460 62
2460 62
2460 64
2460 62
2460 62
2460 62
2460 62
2460 62
2460 62
2460 62
2460 62
2460 62
2460 62
2460 64
2460 62
2460 62
2460 62
2460 62
2460 62
2460 62
2460 60
2460 60
2460 62
2460 62
2460 62
2460 62
2460 62
2460 62
2460 62
2460 62
2460 62
2460 64
2460 62
2460 62
2460 62
2460 62
2460 62
2460 62
2460 60
2460 62
2460 62
2460 62
2460 62
2460 62
2460 62
2460 62
2460 62
2460 62
2460 62
2460 62
2460 62
2460 62
2460 62
2460 64
2460 62
2460 62
2465 61
2465 60
2465 60
2465 60
2465 60
2465 60
2465 60
2465 60
2465 60
2465 60
2465 60
2465 60
2465 60
2465 60
2465 60
2465 60
2465 60
2465 60
2465 60
2465 60
2465 60
2465 60
2465 60
2465 60
2465 60
2465 60
2465 60
2465 59
2465 58
2465 60
2465 60
2465 60
2465 60
2465 60
2465 60
2465 60
2465 60
2465 60
2465 60
2465 61
2465 60
2465 60
2465 60
2465 60
2465 60
2465 60
2465 60
2465 60
2465 60
2465 60
2465 60
2465 60
2465 60
2465 60
2465 60
2465 60
2465 61
2465 60
2465 60
2465 60
2465 60
2465 60
2465 60
2465 60
2465 60
2465 60
2465 60
2465 60
2465 60
2465 60
2465 60
2465 60
2465 60
2465 60
2465 60
2465 60
2465 60
2465 60
2465 60
2465 60
2465 60
2465 60
2465 60
2465 60
2465 60
2465 60
2465 60
2465 60
2465 60
2465 60
2465 60
2465 60
2465 60
2465 60
2465 60
2465 60
2465 60
2465 60
2465 60
2465 60
2470 58
2470 57
2470 57
2470 58
2470 58
2470 58
2470 57
2470 58
2470 58
2470 57
2470 58
2470 58
2470 58
2470 58
2470 59
2470 58
2470 58
2470 58
2470 57
2470 58
2470 59
2470 59
2470 58
2470 59
2470 58
2470 59
2470 58
2470 58
2470 59
2470 58
2470 59
2470 59
2470 58
2470 59
2470 58
2470 58
2470 59
2470 59
2470 59
2470 58
2470 58
2470 59
2470 58
2470 58
2470 58
2470 58
2470 58
2470 58
2470 58
2470 58
2470 58
2470 57
2470 58
2470 59
2470 59
2470 58
2470 58
2470 58
2470 59
2470 58
2470 58
2470 58
2470 58
2470 58
2470 58
2470 58
2470 58
2470 59
2470 58
2470 58
2470 58
2470 58
2470 58
2470 59
2470 58
2470 58
2470 58
2470 59
2470 59
2470 58
2470 59
2470 58
2470 59
2470 58
2470 59
2470 59
2470 58
2470 58
2470 58
2470 59
2470 58
2470 57
2470 58
2470 58
2470 59
2470 58
2470 58
2470 58
2470 58
2470 58
2475 57
2475 57
2475 57
2475 56
2475 57
2475 57
2475 57
2475 57
2475 57
2475 57
2475 57
2475 57
2475 57
2475 57
2475 57
2475 57
2475 56
2475 57
2475 56
2475 57
2475 57
2475 56
2475 56
2475 57
2475 56
2475 57
2475 57
2475 57
2475 57
2475 57
2475 57
2475 57
2475 57
2475 57
2475 57
2475 57
2475 57
2475 57
2475 57
2475 57
2475 57
2475 57
2475 57
2475 56
2475 57
2475 56
2475 57
2475 57
2475 57
2475 56
2475 57
2475 57
2475 56
2475 57
2475 57
2475 57
2475 56
2475 57
2475 57
2475 57
2475 57
2475 57
2475 57
2475 56
2475 57
2475 56
2475 57
2475 56
2475 57
2475 57
2475 57
2475 57
2475 57
2475 57
2475 57
2475 57
2475 56
2475 57
2475 57
2475 56
2475 57
2475 57
2475 57
2475 57
2475 57
2475 56
2475 57
2475 57
2475 57
2475 57
2475 57
2475 56
2475 56
2475 57
2475 57
2475 57
2475 57
2475 57
2475 56
2480 53
2480 53
2480 53
2480 54
2480 54
2480 54
2480 52
2480 53
2480 53
2480 53
2480 54
2480 54
2480 53
2480 52
2480 53
2480 54
2480 55
2480 54
2480 54
2480 54
2480 54
2480 54
2480 54
2480 54
2480 53
2480 53
2480 54
2480 54
2480 54
2480 53
2480 54
2480 54
2480 55
2480 53
2480 54
2480 54
2480 54
2480 53
2480 53
2480 54
2480 54
2480 54
2480 52
2480 54
2480 53
2480 54
2480 53
2480 54
2480 54
2480 54
2480 54
2480 54
2480 54
2480 54
2480 52
2480 53
2480 54
2480 53
2480 54
2480 54
2480 54
2480 53
2480 54
2480 54
2480 54
2480 53
2480 52
2480 54
2480 53
2480 53
2480 53
2480 54
2480 54
2480 53
2480 54
2480 54
2480 54
2480 54
2480 53
2480 55
2480 54
2480 53
2480 54
2480 54
2480 53
2480 54
2480 54
2480 53
2480 54
2480 54
2480 54
2480 54
2480 54
2480 54
2480 53
2480 53
2480 55
2480 53
2480 53
2480 53
2485 52
2485 52
2485 51
2485 52
2485 52
2485 53
2485 52
2485 52
2485 51
2485 52
2485 52
2485 52
2485 51
2485 50
2485 50
2485 52
2485 52
2485 52
2485 52
2485 52
2485 52
2485 52
2485 52
2485 51
2485 52
2485 52
2485 52
2485 52
2485 52
2485 52
2485 52
2485 52
2485 52
2485 52
2485 52
2485 51
2485 52
2485 52
2485 52
2485 52
2485 52
2485 52
2485 52
2485 52
2485 52
2485 52
2485 51
2485 52
2485 52
2485 51
2485 52
2485 52
2485 52
2485 52
2485 52
2485 52
2485 52
2485 52
2485 52
2485 52
2485 52
2485 52
2485 51
2485 52
2485 52
2485 52
2485 51
2485 52
2485 52
2485 52
2485 52
2485 52
2485 52
2485 52
2485 52
2485 52
2485 52
2485 52
2485 52
2485 52
2485 52
2485 52
2485 52
2485 52
2485 51
2485 53
2485 52
2485 52
2485 51
2485 52
2485 52
2485 52
2485 52
2485 52
2485 52
2485 51
2485 52
2485 51
2485 52
2485 52
2490 50
2490 50
2490 50
2490 50
2490 50
2490 50
2490 50
2490 50
2490 50
2490 50
2490 50
2490 50
2490 50
2490 49
2490 50
2490 50
2490 50
2490 49
2490 50
2490 50
2490 50
2490 50
2490 50
2490 49
2490 50
2490 50
2490 50
2490 50
2490 50
2490 50
2490 50
2490 50
2490 50
2490 50
2490 50
2490 48
2490 50
2490 50
2490 50
2490 50
2490 50
2490 50
2490 50
2490 49
2490 50
2490 50
2490 50
2490 50
2490 50
2490 50
2490 50
2490 50
2490 50
2490 50
2490 50
2490 50
2490 50
2490 50
2490 50
2490 50
2490 50
2490 50
2490 50
2490 50
2490 50
2490 50
2490 50
2490 50
2490 50
2490 50
2490 50
2490 49
2490 49
2490 50
2490 50
2490 50
2490 50
2490 50
2490 50
2490 50
2490 49
2490 50
2490 50
2490 50
2490 50
2490 50
2490 50
2490 50
2490 50
2490 50
2490 50
2490 50
2490 50
2490 50
2490 50
2490 50
2490 50
2490 49
2490 50
2490 50
2495 48
2495 48
2495 48
2495 48
2495 48
2495 48
2495 48
2495 48
2495 48
2495 48
2495 48
2495 48
2495 48
2495 48
2495 48
2495 48
2495 48
2495 48
2495 48
2495 48
2495 48
2495 48
2495 48
2495 48
2495 48
2495 48
2495 48
2495 48
2495 48
2495 48
2495 48
2495 48
2495 48
2495 49
2495 48
2495 48
2495 48
2495 48
2495 48
2495 48
2495 48
2495 48
2495 48
2495 48
2495 49
2495 48
2495 48
2495 48
2495 48
2495 48
2495 49
2495 48
2495 47
2495 48
2495 48
2495 48
2495 48
2495 48
2495 48
2495 48
2495 48
2495 48
2495 48
2495 48
2495 49
2495 48
2495 48
2495 48
2495 48
2495 48
2495 48
2495 48
2495 48
2495 48
2495 48
2495 48
2495 48
2495 48
2495 48
2495 48
2495 48
2495 48
2495 48
2495 48
2495 48
2495 48
2495 48
2495 48
2495 47
2495 47
2495 48
2495 48
2495 48
2495 48
2495 48
2495 48
2495 48
2495 48
2495 48
2500 46
2500 46
2500 46
2500 46
2500 46
2500 46
2500 46
2500 46
2500 46
2500 46
2500 46
2500 46
2500 46
2500 46
2500 46
2500 46
2500 46
2500 46
2500 45
2500 46
2500 46
2500 46
2500 46
2500 46
2500 46
2500 46
2500 46
2500 46
2500 46
2500 45
2500 44
2500 45
2500 45
2500 46
2500 45
2500 46
2500 46
2500 46
2500 46
2500 46
2500 45
2500 45
2500 46
2500 46
2500 46
2500 46
2500 46
2500 46
2500 46
2500 46
2500 46
2500 46
2500 46
2500 46
2500 45
2500 46
2500 46
2500 46
2500 46
2500 46
2500 46
2500 46
2500 46
2500 46
2500 46
2500 46
2500 46
2500 45
2500 46
2500 46
2500 46
2500 46
2500 45
2500 45
2500 45
2500 46
2500 46
2500 46
2500 46
2500 45
2500 46
2500 46
2500 46
2500 46
2500 46
2500 46
2500 46
2500 46
2500 46
2500 45
2500 46
2500 46
2500 46
2500 46
2500 46
2500 46
2500 46
2500 46
2500 46
2500 46
2505 44
2505 44
2505 44
2505 44
2505 44
2505 45
2505 44
2505 44
2505 44
2505 44
2505 43
2505 43
2505 43
2505 44
2505 44
2505 44
2505 44
2505 44
2505 44
2505 44
2505 45
2505 45
2505 44
2505 44
2505 45
2505 44
2505 44
2505 44
2505 44
2505 45
2505 44
2505 44
2505 44
2505 45
2505 45
2505 44
2505 45
2505 44
2505 44
2505 45
2505 45
2505 44
2505 44
2505 44
2505 44
2505 44
2505 45
2505 44
2505 44
2505 44
2505 45
2505 44
2505 44
2505 44
2505 44
2505 44
2505 44
2505 44
2505 45
2505 44
2505 44
2505 44
2505 44
2505 44
2505 44
2505 45
2505 44
2505 44
2505 44
2505 45
2505 44
2505 44
2505 44
2505 44
2505 44
2505 45
2505 44
2505 44
2505 44
2505 44
2505 44
2505 44
2505 44
2505 44
2505 44
2505 44
2505 44
2505 44
2505 44
2505 45
2505 44
2505 44
2505 45
2505 45
2505 44
2505 44
2505 44
2505 44
2505 45
2510 43
2510 42
2510 42
2510 42
2510 42
2510 43
2510 42
2510 43
2510 43
2510 43
2510 43
2510 42
2510 43
2510 43
2510 43
2510 43
2510 42
2510 42
2510 42
2510 43
2510 42
2510 42
2510 43
2510 42
2510 42
2510 42
2510 42
2510 43
2510 42
2510 42
2510 42
2510 43
2510 42
2510 41
2510 41
2510 42
2510 42
2510 43
2510 42
2510 43
2510 42
2510 43
2510 43
2510 43
2510 42
2510 42
2510 42
2510 42
2510 43
2510 42
2510 42
2510 42
2510 43
2510 42
2510 43
2510 42
2510 42
2510 43
2510 42
2510 42
2510 43
2510 43
2510 43
2510 43
2510 42
2510 42
2510 43
2510 43
2510 43
2510 43
2510 41
2510 42
2510 42
2510 43
2510 42
2510 43
2510 42
2510 42
2510 42
2510 43
2510 42
2510 42
2510 42
2510 42
2510 43
2510 42
2510 42
2510 43
2510 42
2510 42
2510 43
2510 43
2510 42
2510 42
2510 43
2510 43
2510 42
2510 43
2510 43
2510 43
2515 40
2515 41
2515 41
2515 41
2515 41
2515 41
2515 41
2515 41
2515 40
2515 40
2515 40
2515 41
2515 41
2515 40
2515 41
2515 41
2515 41
2515 41
2515 40
2515 41
2515 41
2515 41
2515 41
2515 41
2515 41
2515 41
2515 41
2515 41
2515 41
2515 41
2515 40
2515 41
2515 41
2515 40
2515 41
2515 40
2515 41
2515 41
2515 41
2515 40
2515 41
2515 41
2515 41
2515 41
2515 41
2515 40
2515 41
2515 41
2515 41
2515 41
2515 41
2515 41
2515 41
2515 41
2515 41
2515 41
2515 41
2515 41
2515 41
2515 41
2515 41
2515 41
2515 41
2515 41
2515 41
2515 41
2515 41
2515 40
2515 41
2515 41
2515 41
2515 40
2515 41
2515 41
2515 41
2515 40
2515 41
2515 40
2515 41
2515 41
2515 41
2515 41
2515 40
2515 41
2515 41
2515 41
2515 40
2515 41
2515 41
2515 41
2515 41
2515 40
2515 41
2515 41
2515 41
2515 41
2515 41
2515 40
2515 41
2520 38
2520 38
2520 38
2520 38
2520 38
2520 38
2520 38
2520 38
2520 38
2520 38
2520 38
2520 38
2520 38
2520 38
2520 38
2520 38
2520 37
2520 38
2520 38
2520 38
2520 38
2520 38
2520 38
2520 38
2520 38
2520 39
2520 38
2520 38
2520 38
2520 38
2520 38
2520 38
2520 38
2520 38
2520 38
2520 38
2520 38
2520 38
2520 38
2520 38
2520 38
2520 38
2520 38
2520 38
2520 38
2520 38
2520 38
2520 38
2520 38
2520 38
2520 38
2520 39
2520 39
2520 38
2520 38
2520 38
2520 38
2520 38
2520 38
2520 38
2520 38
2520 38
2520 38
2520 38
2520 38
2520 38
2520 38
2520 38
2520 38
2520 38
2520 38
2520 38
2520 38
2520 38
2520 38
2520 39
2520 38
2520 38
2520 38
2520 38
2520 37
2520 37
2520 38
2520 37
2520 38
2520 38
2520 39
2520 38
2520 38
2520 38
2520 38
2520 38
2520 38
2520 38
2520 38
2520 38
2520 37
2520 38
2520 38
2520 38
2525 37
2525 37
2525 37
2525 37
2525 35
2525 36
2525 37
2525 37
2525 37
2525 37
2525 37
2525 37
2525 37
2525 37
2525 37
2525 37
2525 37
2525 37
2525 37
2525 37
2525 37
2525 37
2525 37
2525 37
2525 37
2525 37
2525 37
2525 37
2525 37
2525 37
2525 35
2525 37
2525 37
2525 37
2525 37
2525 37
2525 37
2525 37
2525 37
2525 37
2525 37
2525 37
2525 36
2525 37
2525 36
2525 37
2525 37
2525 37
2525 37
2525 37
2525 36
2525 37
2525 37
2525 37
2525 37
2525 37
2525 37
2525 37
2525 37
2525 37
2525 37
2525 37
2525 37
2525 37
2525 37
2525 37
2525 37
2525 37
2525 37
2525 37
2525 37
2525 37
2525 37
2525 37
2525 37
2525 37
2525 37
2525 37
2525 37
2525 37
2525 37
2525 37
2525 37
2525 37
2525 37
2525 37
2525 37
2525 37
2525 37
2525 37
2525 37
2525 37
2525 37
2525 37
2525 37
2525 37
2525 37
2525 37
2525 37
2530 35
2530 35
2530 35
2530 35
2530 35
2530 35
2530 35
2530 35
2530 35
2530 35
2530 35
2530 35
2530 35
2530 35
2530 35
2530 35
2530 35
2530 35
2530 35
2530 35
2530 35
2530 35
2530 35
2530 35
2530 35
2530 35
2530 35
2530 35
2530 35
2530 35
2530 35
2530 35
2530 35
2530 35
2530 35
2530 35
2530 35
2530 35
2530 35
2530 35
2530 35
2530 35
2530 35
2530 35
2530 35
2530 35
2530 35
2530 35
2530 35
2530 35
2530 35
2530 35
2530 35
2530 35
2530 35
2530 35
2530 35
2530 35
2530 35
2530 35
2530 35
2530 35
2530 35
2530 35
2530 35
2530 35
2530 35
2530 35
2530 35
2530 35
2530 35
2530 35
2530 35
2530 35
2530 35
2530 35
2530 35
2530 35
2530 35
2530 35
2530 35
2530 35
2530 35
2530 35
2530 35
2530 35
2530 35
2530 35
2530 35
2530 35
2530 35
2530 35
2530 35
2530 35
2530 35
2530 35
2530 35
2530 35
2530 35
2535 33
2535 34
2535 33
2535 34
2535 34
2535 33
2535 33
2535 34
2535 34
2535 34
2535 34
2535 34
2535 34
2535 34
2535 33
2535 33
2535 34
2535 34
2535 34
2535 33
2535 34
2535 34
2535 34
2535 33
2535 33
2535 34
2535 34
2535 33
2535 33
2535 33
2535 33
2535 34
2535 33
2535 33
2535 34
2535 33
2535 33
2535 34
2535 34
2535 34
2535 34
2535 33
2535 34
2535 33
2535 34
2535 33
2535 34
2535 34
2535 33
2535 34
2535 34
2535 34
2535 33
2535 34
2535 33
2535 33
2535 34
2535 34
2535 33
2535 34
2535 34
2535 34
2535 34
2535 33
2535 33
2535 33
2535 34
2535 33
2535 34
2535 33
2535 34
2535 33
2535 34
2535 33
2535 34
2535 33
2535 34
2535 34
2535 33
2535 34
2535 33
2535 33
2535 34
2535 34
2535 33
2535 34
2535 33
2535 33
2535 33
2535 33
2535 33
2535 34
2535 33
2535 33
2535 33
2535 34
2535 34
2535 33
2535 33
2535 34
2540 32
2540 32
2540 32
2540 32
2540 32
2540 30
2540 32
2540 32
2540 32
2540 32
2540 32
2540 32
2540 32
2540 30
2540 30
2540 32
2540 30
2540 32
2540 30
2540 32
2540 32
2540 30
2540 30
2540 32
2540 32
2540 32
2540 32
2540 32
2540 32
2540 30
2540 32
2540 32
2540 32
2540 30
2540 32
2540 31
2540 32
2540 32
2540 32
2540 32
2540 32
2540 32
2540 30
2540 32
2540 30
2540 32
2540 32
2540 32
2540 32
2540 32
2540 30
2540 32
2540 32
2540 32
2540 32
2540 32
2540 32
2540 32
2540 30
2540 30
2540 32
2540 32
2540 32
2540 32
2540 32
2540 30
2540 32
2540 32
2540 32
2540 32
2540 32
2540 30
2540 32
2540 32
2540 32
2540 32
2540 30
2540 32
2540 32
2540 32
2540 30
2540 32
2540 32
2540 32
2540 30
2540 32
2540 32
2540 32
2540 32
2540 32
2540 30
2540 30
2540 32
2540 32
2540 30
2540 30
2540 32
2540 32
2540 32
2540 30
2545 29
2545 29
2545 29
2545 29
2545 29
2545 29
2545 29
2545 29
2545 29
2545 30
2545 29
2545 29
2545 29
2545 29
2545 29
2545 28
2545 28
2545 29
2545 29
2545 29
2545 29
2545 29
2545 29
2545 29
2545 28
2545 29
2545 29
2545 29
2545 29
2545 29
2545 29
2545 28
2545 28
2545 28
2545 29
2545 30
2545 29
2545 28
2545 29
2545 30
2545 28
2545 28
2545 29
2545 29
2545 29
2545 29
2545 29
2545 29
2545 28
2545 29
2545 29
2545 28
2545 28
2545 29
2545 29
2545 29
2545 29
2545 29
2545 29
2545 28
2545 29
2545 30
2545 29
2545 29
2545 29
2545 29
2545 28
2545 29
2545 29
2545 29
2545 28
2545 28
2545 29
2545 30
2545 29
2545 29
2545 29
2545 29
2545 28
2545 29
2545 29
2545 28
2545 28
2545 29
2545 29
2545 30
2545 29
2545 29
2545 28
2545 29
2545 30
2545 28
2545 29
2545 29
2545 28
2545 29
2545 29
2545 28
2545 29
2545 30
2550 27
2550 28
2550 27
2550 27
2550 27
2550 27
2550 27
2550 27
2550 27
2550 27
2550 27
2550 28
2550 27
2550 27
2550 27
2550 27
2550 27
2550 27
2550 27
2550 27
2550 27
2550 27
2550 27
2550 26
2550 27
2550 27
2550 27
2550 27
2550 27
2550 27
2550 27
2550 27
2550 27
2550 27
2550 27
2550 27
2550 27
2550 28
2550 27
2550 28
2550 27
2550 27
2550 28
2550 27
2550 27
2550 27
2550 27
2550 27
2550 27
2550 28
2550 27
2550 28
2550 27
2550 27
2550 27
2550 28
2550 27
2550 27
2550 28
2550 27
2550 27
2550 27
2550 27
2550 27
2550 26
2550 27
2550 27
2550 28
2550 27
2550 27
2550 27
2550 27
2550 27
2550 27
2550 27
2550 27
2550 27
2550 28
2550 27
2550 27
2550 27
2550 27
2550 27
2550 27
2550 27
2550 27
2550 27
2550 27
2550 26
2550 26
2550 26
2550 27
2550 27
2550 27
2550 27
2550 27
2550 27
2550 27
2550 27
2550 27
2555 25
2555 25
2555 25
2555 25
2555 25
2555 25
2555 25
2555 25
2555 25
2555 25
2555 25
2555 26
2555 25
2555 25
2555 25
2555 25
2555 25
2555 25
2555 25
2555 25
2555 25
2555 25
2555 25
2555 25
2555 25
2555 25
2555 25
2555 25
2555 25
2555 25
2555 25
2555 25
2555 25
2555 25
2555 25
2555 25
2555 25
2555 25
2555 25
2555 25
2555 25
2555 25
2555 25
2555 25
2555 25
2555 25
2555 25
2555 25
2555 25
2555 25
2555 25
2555 25
2555 25
2555 25
2555 25
2555 25
2555 25
2555 25
2555 25
2555 25
2555 26
2555 25
2555 26
2555 25
2555 25
2555 25
2555 25
2555 25
2555 25
2555 25
2555 25
2555 25
2555 25
2555 25
2555 25
2555 25
2555 25
2555 25
2555 25
2555 25
2555 25
2555 25
2555 25
2555 25
2555 25
2555 25
2555 25
2555 25
2555 25
2555 25
2555 25
2555 25
2555 25
2555 25
2555 25
2555 26
2555 25
2555 25
2555 25
2560 24
2560 23
2560 24
2560 24
2560 24
2560 24
2560 24
2560 24
2560 24
2560 23
2560 24
2560 24
2560 24
2560 24
2560 24
2560 24
2560 24
2560 24
2560 24
2560 24
2560 24
2560 24
2560 24
2560 23
2560 24
2560 23
2560 24
2560 23
2560 24
2560 23
2560 24
2560 22
2560 24
2560 24
2560 24
2560 23
2560 24
2560 24
2560 23
2560 24
2560 24
2560 23
2560 23
2560 24
2560 24
2560 24
2560 23
2560 23
2560 23
2560 24
2560 24
2560 24
2560 24
2560 23
2560 23
2560 23
2560 24
2560 24
2560 24
2560 24
2560 23
2560 24
2560 24
2560 24
2560 23
2560 24
2560 24
2560 24
2560 24
2560 24
2560 23
2560 24
2560 24
2560 23
2560 24
2560 24
2560 24
2560 24
2560 24
2560 24
2560 24
2560 24
2560 24
2560 24
2560 24
2560 24
2560 24
2560 24
2560 24
2560 23
2560 24
2560 24
2560 24
2560 24
2560 24
2560 24
2560 23
2560 24
2560 24
2560 24
2565 21
2565 21
2565 21
2565 21
2565 21
2565 21
2565 21
2565 21
2565 21
2565 21
2565 21
2565 21
2565 21
2565 21
2565 21
2565 21
2565 21
2565 21
2565 22
2565 21
2565 21
2565 21
2565 21
2565 22
2565 21
2565 21
2565 21
2565 22
2565 21
2565 21
2565 21
2565 21
2565 21
2565 21
2565 21
2565 21
2565 21
2565 21
2565 21
2565 21
2565 20
2565 21
2565 21
2565 21
2565 22
2565 21
2565 21
2565 21
2565 21
2565 21
2565 21
2565 21
2565 21
2565 21
2565 21
2565 21
2565 21
2565 21
2565 21
2565 21
2565 21
2565 21
2565 21
2565 22
2565 21
2565 21
2565 21
2565 21
2565 21
2565 21
2565 21
2565 21
2565 21
2565 21
2565 21
2565 21
2565 21
2565 21
2565 21
2565 21
2565 21
2565 21
2565 21
2565 21
2565 21
2565 21
2565 21
2565 21
2565 21
2565 21
2565 21
2565 21
2565 21
2565 21
2565 21
2565 21
2565 21
2565 21
2565 22
2565 22
2570 20
2570 20
2570 20
2570 19
2570 19
2570 20
2570 20
2570 19
2570 20
2570 19
2570 20
2570 19
2570 19
2570 20
2570 19
2570 19
2570 20
2570 20
2570 19
2570 20
2570 20
2570 19
2570 20
2570 19
2570 18
2570 20
2570 20
2570 18
2570 20
2570 20
2570 20
2570 19
2570 20
2570 20
2570 20
2570 19
2570 19
2570 20
2570 20
2570 19
2570 19
2570 20
2570 19
2570 19
2570 20
2570 19
2570 20
2570 20
2570 19
2570 19
2570 19
2570 19
2570 19
2570 19
2570 19
2570 20
2570 19
2570 20
2570 20
2570 18
2570 19
2570 19
2570 20
2570 20
2570 18
2570 18
2570 20
2570 20
2570 19
2570 19
2570 19
2570 19
2570 19
2570 18
2570 19
2570 20
2570 20
2570 19
2570 20
2570 20
2570 19
2570 19
2570 19
2570 19
2570 19
2570 20
2570 20
2570 20
2570 20
2570 19
2570 19
2570 19
2570 18
2570 19
2570 20
2570 20
2570 18
2570 19
2570 20
2575 17
2575 17
2575 18
2575 18
2575 17
2575 17
2575 18
2575 17
2575 17
2575 17
2575 18
2575 17
2575 18
2575 17
2575 17
2575 18
2575 18
2575 18
2575 17
2575 18
2575 17
2575 17
2575 18
2575 18
2575 18
2575 18
2575 18
2575 17
2575 18
2575 17
2575 17
2575 17
2575 18
2575 17
2575 18
2575 17
2575 17
2575 18
2575 17
2575 18
2575 17
2575 18
2575 17
2575 17
2575 18
2575 17
2575 17
2575 17
2575 18
2575 18
2575 17
2575 17
2575 17
2575 18
2575 17
2575 18
2575 17
2575 17
2575 18
2575 17
2575 18
2575 17
2575 18
2575 17
2575 17
2575 18
2575 18
2575 17
2575 17
2575 17
2575 18
2575 17
2575 17
2575 17
2575 18
2575 18
2575 17
2575 18
2575 18
2575 17
2575 17
2575 17
2575 17
2575 17
2575 17
2575 18
2575 18
2575 18
2575 17
2575 17
2575 17
2575 17
2575 17
2575 18
2575 18
2575 17
2575 17
2575 17
2575 17
2575 18
2580 14
2580 15
2580 14
2580 15
2580 15
2580 15
2580 14
2580 15
2580 15
2580 15
2580 14
2580 15
2580 15
2580 15
2580 15
2580 15
2580 14
2580 14
2580 14
2580 15
2580 14
2580 14
2580 14
2580 15
2580 15
2580 15
2580 15
2580 15
2580 15
2580 14
2580 15
2580 14
2580 15
2580 14
2580 15
2580 15
2580 15
2580 15
2580 15
2580 15
2580 15
2580 15
2580 14
2580 14
2580 15
2580 14
2580 15
2580 15
2580 15
2580 14
2580 14
2580 14
2580 15
2580 15
2580 15
2580 15
2580 14
2580 15
2580 15
2580 15
2580 14
2580 14
2580 15
2580 15
2580 15
2580 15
2580 15
2580 15
2580 15
2580 15
2580 15
2580 15
2580 14
2580 15
2580 15
2580 14
2580 14
2580 15
2580 14
2580 15
2580 14
2580 15
2580 14
2580 14
2580 15
2580 14
2580 15
2580 14
2580 15
2580 14
2580 14
2580 15
2580 15
2580 14
2580 14
2580 15
2580 15
2580 15
2580 15
2580 15
2585 13
2585 14
2585 14
2585 13
2585 13
2585 13
2585 13
2585 13
2585 13
2585 13
2585 13
2585 13
2585 13
2585 13
2585 13
2585 13
2585 13
2585 13
2585 13
2585 13
2585 14
2585 13
2585 13
2585 13
2585 13
2585 13
2585 13
2585 13
2585 13
2585 13
2585 13
2585 13
2585 14
2585 13
2585 13
2585 13
2585 13
2585 13
2585 13
2585 13
2585 13
2585 13
2585 13
2585 13
2585 13
2585 13
2585 13
2585 13
2585 13
2585 13
2585 13
2585 13
2585 13
2585 13
2585 14
2585 13
2585 13
2585 13
2585 13
2585 13
2585 13
2585 13
2585 13
2585 13
2585 13
2585 13
2585 13
2585 13
2585 13
2585 13
2585 13
2585 13
2585 13
2585 13
2585 13
2585 13
2585 14
2585 13
2585 13
2585 13
2585 13
2585 13
2585 13
2585 13
2585 13
2585 13
2585 13
2585 13
2585 14
2585 13
2585 13
2585 13
2585 13
2585 13
2585 13
2585 13
2585 13
2585 13
2585 13
2585 13
2590 12
2590 11
2590 11
2590 11
2590 11
2590 11
2590 12
2590 12
2590 12
2590 12
2590 11
2590 11
2590 12
2590 12
2590 12
2590 11
2590 12
2590 12
2590 11
2590 11
2590 11
2590 11
2590 12
2590 12
2590 12
2590 11
2590 11
2590 12
2590 12
2590 12
2590 11
2590 12
2590 12
2590 11
2590 11
2590 12
2590 12
2590 12
2590 11
2590 12
2590 12
2590 11
2590 11
2590 11
2590 11
2590 12
2590 11
2590 12
2590 12
2590 11
2590 12
2590 12
2590 12
2590 11
2590 12
2590 12
2590 12
2590 11
2590 11
2590 12
2590 12
2590 11
2590 11
2590 12
2590 12
2590 11
2590 11
2590 12
2590 12
2590 11
2590 12
2590 12
2590 12
2590 11
2590 12
2590 11
2590 11
2590 11
2590 12
2590 11
2590 11
2590 11
2590 11
2590 11
2590 11
2590 12
2590 11
2590 12
2590 11
2590 11
2590 11
2590 11
2590 12
2590 12
2590 11
2590 12
2590 11
2590 12
2590 12
2590 12
2595 9
2595 9
2595 9
2595 9
2595 9
2595 10
2595 9
2595 9
2595 9
2595 9
2595 10
2595 9
2595 9
2595 9
2595 9
2595 9
2595 9
2595 9
2595 9
2595 9
2595 10
2595 9
2595 9
2595 9
2595 9
2595 9
2595 9
2595 9
2595 9
2595 9
2595 9
2595 9
2595 10
2595 9
2595 9
2595 9
2595 9
2595 9
2595 9
2595 9
2595 9
2595 9
2595 9
2595 9
2595 9
2595 9
2595 10
2595 9
2595 9
2595 9
2595 9
2595 9
2595 9
2595 9
2595 9
2595 9
2595 9
2595 9
2595 9
2595 9
2595 9
2595 10
2595 9
2595 9
2595 9
2595 9
2595 9
2595 9
2595 9
2595 9
2595 9
2595 9
2595 9
2595 9
2595 9
2595 9
2595 9
2595 10
2595 9
2595 9
2595 9
2595 9
2595 9
2595 9
2595 9
2595 9
2595 9
2595 9
2595 9
2595 9
2595 9
2595 9
2595 9
2595 9
2595 9
2595 9
2595 9
2595 9
2595 9
2595 10
2600 7
2600 7
2600 7
2600 8
2600 7
2600 7
2600 7
2600 7
2600 7
2600 8
2600 7
2600 7
2600 7
2600 6
2600 7
2600 7
2600 8
2600 7
2600 8
2600 8
2600 7
2600 7
2600 7
2600 7
2600 7
2600 7
2600 7
2600 7
2600 7
2600 7
2600 6
2600 7
2600 7
2600 7
2600 7
2600 8
2600 7
2600 7
2600 7
2600 7
2600 7
2600 7
2600 7
2600 7
2600 7
2600 7
2600 8
2600 7
2600 7
2600 8
2600 8
2600 8
2600 7
2600 6
2600 6
2600 7
2600 7
2600 7
2600 7
2600 7
2600 7
2600 7
2600 7
2600 7
2600 7
2600 7
2600 7
2600 7
2600 7
2600 7
2600 6
2600 8
2600 8
2600 7
2600 7
2600 7
2600 7
2600 7
2600 7
2600 7
2600 7
2600 7
2600 7
2600 7
2600 8
2600 7
2600 7
2600 8
2600 7
2600 7
2600 7
2600 7
2600 7
2600 8
2600 8
2600 7
2600 7
2600 7
2600 7
2600 8
2605 6
2605 5
2605 5
2605 5
2605 5
2605 6
2605 5
2605 5
2605 5
2605 5
2605 6
2605 5
2605 5
2605 5
2605 5
2605 6
2605 5
2605 5
2605 6
2605 5
2605 5
2605 5
2605 6
2605 5
2605 5
2605 6
2605 5
2605 6
2605 5
2605 5
2605 6
2605 5
2605 5
2605 6
2605 5
2605 5
2605 5
2605 5
2605 5
2605 5
2605 5
2605 5
2605 5
2605 5
2605 6
2605 5
2605 5
2605 5
2605 5
2605 6
2605 5
2605 5
2605 5
2605 6
2605 5
2605 6
2605 5
2605 6
2605 5
2605 6
2605 5
2605 6
2605 5
2605 6
2605 5
2605 5
2605 5
2605 5
2605 5
2605 5
2605 6
2605 5
2605 5
2605 5
2605 5
2605 5
2605 5
2605 5
2605 5
2605 5
2605 6
2605 5
2605 5
2605 5
2605 5
2605 6
2605 5
2605 6
2605 5
2605 5
2605 5
2605 5
2605 5
2605 5
2605 5
2605 5
2605 6
2605 5
2605 5
2605 5
2610 3
2610 3
2610 3
2610 3
2610 3
2610 3
2610 3
2610 3
2610 3
2610 3
2610 3
2610 3
2610 3
2610 3
2610 3
2610 3
2610 3
2610 3
2610 3
2610 3
2610 3
2610 3
2610 3
2610 4
2610 3
2610 3
2610 3
2610 3
2610 3
2610 3
2610 3
2610 3
2610 3
2610 3
2610 3
2610 3
2610 3
2610 3
2610 3
2610 3
2610 3
2610 3
2610 3
2610 3
2610 3
2610 3
2610 3
2610 3
2610 3
2610 3
2610 3
2610 3
2610 3
2610 3
2610 3
2610 3
2610 3
2610 3
2610 3
2610 3
2610 3
2610 3
2610 4
2610 3
2610 3
2610 3
2610 3
2610 3
2610 3
2610 3
2610 3
2610 3
2610 3
2610 3
2610 3
2610 3
2610 3
2610 3
2610 3
2610 3
2610 4
2610 3
2610 3
2610 3
2610 3
2610 3
2610 3
2610 3
2610 3
2610 3
2610 3
2610 3
2610 3
2610 4
2610 3
2610 3
2610 4
2610 3
2610 3
2610 3
