TOA measurement vs Delay ---- Mon Jun 15 01:18:11 2020
Pixel = 13
config file = config/asic_config_B4.yml
NofIterations = 100
LSBest = 26.295601232392528
mean value = [  0.           0.           0.           0.           0.
   0.           0.           0.           0.           0.
   0.           0.           0.           0.           0.
 125.44329897 122.74       121.47       120.21       117.87
 115.51515152 113.73       112.02       110.98       108.50505051
 106.62       104.85       103.32       101.23232323  99.18
  97.73        95.82        93.65        91.05        90.19
  88.53535354  85.75        83.96        82.51546392  81.36
  79.19        76.98        75.85858586  74.5         71.61
  69.81818182  68.21        66.60606061  64.29591837  62.74747475
  61.08080808  58.75        56.82828283  54.78        53.48
  51.62626263  49.5         47.85858586  46.16        44.66
  42.79        40.83        39.37        37.6969697   35.49494949
  33.96        32.27        30.36        27.99        26.2
  24.9         22.95959596  21.35        19.41        17.93
  16.04        13.83838384  12.38        11.04         9.02
   6.85         5.17171717   3.35632184   0.           0.
   0.           0.           0.           0.           0.
   0.           0.           0.           0.           0.
   0.           0.           0.           0.           0.        ]
sigma = [0.         0.         0.         0.         0.         0.
 0.         0.         0.         0.         0.         0.
 0.         0.         0.         1.18418042 0.74547524 0.83212579
 0.93232684 0.64531646 0.89316865 0.73514171 0.78926126 0.93964532
 0.81027165 0.96898572 0.98530875 0.7751989  0.77789255 0.70066635
 0.74862095 0.70066635 0.98530875 0.5204165  0.69082077 0.96857837
 0.83116384 0.67950963 0.78851379 0.67359731 0.96810812 0.60243949
 0.49512984 0.8326664  0.72196491 0.59439531 0.71360587 0.73777144
 0.70410628 0.70307311 0.91895601 0.67144124 0.57146638 0.64415319
 0.8080429  0.78766832 0.65828059 0.49512984 0.64632293 0.58968918
 0.57378858 0.55175478 0.71863296 0.62892478 0.57732818 0.5115988
 0.54811799 0.61133733 0.93446955 0.61913919 0.4163332  0.58679392
 0.74218147 0.66725807 0.38527047 0.34890304 0.52861685 0.58217981
 0.34890304 0.53191478 0.57518113 0.57146638 0.94202047 0.
 0.         0.         0.         0.         0.         0.
 0.         0.         0.         0.         0.         0.
 0.         0.         0.         0.        ]
Pulse delay   TOA 
2265 126
2270 126
2270 126
2270 126
2270 125
2270 126
2270 126
2270 126
2270 126
2270 126
2270 126
2270 126
2270 126
2275 126
2275 126
2275 126
2275 126
2275 126
2275 126
2275 126
2275 126
2275 126
2275 126
2275 126
2275 123
2275 125
2275 126
2275 126
2275 126
2275 126
2275 126
2275 126
2275 126
2275 126
2275 126
2275 126
2275 123
2275 123
2275 126
2275 126
2275 126
2275 126
2275 123
2275 126
2275 126
2275 126
2275 126
2275 126
2275 126
2275 126
2275 126
2275 126
2275 126
2275 126
2275 126
2275 126
2275 126
2275 126
2275 126
2275 126
2275 126
2275 126
2275 123
2275 123
2275 123
2275 126
2275 126
2275 126
2275 126
2275 126
2275 126
2275 126
2275 126
2275 126
2275 126
2275 126
2275 123
2275 126
2275 123
2275 124
2275 126
2275 123
2275 126
2275 126
2275 123
2275 123
2275 126
2275 126
2275 126
2275 126
2275 123
2275 126
2275 126
2275 123
2275 123
2275 126
2275 126
2275 126
2275 126
2275 126
2275 126
2275 126
2275 126
2275 126
2275 126
2275 126
2275 126
2275 123
2275 123
2275 126
2280 123
2280 123
2280 121
2280 123
2280 123
2280 122
2280 123
2280 123
2280 121
2280 121
2280 121
2280 123
2280 123
2280 123
2280 123
2280 123
2280 123
2280 121
2280 123
2280 123
2280 123
2280 123
2280 123
2280 123
2280 123
2280 123
2280 123
2280 123
2280 123
2280 123
2280 123
2280 123
2280 123
2280 123
2280 123
2280 123
2280 123
2280 123
2280 123
2280 123
2280 121
2280 123
2280 123
2280 123
2280 123
2280 123
2280 123
2280 124
2280 123
2280 123
2280 123
2280 123
2280 123
2280 123
2280 123
2280 123
2280 123
2280 123
2280 123
2280 121
2280 123
2280 123
2280 123
2280 123
2280 123
2280 123
2280 123
2280 123
2280 121
2280 123
2280 123
2280 121
2280 121
2280 123
2280 123
2280 123
2280 123
2280 123
2280 123
2280 123
2280 123
2280 121
2280 121
2280 123
2280 123
2280 123
2280 123
2280 121
2280 123
2280 123
2280 123
2280 123
2280 123
2280 123
2280 123
2280 123
2280 123
2280 123
2280 123
2280 123
2285 122
2285 122
2285 122
2285 122
2285 122
2285 122
2285 122
2285 122
2285 122
2285 122
2285 122
2285 122
2285 122
2285 122
2285 122
2285 122
2285 122
2285 121
2285 121
2285 122
2285 121
2285 122
2285 120
2285 120
2285 122
2285 122
2285 121
2285 122
2285 122
2285 121
2285 121
2285 121
2285 121
2285 122
2285 122
2285 122
2285 121
2285 122
2285 121
2285 120
2285 120
2285 122
2285 122
2285 122
2285 121
2285 122
2285 122
2285 121
2285 122
2285 122
2285 122
2285 122
2285 121
2285 121
2285 122
2285 122
2285 122
2285 119
2285 121
2285 121
2285 120
2285 122
2285 121
2285 122
2285 121
2285 122
2285 122
2285 122
2285 121
2285 122
2285 122
2285 122
2285 121
2285 121
2285 119
2285 119
2285 120
2285 119
2285 122
2285 122
2285 122
2285 122
2285 121
2285 122
2285 122
2285 121
2285 121
2285 121
2285 122
2285 122
2285 122
2285 121
2285 121
2285 121
2285 122
2285 122
2285 121
2285 122
2285 122
2285 122
2290 121
2290 121
2290 120
2290 121
2290 120
2290 120
2290 121
2290 121
2290 121
2290 117
2290 121
2290 121
2290 121
2290 118
2290 120
2290 117
2290 118
2290 118
2290 120
2290 121
2290 120
2290 120
2290 120
2290 121
2290 120
2290 121
2290 121
2290 120
2290 120
2290 121
2290 121
2290 121
2290 120
2290 121
2290 120
2290 121
2290 121
2290 118
2290 121
2290 120
2290 120
2290 121
2290 120
2290 120
2290 120
2290 120
2290 120
2290 120
2290 121
2290 121
2290 121
2290 121
2290 118
2290 120
2290 120
2290 121
2290 120
2290 120
2290 120
2290 120
2290 121
2290 120
2290 120
2290 121
2290 120
2290 119
2290 120
2290 120
2290 121
2290 120
2290 120
2290 121
2290 121
2290 120
2290 121
2290 121
2290 120
2290 120
2290 120
2290 120
2290 121
2290 120
2290 120
2290 121
2290 120
2290 120
2290 120
2290 120
2290 121
2290 120
2290 118
2290 121
2290 121
2290 120
2290 120
2290 120
2290 121
2290 120
2290 120
2290 121
2295 118
2295 118
2295 118
2295 118
2295 118
2295 118
2295 118
2295 118
2295 118
2295 118
2295 118
2295 118
2295 118
2295 116
2295 118
2295 118
2295 118
2295 118
2295 118
2295 118
2295 118
2295 119
2295 118
2295 118
2295 118
2295 118
2295 118
2295 118
2295 118
2295 118
2295 118
2295 118
2295 118
2295 118
2295 118
2295 118
2295 118
2295 118
2295 118
2295 118
2295 116
2295 118
2295 116
2295 116
2295 118
2295 118
2295 119
2295 118
2295 118
2295 118
2295 118
2295 118
2295 118
2295 118
2295 118
2295 118
2295 118
2295 118
2295 118
2295 118
2295 118
2295 118
2295 118
2295 118
2295 118
2295 118
2295 118
2295 118
2295 118
2295 118
2295 118
2295 118
2295 118
2295 118
2295 118
2295 118
2295 115
2295 116
2295 118
2295 118
2295 118
2295 118
2295 118
2295 118
2295 118
2295 118
2295 118
2295 118
2295 118
2295 116
2295 118
2295 118
2295 118
2295 118
2295 118
2295 118
2295 118
2295 118
2295 118
2295 118
2300 115
2300 116
2300 116
2300 116
2300 116
2300 116
2300 116
2300 116
2300 114
2300 115
2300 116
2300 116
2300 116
2300 113
2300 116
2300 114
2300 114
2300 114
2300 113
2300 116
2300 115
2300 116
2300 116
2300 116
2300 116
2300 116
2300 114
2300 116
2300 116
2300 114
2300 116
2300 116
2300 116
2300 116
2300 114
2300 114
2300 115
2300 116
2300 116
2300 116
2300 116
2300 116
2300 116
2300 116
2300 116
2300 116
2300 116
2300 116
2300 116
2300 116
2300 116
2300 115
2300 116
2300 116
2300 114
2300 115
2300 116
2300 116
2300 116
2300 116
2300 116
2300 116
2300 116
2300 114
2300 116
2300 115
2300 116
2300 116
2300 114
2300 114
2300 116
2300 116
2300 116
2300 116
2300 116
2300 116
2300 116
2300 116
2300 116
2300 116
2300 116
2300 116
2300 114
2300 116
2300 116
2300 116
2300 116
2300 116
2300 116
2300 115
2300 114
2300 113
2300 116
2300 116
2300 115
2300 115
2300 116
2300 115
2300 116
2305 114
2305 114
2305 114
2305 113
2305 114
2305 114
2305 112
2305 114
2305 112
2305 112
2305 114
2305 114
2305 112
2305 114
2305 114
2305 114
2305 114
2305 114
2305 114
2305 112
2305 114
2305 114
2305 114
2305 114
2305 114
2305 114
2305 114
2305 112
2305 114
2305 114
2305 114
2305 114
2305 114
2305 114
2305 114
2305 114
2305 114
2305 114
2305 114
2305 114
2305 114
2305 112
2305 114
2305 114
2305 114
2305 112
2305 114
2305 114
2305 114
2305 114
2305 114
2305 114
2305 114
2305 114
2305 114
2305 114
2305 114
2305 114
2305 114
2305 114
2305 112
2305 114
2305 114
2305 114
2305 114
2305 114
2305 114
2305 114
2305 114
2305 114
2305 114
2305 112
2305 114
2305 114
2305 114
2305 114
2305 114
2305 112
2305 114
2305 114
2305 114
2305 114
2305 114
2305 114
2305 114
2305 114
2305 114
2305 114
2305 114
2305 114
2305 114
2305 114
2305 114
2305 114
2305 112
2305 114
2305 112
2305 114
2305 114
2305 114
2310 112
2310 112
2310 113
2310 113
2310 112
2310 112
2310 112
2310 110
2310 112
2310 112
2310 111
2310 110
2310 110
2310 111
2310 110
2310 113
2310 112
2310 112
2310 113
2310 112
2310 112
2310 112
2310 112
2310 113
2310 112
2310 112
2310 112
2310 112
2310 113
2310 113
2310 112
2310 112
2310 112
2310 112
2310 113
2310 112
2310 111
2310 112
2310 112
2310 113
2310 112
2310 112
2310 112
2310 113
2310 113
2310 112
2310 112
2310 112
2310 111
2310 112
2310 112
2310 112
2310 112
2310 111
2310 112
2310 112
2310 112
2310 112
2310 112
2310 113
2310 112
2310 112
2310 113
2310 110
2310 111
2310 112
2310 112
2310 112
2310 112
2310 111
2310 113
2310 113
2310 112
2310 112
2310 112
2310 113
2310 112
2310 113
2310 112
2310 112
2310 112
2310 112
2310 112
2310 110
2310 112
2310 112
2310 112
2310 113
2310 113
2310 113
2310 112
2310 112
2310 112
2310 111
2310 112
2310 113
2310 112
2310 113
2310 112
2310 112
2315 112
2315 112
2315 109
2315 110
2315 111
2315 111
2315 111
2315 111
2315 111
2315 112
2315 112
2315 112
2315 112
2315 111
2315 111
2315 111
2315 111
2315 112
2315 111
2315 111
2315 112
2315 111
2315 111
2315 111
2315 111
2315 112
2315 111
2315 112
2315 111
2315 111
2315 109
2315 109
2315 112
2315 111
2315 111
2315 111
2315 111
2315 111
2315 111
2315 111
2315 111
2315 112
2315 111
2315 111
2315 111
2315 112
2315 111
2315 111
2315 111
2315 109
2315 112
2315 110
2315 111
2315 111
2315 112
2315 111
2315 111
2315 110
2315 111
2315 112
2315 112
2315 111
2315 111
2315 111
2315 111
2315 112
2315 112
2315 111
2315 111
2315 111
2315 112
2315 109
2315 112
2315 109
2315 111
2315 111
2315 109
2315 111
2315 112
2315 111
2315 110
2315 111
2315 112
2315 111
2315 112
2315 111
2315 109
2315 112
2315 110
2315 111
2315 109
2315 109
2315 109
2315 111
2315 112
2315 111
2315 111
2315 112
2315 111
2315 109
2320 108
2320 108
2320 109
2320 108
2320 109
2320 109
2320 108
2320 109
2320 109
2320 107
2320 108
2320 109
2320 108
2320 109
2320 109
2320 109
2320 109
2320 108
2320 108
2320 109
2320 109
2320 109
2320 107
2320 109
2320 107
2320 107
2320 109
2320 109
2320 109
2320 109
2320 109
2320 109
2320 109
2320 109
2320 108
2320 108
2320 109
2320 109
2320 109
2320 109
2320 108
2320 108
2320 109
2320 109
2320 109
2320 109
2320 109
2320 109
2320 109
2320 109
2320 108
2320 109
2320 108
2320 109
2320 109
2320 107
2320 109
2320 107
2320 109
2320 109
2320 109
2320 108
2320 107
2320 107
2320 106
2320 107
2320 107
2320 109
2320 109
2320 109
2320 109
2320 109
2320 107
2320 108
2320 109
2320 109
2320 109
2320 109
2320 108
2320 109
2320 109
2320 109
2320 109
2320 109
2320 108
2320 109
2320 108
2320 107
2320 108
2320 109
2320 109
2320 109
2320 109
2320 109
2320 109
2320 109
2320 109
2320 109
2320 107
2325 107
2325 107
2325 107
2325 105
2325 107
2325 107
2325 105
2325 104
2325 105
2325 105
2325 107
2325 104
2325 107
2325 107
2325 107
2325 107
2325 107
2325 107
2325 107
2325 107
2325 107
2325 107
2325 107
2325 107
2325 107
2325 107
2325 104
2325 107
2325 107
2325 104
2325 104
2325 105
2325 107
2325 107
2325 107
2325 107
2325 105
2325 107
2325 107
2325 108
2325 107
2325 107
2325 107
2325 107
2325 105
2325 107
2325 107
2325 105
2325 105
2325 107
2325 107
2325 107
2325 107
2325 107
2325 107
2325 107
2325 107
2325 107
2325 107
2325 107
2325 107
2325 107
2325 107
2325 107
2325 107
2325 107
2325 107
2325 107
2325 107
2325 107
2325 108
2325 107
2325 107
2325 107
2325 107
2325 107
2325 107
2325 107
2325 105
2325 107
2325 105
2325 107
2325 107
2325 107
2325 107
2325 107
2325 107
2325 104
2325 107
2325 107
2325 107
2325 107
2325 107
2325 107
2325 107
2325 107
2325 107
2325 107
2325 107
2325 107
2330 106
2330 105
2330 106
2330 106
2330 105
2330 105
2330 105
2330 106
2330 105
2330 105
2330 105
2330 105
2330 105
2330 106
2330 106
2330 105
2330 105
2330 103
2330 103
2330 103
2330 105
2330 106
2330 105
2330 105
2330 105
2330 105
2330 104
2330 105
2330 105
2330 106
2330 106
2330 106
2330 105
2330 105
2330 106
2330 105
2330 105
2330 105
2330 103
2330 105
2330 104
2330 105
2330 105
2330 103
2330 103
2330 105
2330 106
2330 103
2330 103
2330 105
2330 105
2330 105
2330 103
2330 105
2330 105
2330 105
2330 106
2330 105
2330 103
2330 106
2330 105
2330 105
2330 103
2330 103
2330 105
2330 105
2330 105
2330 105
2330 106
2330 106
2330 105
2330 105
2330 105
2330 103
2330 105
2330 105
2330 103
2330 103
2330 103
2330 106
2330 105
2330 106
2330 105
2330 105
2330 103
2330 105
2330 105
2330 105
2330 105
2330 105
2330 106
2330 106
2330 105
2330 105
2330 105
2330 106
2330 105
2330 105
2330 105
2330 105
2335 104
2335 103
2335 104
2335 103
2335 104
2335 103
2335 104
2335 103
2335 104
2335 102
2335 103
2335 104
2335 104
2335 103
2335 103
2335 104
2335 103
2335 103
2335 103
2335 102
2335 104
2335 103
2335 102
2335 102
2335 104
2335 104
2335 103
2335 104
2335 104
2335 102
2335 104
2335 104
2335 103
2335 104
2335 102
2335 102
2335 102
2335 104
2335 104
2335 103
2335 104
2335 103
2335 104
2335 103
2335 104
2335 104
2335 104
2335 103
2335 103
2335 104
2335 103
2335 103
2335 103
2335 103
2335 104
2335 104
2335 104
2335 104
2335 103
2335 104
2335 104
2335 104
2335 102
2335 104
2335 102
2335 103
2335 104
2335 103
2335 104
2335 103
2335 103
2335 103
2335 103
2335 104
2335 103
2335 103
2335 104
2335 104
2335 104
2335 103
2335 104
2335 103
2335 102
2335 103
2335 103
2335 103
2335 101
2335 103
2335 104
2335 104
2335 103
2335 104
2335 104
2335 103
2335 104
2335 104
2335 104
2335 103
2335 102
2335 103
2340 101
2340 101
2340 101
2340 101
2340 101
2340 101
2340 101
2340 102
2340 101
2340 102
2340 101
2340 102
2340 101
2340 101
2340 101
2340 101
2340 101
2340 102
2340 102
2340 102
2340 102
2340 102
2340 101
2340 101
2340 101
2340 101
2340 102
2340 101
2340 102
2340 101
2340 101
2340 101
2340 101
2340 101
2340 101
2340 102
2340 102
2340 101
2340 101
2340 101
2340 102
2340 102
2340 102
2340 102
2340 101
2340 101
2340 102
2340 101
2340 100
2340 102
2340 101
2340 102
2340 101
2340 101
2340 101
2340 101
2340 102
2340 101
2340 101
2340 102
2340 102
2340 101
2340 101
2340 101
2340 101
2340 102
2340 102
2340 102
2340 101
2340 101
2340 101
2340 102
2340 102
2340 102
2340 101
2340 102
2340 101
2340 99
2340 101
2340 102
2340 101
2340 102
2340 101
2340 99
2340 102
2340 102
2340 102
2340 101
2340 100
2340 99
2340 99
2340 101
2340 101
2340 102
2340 99
2340 101
2340 101
2340 101
2340 101
2345 100
2345 99
2345 100
2345 99
2345 99
2345 99
2345 99
2345 100
2345 100
2345 100
2345 99
2345 99
2345 99
2345 99
2345 100
2345 100
2345 99
2345 99
2345 100
2345 99
2345 100
2345 99
2345 99
2345 100
2345 100
2345 99
2345 99
2345 99
2345 99
2345 97
2345 98
2345 99
2345 100
2345 99
2345 99
2345 99
2345 99
2345 99
2345 100
2345 98
2345 100
2345 99
2345 100
2345 99
2345 100
2345 99
2345 99
2345 99
2345 99
2345 99
2345 99
2345 100
2345 99
2345 100
2345 99
2345 100
2345 99
2345 99
2345 100
2345 98
2345 99
2345 99
2345 98
2345 99
2345 99
2345 99
2345 97
2345 99
2345 99
2345 100
2345 98
2345 99
2345 99
2345 100
2345 99
2345 99
2345 99
2345 99
2345 99
2345 100
2345 100
2345 99
2345 99
2345 100
2345 99
2345 99
2345 99
2345 100
2345 99
2345 100
2345 99
2345 99
2345 100
2345 99
2345 99
2345 100
2345 98
2345 99
2345 99
2345 98
2350 98
2350 98
2350 98
2350 98
2350 98
2350 98
2350 98
2350 98
2350 98
2350 98
2350 98
2350 98
2350 98
2350 98
2350 98
2350 98
2350 98
2350 98
2350 98
2350 98
2350 96
2350 98
2350 98
2350 98
2350 98
2350 97
2350 98
2350 98
2350 96
2350 98
2350 98
2350 96
2350 98
2350 96
2350 98
2350 98
2350 98
2350 98
2350 98
2350 98
2350 96
2350 96
2350 98
2350 98
2350 98
2350 96
2350 98
2350 98
2350 98
2350 98
2350 98
2350 98
2350 98
2350 98
2350 98
2350 98
2350 98
2350 98
2350 98
2350 98
2350 98
2350 98
2350 96
2350 98
2350 98
2350 98
2350 98
2350 98
2350 98
2350 98
2350 98
2350 98
2350 98
2350 99
2350 98
2350 98
2350 96
2350 97
2350 98
2350 98
2350 98
2350 98
2350 98
2350 98
2350 98
2350 98
2350 96
2350 98
2350 98
2350 98
2350 98
2350 98
2350 98
2350 96
2350 98
2350 98
2350 96
2350 98
2350 98
2350 96
2355 96
2355 96
2355 96
2355 96
2355 96
2355 94
2355 96
2355 96
2355 96
2355 96
2355 96
2355 96
2355 96
2355 96
2355 95
2355 96
2355 97
2355 96
2355 96
2355 96
2355 96
2355 96
2355 96
2355 96
2355 96
2355 96
2355 96
2355 96
2355 96
2355 96
2355 96
2355 96
2355 96
2355 96
2355 96
2355 96
2355 96
2355 96
2355 96
2355 94
2355 94
2355 96
2355 96
2355 96
2355 96
2355 96
2355 96
2355 96
2355 96
2355 96
2355 97
2355 96
2355 94
2355 96
2355 96
2355 96
2355 96
2355 96
2355 96
2355 96
2355 96
2355 96
2355 96
2355 97
2355 96
2355 96
2355 96
2355 96
2355 96
2355 96
2355 96
2355 96
2355 96
2355 96
2355 96
2355 94
2355 94
2355 96
2355 96
2355 96
2355 96
2355 96
2355 96
2355 96
2355 96
2355 96
2355 96
2355 96
2355 96
2355 96
2355 94
2355 96
2355 96
2355 94
2355 94
2355 94
2355 96
2355 96
2355 96
2355 96
2360 94
2360 94
2360 94
2360 94
2360 94
2360 94
2360 94
2360 94
2360 94
2360 94
2360 94
2360 94
2360 94
2360 94
2360 94
2360 94
2360 94
2360 94
2360 91
2360 94
2360 94
2360 94
2360 94
2360 94
2360 94
2360 94
2360 94
2360 94
2360 91
2360 91
2360 94
2360 94
2360 94
2360 91
2360 93
2360 94
2360 94
2360 94
2360 94
2360 91
2360 91
2360 94
2360 94
2360 94
2360 94
2360 94
2360 94
2360 94
2360 94
2360 91
2360 94
2360 94
2360 94
2360 94
2360 94
2360 91
2360 91
2360 94
2360 94
2360 94
2360 94
2360 94
2360 94
2360 94
2360 94
2360 94
2360 94
2360 94
2360 94
2360 94
2360 94
2360 91
2360 94
2360 94
2360 94
2360 94
2360 94
2360 94
2360 94
2360 91
2360 94
2360 94
2360 94
2360 94
2360 94
2360 94
2360 93
2360 94
2360 94
2360 94
2360 94
2360 94
2360 94
2360 94
2360 94
2360 94
2360 94
2360 94
2360 94
2360 94
2365 91
2365 91
2365 91
2365 92
2365 93
2365 91
2365 91
2365 92
2365 91
2365 91
2365 91
2365 91
2365 90
2365 91
2365 91
2365 91
2365 91
2365 91
2365 91
2365 91
2365 91
2365 91
2365 91
2365 91
2365 91
2365 91
2365 91
2365 91
2365 91
2365 91
2365 91
2365 91
2365 91
2365 91
2365 90
2365 91
2365 91
2365 91
2365 92
2365 91
2365 91
2365 91
2365 90
2365 91
2365 91
2365 91
2365 91
2365 91
2365 91
2365 91
2365 92
2365 91
2365 91
2365 93
2365 91
2365 91
2365 91
2365 91
2365 91
2365 91
2365 91
2365 91
2365 91
2365 91
2365 91
2365 91
2365 92
2365 91
2365 91
2365 90
2365 91
2365 91
2365 91
2365 91
2365 91
2365 92
2365 91
2365 91
2365 91
2365 91
2365 91
2365 91
2365 91
2365 91
2365 91
2365 91
2365 91
2365 91
2365 91
2365 91
2365 91
2365 90
2365 91
2365 91
2365 91
2365 91
2365 91
2365 91
2365 91
2365 91
2370 90
2370 90
2370 91
2370 91
2370 90
2370 90
2370 90
2370 90
2370 91
2370 90
2370 90
2370 90
2370 91
2370 91
2370 90
2370 90
2370 90
2370 91
2370 91
2370 91
2370 90
2370 90
2370 90
2370 91
2370 91
2370 91
2370 89
2370 90
2370 90
2370 91
2370 91
2370 90
2370 91
2370 90
2370 90
2370 90
2370 90
2370 90
2370 91
2370 91
2370 90
2370 90
2370 89
2370 89
2370 89
2370 89
2370 91
2370 90
2370 91
2370 90
2370 90
2370 90
2370 90
2370 90
2370 90
2370 91
2370 91
2370 89
2370 89
2370 89
2370 89
2370 90
2370 90
2370 90
2370 91
2370 90
2370 91
2370 90
2370 90
2370 90
2370 91
2370 91
2370 90
2370 90
2370 89
2370 90
2370 90
2370 90
2370 90
2370 90
2370 90
2370 90
2370 90
2370 90
2370 91
2370 91
2370 90
2370 90
2370 91
2370 90
2370 90
2370 89
2370 89
2370 90
2370 90
2370 90
2370 91
2370 91
2370 91
2370 91
2375 89
2375 89
2375 89
2375 87
2375 87
2375 87
2375 87
2375 89
2375 89
2375 89
2375 89
2375 89
2375 89
2375 89
2375 89
2375 89
2375 89
2375 89
2375 89
2375 89
2375 87
2375 87
2375 87
2375 87
2375 87
2375 86
2375 86
2375 89
2375 89
2375 89
2375 89
2375 87
2375 87
2375 87
2375 86
2375 89
2375 89
2375 89
2375 89
2375 89
2375 89
2375 89
2375 89
2375 89
2375 89
2375 87
2375 89
2375 89
2375 89
2375 89
2375 89
2375 89
2375 89
2375 89
2375 89
2375 89
2375 89
2375 89
2375 89
2375 89
2375 89
2375 87
2375 89
2375 89
2375 89
2375 89
2375 89
2375 89
2375 89
2375 89
2375 89
2375 89
2375 89
2375 89
2375 89
2375 89
2375 89
2375 89
2375 89
2375 89
2375 89
2375 88
2375 89
2375 89
2375 89
2375 89
2375 89
2375 89
2375 89
2375 89
2375 89
2375 89
2375 86
2375 89
2375 89
2375 89
2375 89
2375 87
2375 86
2380 86
2380 86
2380 86
2380 84
2380 86
2380 86
2380 86
2380 86
2380 86
2380 86
2380 86
2380 86
2380 86
2380 86
2380 86
2380 86
2380 86
2380 86
2380 86
2380 84
2380 86
2380 84
2380 86
2380 87
2380 86
2380 84
2380 86
2380 86
2380 86
2380 84
2380 86
2380 87
2380 87
2380 86
2380 86
2380 86
2380 86
2380 86
2380 86
2380 86
2380 84
2380 84
2380 84
2380 84
2380 85
2380 86
2380 86
2380 86
2380 84
2380 84
2380 86
2380 86
2380 84
2380 86
2380 86
2380 86
2380 86
2380 84
2380 86
2380 86
2380 86
2380 87
2380 86
2380 86
2380 84
2380 86
2380 86
2380 86
2380 86
2380 86
2380 86
2380 86
2380 86
2380 86
2380 86
2380 86
2380 86
2380 86
2380 86
2380 86
2380 86
2380 86
2380 86
2380 86
2380 86
2380 86
2380 86
2380 86
2380 86
2380 86
2380 86
2380 84
2380 86
2380 87
2380 86
2380 86
2380 87
2380 86
2380 86
2380 86
2385 84
2385 84
2385 84
2385 84
2385 84
2385 84
2385 84
2385 84
2385 84
2385 82
2385 85
2385 84
2385 84
2385 82
2385 84
2385 84
2385 84
2385 84
2385 84
2385 85
2385 84
2385 83
2385 84
2385 84
2385 85
2385 84
2385 84
2385 85
2385 84
2385 84
2385 82
2385 84
2385 84
2385 84
2385 84
2385 84
2385 82
2385 84
2385 84
2385 84
2385 84
2385 85
2385 84
2385 84
2385 84
2385 85
2385 84
2385 84
2385 84
2385 86
2385 84
2385 84
2385 84
2385 84
2385 84
2385 82
2385 84
2385 84
2385 84
2385 84
2385 84
2385 84
2385 84
2385 84
2385 84
2385 84
2385 84
2385 84
2385 84
2385 84
2385 84
2385 84
2385 84
2385 84
2385 83
2385 84
2385 84
2385 84
2385 84
2385 84
2385 82
2385 84
2385 84
2385 84
2385 84
2385 84
2385 84
2385 85
2385 84
2385 84
2385 84
2385 84
2385 85
2385 84
2385 84
2385 84
2385 84
2385 84
2385 84
2385 84
2390 82
2390 82
2390 83
2390 82
2390 82
2390 83
2390 82
2390 81
2390 83
2390 83
2390 83
2390 83
2390 83
2390 84
2390 83
2390 81
2390 83
2390 83
2390 83
2390 83
2390 82
2390 82
2390 81
2390 83
2390 83
2390 83
2390 83
2390 82
2390 82
2390 83
2390 83
2390 83
2390 83
2390 83
2390 82
2390 82
2390 82
2390 82
2390 82
2390 83
2390 83
2390 82
2390 82
2390 81
2390 82
2390 82
2390 82
2390 83
2390 83
2390 83
2390 83
2390 83
2390 82
2390 82
2390 82
2390 83
2390 82
2390 83
2390 84
2390 83
2390 83
2390 83
2390 82
2390 83
2390 83
2390 82
2390 82
2390 83
2390 82
2390 81
2390 81
2390 83
2390 83
2390 83
2390 83
2390 82
2390 83
2390 84
2390 83
2390 83
2390 81
2390 83
2390 83
2390 84
2390 83
2390 83
2390 82
2390 83
2390 83
2390 81
2390 81
2390 82
2390 81
2390 82
2390 83
2390 83
2390 83
2395 82
2395 81
2395 82
2395 82
2395 81
2395 81
2395 81
2395 81
2395 81
2395 81
2395 82
2395 80
2395 81
2395 82
2395 82
2395 81
2395 82
2395 81
2395 81
2395 81
2395 82
2395 81
2395 81
2395 82
2395 82
2395 82
2395 82
2395 82
2395 82
2395 82
2395 80
2395 80
2395 82
2395 82
2395 81
2395 82
2395 81
2395 81
2395 82
2395 82
2395 82
2395 82
2395 82
2395 82
2395 82
2395 82
2395 81
2395 81
2395 81
2395 82
2395 81
2395 82
2395 80
2395 81
2395 81
2395 82
2395 81
2395 82
2395 81
2395 81
2395 82
2395 81
2395 81
2395 81
2395 81
2395 81
2395 82
2395 81
2395 81
2395 81
2395 81
2395 81
2395 82
2395 81
2395 81
2395 82
2395 80
2395 81
2395 81
2395 82
2395 81
2395 81
2395 81
2395 82
2395 81
2395 81
2395 80
2395 80
2395 81
2395 81
2395 82
2395 82
2395 82
2395 82
2395 82
2395 81
2395 81
2395 81
2395 82
2395 82
2400 80
2400 80
2400 79
2400 79
2400 79
2400 79
2400 79
2400 80
2400 79
2400 80
2400 80
2400 80
2400 80
2400 79
2400 79
2400 79
2400 80
2400 77
2400 78
2400 79
2400 79
2400 79
2400 78
2400 79
2400 79
2400 79
2400 79
2400 78
2400 79
2400 79
2400 80
2400 80
2400 79
2400 80
2400 80
2400 80
2400 77
2400 80
2400 79
2400 79
2400 80
2400 77
2400 77
2400 79
2400 79
2400 80
2400 80
2400 80
2400 79
2400 77
2400 79
2400 80
2400 79
2400 80
2400 80
2400 80
2400 77
2400 79
2400 78
2400 80
2400 79
2400 80
2400 79
2400 80
2400 79
2400 80
2400 79
2400 79
2400 80
2400 79
2400 79
2400 80
2400 79
2400 80
2400 79
2400 80
2400 80
2400 80
2400 80
2400 77
2400 80
2400 77
2400 77
2400 79
2400 80
2400 80
2400 80
2400 78
2400 77
2400 80
2400 79
2400 79
2400 80
2400 80
2400 80
2400 80
2400 79
2400 80
2400 80
2400 79
2405 77
2405 77
2405 77
2405 77
2405 76
2405 77
2405 76
2405 78
2405 77
2405 77
2405 77
2405 77
2405 76
2405 76
2405 77
2405 77
2405 77
2405 78
2405 77
2405 77
2405 77
2405 77
2405 77
2405 77
2405 77
2405 78
2405 77
2405 76
2405 77
2405 77
2405 77
2405 77
2405 76
2405 77
2405 77
2405 77
2405 78
2405 77
2405 78
2405 77
2405 77
2405 78
2405 77
2405 77
2405 77
2405 77
2405 77
2405 76
2405 77
2405 77
2405 77
2405 77
2405 78
2405 77
2405 77
2405 77
2405 77
2405 77
2405 76
2405 76
2405 77
2405 77
2405 77
2405 77
2405 77
2405 76
2405 77
2405 78
2405 77
2405 76
2405 76
2405 77
2405 77
2405 78
2405 76
2405 77
2405 76
2405 77
2405 77
2405 77
2405 77
2405 78
2405 77
2405 77
2405 77
2405 78
2405 77
2405 77
2405 77
2405 77
2405 77
2405 77
2405 78
2405 77
2405 77
2405 77
2405 77
2405 78
2405 76
2405 77
2410 76
2410 76
2410 76
2410 76
2410 76
2410 76
2410 76
2410 76
2410 76
2410 75
2410 76
2410 76
2410 76
2410 76
2410 76
2410 76
2410 75
2410 76
2410 75
2410 76
2410 76
2410 76
2410 76
2410 76
2410 76
2410 76
2410 76
2410 75
2410 74
2410 76
2410 76
2410 76
2410 76
2410 76
2410 75
2410 76
2410 76
2410 76
2410 76
2410 76
2410 76
2410 75
2410 76
2410 76
2410 76
2410 76
2410 76
2410 76
2410 76
2410 76
2410 76
2410 76
2410 76
2410 76
2410 76
2410 76
2410 75
2410 76
2410 76
2410 76
2410 76
2410 76
2410 76
2410 76
2410 76
2410 76
2410 76
2410 76
2410 76
2410 76
2410 76
2410 76
2410 76
2410 76
2410 76
2410 76
2410 76
2410 76
2410 76
2410 77
2410 75
2410 75
2410 75
2410 76
2410 76
2410 76
2410 75
2410 76
2410 76
2410 76
2410 75
2410 76
2410 76
2410 76
2410 76
2410 75
2410 76
2410 76
2410 76
2415 75
2415 75
2415 75
2415 74
2415 74
2415 75
2415 74
2415 75
2415 75
2415 75
2415 74
2415 75
2415 75
2415 75
2415 75
2415 74
2415 75
2415 75
2415 74
2415 74
2415 74
2415 74
2415 75
2415 75
2415 74
2415 75
2415 75
2415 75
2415 75
2415 74
2415 75
2415 75
2415 75
2415 75
2415 75
2415 74
2415 75
2415 75
2415 72
2415 75
2415 75
2415 75
2415 75
2415 75
2415 72
2415 72
2415 75
2415 75
2415 75
2415 75
2415 75
2415 75
2415 75
2415 74
2415 75
2415 74
2415 75
2415 75
2415 75
2415 75
2415 74
2415 75
2415 74
2415 75
2415 75
2415 75
2415 74
2415 75
2415 72
2415 75
2415 74
2415 75
2415 74
2415 74
2415 74
2415 74
2415 75
2415 75
2415 75
2415 74
2415 75
2415 75
2415 74
2415 74
2415 74
2415 75
2415 74
2415 74
2415 75
2415 72
2415 74
2415 74
2415 74
2415 75
2415 75
2415 74
2415 75
2415 75
2415 75
2415 72
2420 71
2420 70
2420 71
2420 72
2420 72
2420 72
2420 72
2420 71
2420 72
2420 72
2420 70
2420 70
2420 72
2420 72
2420 72
2420 72
2420 72
2420 71
2420 72
2420 71
2420 72
2420 72
2420 72
2420 72
2420 72
2420 72
2420 72
2420 71
2420 72
2420 71
2420 72
2420 72
2420 71
2420 72
2420 72
2420 70
2420 71
2420 72
2420 72
2420 72
2420 71
2420 71
2420 72
2420 72
2420 72
2420 72
2420 72
2420 72
2420 72
2420 71
2420 72
2420 71
2420 72
2420 71
2420 72
2420 71
2420 72
2420 71
2420 70
2420 72
2420 72
2420 72
2420 72
2420 72
2420 72
2420 72
2420 72
2420 72
2420 71
2420 72
2420 72
2420 72
2420 72
2420 72
2420 72
2420 72
2420 72
2420 71
2420 72
2420 72
2420 72
2420 72
2420 72
2420 72
2420 72
2420 72
2420 72
2420 72
2420 72
2420 72
2420 70
2420 71
2420 72
2420 70
2420 70
2420 70
2420 72
2420 70
2420 72
2420 72
2425 70
2425 70
2425 70
2425 70
2425 70
2425 70
2425 70
2425 70
2425 69
2425 68
2425 70
2425 70
2425 70
2425 70
2425 70
2425 70
2425 70
2425 70
2425 69
2425 70
2425 70
2425 68
2425 70
2425 70
2425 70
2425 70
2425 70
2425 70
2425 70
2425 70
2425 70
2425 70
2425 70
2425 70
2425 70
2425 70
2425 70
2425 70
2425 70
2425 70
2425 70
2425 70
2425 70
2425 70
2425 70
2425 70
2425 70
2425 70
2425 70
2425 70
2425 70
2425 70
2425 70
2425 70
2425 69
2425 70
2425 70
2425 69
2425 70
2425 70
2425 70
2425 70
2425 70
2425 70
2425 68
2425 70
2425 70
2425 70
2425 70
2425 70
2425 70
2425 70
2425 70
2425 70
2425 70
2425 70
2425 70
2425 70
2425 70
2425 70
2425 70
2425 70
2425 70
2425 70
2425 70
2425 70
2425 70
2425 69
2425 70
2425 69
2425 68
2425 70
2425 70
2425 70
2425 70
2425 68
2425 70
2425 70
2425 68
2430 68
2430 68
2430 68
2430 68
2430 67
2430 68
2430 69
2430 69
2430 68
2430 69
2430 67
2430 68
2430 67
2430 68
2430 67
2430 68
2430 68
2430 68
2430 69
2430 69
2430 69
2430 69
2430 68
2430 69
2430 68
2430 69
2430 69
2430 68
2430 68
2430 69
2430 68
2430 69
2430 68
2430 69
2430 67
2430 68
2430 68
2430 68
2430 68
2430 69
2430 68
2430 68
2430 69
2430 69
2430 68
2430 68
2430 68
2430 69
2430 69
2430 68
2430 68
2430 68
2430 68
2430 68
2430 67
2430 67
2430 67
2430 67
2430 68
2430 68
2430 68
2430 68
2430 69
2430 69
2430 69
2430 69
2430 68
2430 68
2430 69
2430 68
2430 68
2430 68
2430 69
2430 69
2430 69
2430 68
2430 69
2430 69
2430 69
2430 68
2430 68
2430 68
2430 67
2430 67
2430 67
2430 68
2430 68
2430 68
2430 69
2430 68
2430 68
2430 68
2430 67
2430 69
2430 69
2430 69
2430 68
2430 68
2430 68
2430 69
2435 66
2435 67
2435 67
2435 67
2435 67
2435 65
2435 67
2435 67
2435 66
2435 67
2435 66
2435 67
2435 67
2435 67
2435 67
2435 67
2435 67
2435 67
2435 67
2435 66
2435 65
2435 65
2435 66
2435 67
2435 67
2435 67
2435 67
2435 67
2435 67
2435 67
2435 67
2435 67
2435 67
2435 67
2435 66
2435 67
2435 67
2435 65
2435 66
2435 67
2435 67
2435 67
2435 67
2435 67
2435 67
2435 65
2435 67
2435 67
2435 67
2435 67
2435 67
2435 67
2435 67
2435 67
2435 67
2435 67
2435 67
2435 67
2435 67
2435 67
2435 67
2435 67
2435 67
2435 66
2435 67
2435 67
2435 67
2435 67
2435 67
2435 65
2435 66
2435 67
2435 67
2435 67
2435 67
2435 67
2435 67
2435 67
2435 67
2435 67
2435 65
2435 65
2435 66
2435 65
2435 66
2435 67
2435 66
2435 66
2435 67
2435 67
2435 67
2435 67
2435 66
2435 66
2435 66
2435 67
2435 65
2435 65
2435 66
2440 64
2440 64
2440 64
2440 64
2440 64
2440 64
2440 65
2440 65
2440 65
2440 64
2440 65
2440 64
2440 64
2440 65
2440 64
2440 65
2440 63
2440 65
2440 64
2440 64
2440 65
2440 65
2440 64
2440 65
2440 63
2440 64
2440 65
2440 64
2440 64
2440 65
2440 65
2440 64
2440 64
2440 65
2440 64
2440 64
2440 64
2440 64
2440 64
2440 64
2440 64
2440 64
2440 62
2440 65
2440 64
2440 65
2440 65
2440 65
2440 63
2440 63
2440 65
2440 65
2440 65
2440 65
2440 65
2440 64
2440 64
2440 65
2440 64
2440 64
2440 65
2440 64
2440 64
2440 65
2440 64
2440 65
2440 65
2440 65
2440 64
2440 64
2440 63
2440 65
2440 64
2440 64
2440 64
2440 65
2440 65
2440 64
2440 63
2440 64
2440 64
2440 63
2440 64
2440 65
2440 64
2440 65
2440 64
2440 65
2440 65
2440 64
2440 64
2440 64
2440 64
2440 64
2440 65
2440 65
2440 64
2440 64
2445 63
2445 63
2445 63
2445 62
2445 63
2445 62
2445 63
2445 63
2445 63
2445 62
2445 62
2445 62
2445 63
2445 62
2445 63
2445 63
2445 64
2445 63
2445 63
2445 64
2445 63
2445 62
2445 62
2445 64
2445 63
2445 62
2445 64
2445 63
2445 62
2445 64
2445 61
2445 63
2445 63
2445 63
2445 63
2445 64
2445 63
2445 63
2445 63
2445 63
2445 63
2445 63
2445 62
2445 62
2445 63
2445 63
2445 63
2445 63
2445 63
2445 62
2445 64
2445 63
2445 63
2445 63
2445 63
2445 63
2445 62
2445 62
2445 62
2445 62
2445 64
2445 62
2445 63
2445 64
2445 63
2445 62
2445 63
2445 63
2445 62
2445 63
2445 62
2445 63
2445 63
2445 63
2445 63
2445 62
2445 62
2445 62
2445 63
2445 63
2445 62
2445 64
2445 63
2445 63
2445 63
2445 62
2445 63
2445 63
2445 63
2445 62
2445 62
2445 63
2445 62
2445 62
2445 62
2445 62
2445 63
2445 62
2445 63
2450 61
2450 62
2450 61
2450 61
2450 61
2450 62
2450 61
2450 62
2450 62
2450 61
2450 61
2450 62
2450 61
2450 62
2450 62
2450 59
2450 61
2450 61
2450 61
2450 61
2450 61
2450 62
2450 61
2450 62
2450 62
2450 61
2450 61
2450 61
2450 61
2450 61
2450 62
2450 62
2450 61
2450 61
2450 60
2450 62
2450 62
2450 62
2450 61
2450 61
2450 62
2450 61
2450 61
2450 62
2450 62
2450 59
2450 59
2450 59
2450 59
2450 61
2450 62
2450 62
2450 62
2450 61
2450 62
2450 61
2450 61
2450 62
2450 61
2450 62
2450 62
2450 61
2450 61
2450 61
2450 61
2450 62
2450 61
2450 61
2450 61
2450 61
2450 61
2450 59
2450 61
2450 62
2450 61
2450 61
2450 62
2450 59
2450 61
2450 61
2450 61
2450 61
2450 61
2450 59
2450 61
2450 61
2450 61
2450 61
2450 61
2450 59
2450 59
2450 61
2450 62
2450 62
2450 62
2450 61
2450 61
2450 61
2450 59
2455 59
2455 59
2455 58
2455 59
2455 59
2455 59
2455 57
2455 59
2455 59
2455 59
2455 59
2455 59
2455 59
2455 59
2455 59
2455 59
2455 59
2455 59
2455 59
2455 59
2455 59
2455 57
2455 58
2455 59
2455 58
2455 59
2455 59
2455 57
2455 57
2455 59
2455 59
2455 59
2455 59
2455 58
2455 59
2455 59
2455 59
2455 59
2455 57
2455 59
2455 59
2455 57
2455 57
2455 59
2455 59
2455 59
2455 59
2455 59
2455 59
2455 59
2455 59
2455 58
2455 57
2455 59
2455 59
2455 59
2455 59
2455 59
2455 59
2455 59
2455 59
2455 59
2455 59
2455 59
2455 57
2455 59
2455 59
2455 59
2455 59
2455 59
2455 59
2455 59
2455 59
2455 59
2455 59
2455 59
2455 58
2455 59
2455 58
2455 59
2455 59
2455 59
2455 59
2455 59
2455 59
2455 59
2455 59
2455 59
2455 59
2455 59
2455 59
2455 59
2455 59
2455 59
2455 59
2455 59
2455 59
2455 59
2455 59
2455 59
2460 57
2460 57
2460 57
2460 57
2460 57
2460 56
2460 57
2460 57
2460 57
2460 57
2460 57
2460 57
2460 57
2460 57
2460 57
2460 57
2460 57
2460 57
2460 57
2460 57
2460 57
2460 57
2460 57
2460 57
2460 57
2460 57
2460 57
2460 57
2460 57
2460 56
2460 57
2460 57
2460 57
2460 57
2460 57
2460 57
2460 55
2460 57
2460 57
2460 57
2460 56
2460 57
2460 57
2460 57
2460 57
2460 57
2460 57
2460 57
2460 55
2460 55
2460 57
2460 57
2460 57
2460 57
2460 57
2460 57
2460 57
2460 55
2460 57
2460 57
2460 57
2460 57
2460 57
2460 57
2460 57
2460 56
2460 57
2460 57
2460 57
2460 55
2460 57
2460 57
2460 57
2460 57
2460 57
2460 57
2460 57
2460 57
2460 57
2460 57
2460 57
2460 57
2460 57
2460 57
2460 56
2460 57
2460 57
2460 57
2460 57
2460 57
2460 57
2460 57
2460 57
2460 56
2460 56
2460 57
2460 57
2460 57
2460 57
2465 55
2465 54
2465 54
2465 55
2465 54
2465 55
2465 55
2465 54
2465 54
2465 55
2465 56
2465 54
2465 55
2465 56
2465 54
2465 55
2465 54
2465 55
2465 55
2465 54
2465 56
2465 54
2465 55
2465 55
2465 55
2465 55
2465 54
2465 54
2465 55
2465 55
2465 54
2465 55
2465 55
2465 55
2465 55
2465 55
2465 54
2465 55
2465 54
2465 55
2465 55
2465 55
2465 54
2465 55
2465 55
2465 54
2465 55
2465 55
2465 54
2465 55
2465 54
2465 55
2465 54
2465 55
2465 55
2465 55
2465 55
2465 55
2465 55
2465 55
2465 56
2465 55
2465 54
2465 54
2465 55
2465 55
2465 55
2465 55
2465 55
2465 56
2465 55
2465 55
2465 54
2465 55
2465 55
2465 55
2465 55
2465 56
2465 56
2465 55
2465 55
2465 55
2465 55
2465 55
2465 54
2465 55
2465 56
2465 55
2465 54
2465 55
2465 55
2465 55
2465 55
2465 54
2465 54
2465 54
2465 54
2465 54
2465 55
2465 55
2470 54
2470 54
2470 52
2470 54
2470 53
2470 54
2470 54
2470 53
2470 54
2470 53
2470 54
2470 54
2470 54
2470 54
2470 54
2470 53
2470 53
2470 52
2470 54
2470 54
2470 54
2470 54
2470 54
2470 52
2470 54
2470 53
2470 54
2470 54
2470 52
2470 54
2470 52
2470 54
2470 53
2470 54
2470 54
2470 54
2470 54
2470 54
2470 54
2470 53
2470 54
2470 54
2470 53
2470 52
2470 52
2470 54
2470 54
2470 54
2470 52
2470 54
2470 54
2470 53
2470 53
2470 53
2470 54
2470 52
2470 54
2470 53
2470 53
2470 54
2470 54
2470 53
2470 54
2470 54
2470 54
2470 54
2470 54
2470 54
2470 54
2470 54
2470 54
2470 54
2470 54
2470 54
2470 54
2470 54
2470 54
2470 54
2470 54
2470 54
2470 53
2470 53
2470 53
2470 54
2470 54
2470 52
2470 52
2470 52
2470 53
2470 53
2470 54
2470 52
2470 54
2470 54
2470 52
2470 52
2470 52
2470 54
2470 54
2470 54
2475 52
2475 52
2475 50
2475 52
2475 52
2475 52
2475 52
2475 52
2475 52
2475 52
2475 52
2475 52
2475 52
2475 52
2475 52
2475 52
2475 52
2475 52
2475 52
2475 52
2475 52
2475 52
2475 50
2475 50
2475 52
2475 52
2475 52
2475 52
2475 52
2475 52
2475 50
2475 51
2475 50
2475 52
2475 52
2475 52
2475 52
2475 52
2475 50
2475 52
2475 52
2475 52
2475 52
2475 52
2475 51
2475 52
2475 52
2475 52
2475 52
2475 52
2475 52
2475 52
2475 52
2475 52
2475 50
2475 52
2475 52
2475 50
2475 52
2475 52
2475 51
2475 52
2475 51
2475 51
2475 52
2475 52
2475 52
2475 52
2475 52
2475 52
2475 52
2475 52
2475 52
2475 52
2475 52
2475 51
2475 52
2475 52
2475 51
2475 52
2475 52
2475 52
2475 52
2475 52
2475 52
2475 52
2475 50
2475 52
2475 52
2475 52
2475 50
2475 52
2475 52
2475 50
2475 50
2475 50
2475 52
2475 50
2475 50
2480 49
2480 50
2480 50
2480 50
2480 49
2480 50
2480 49
2480 48
2480 48
2480 48
2480 50
2480 50
2480 49
2480 49
2480 49
2480 50
2480 50
2480 49
2480 50
2480 49
2480 50
2480 50
2480 49
2480 49
2480 50
2480 48
2480 50
2480 50
2480 49
2480 50
2480 49
2480 49
2480 49
2480 50
2480 50
2480 50
2480 50
2480 49
2480 50
2480 49
2480 50
2480 49
2480 49
2480 50
2480 50
2480 50
2480 49
2480 50
2480 49
2480 50
2480 49
2480 50
2480 50
2480 50
2480 50
2480 49
2480 50
2480 50
2480 50
2480 49
2480 50
2480 50
2480 49
2480 50
2480 49
2480 50
2480 50
2480 49
2480 49
2480 50
2480 49
2480 49
2480 50
2480 50
2480 49
2480 49
2480 49
2480 50
2480 50
2480 50
2480 49
2480 49
2480 49
2480 50
2480 49
2480 50
2480 50
2480 50
2480 50
2480 50
2480 50
2480 49
2480 50
2480 49
2480 50
2480 49
2480 49
2480 48
2480 50
2480 50
2485 48
2485 47
2485 48
2485 48
2485 48
2485 48
2485 48
2485 48
2485 48
2485 48
2485 48
2485 46
2485 46
2485 48
2485 48
2485 48
2485 48
2485 48
2485 47
2485 48
2485 48
2485 48
2485 48
2485 48
2485 48
2485 48
2485 48
2485 48
2485 48
2485 48
2485 48
2485 47
2485 47
2485 48
2485 48
2485 48
2485 48
2485 48
2485 48
2485 48
2485 48
2485 48
2485 48
2485 48
2485 48
2485 48
2485 47
2485 48
2485 48
2485 48
2485 48
2485 48
2485 48
2485 48
2485 48
2485 48
2485 48
2485 48
2485 48
2485 48
2485 48
2485 48
2485 48
2485 48
2485 48
2485 48
2485 48
2485 48
2485 48
2485 48
2485 48
2485 48
2485 48
2485 48
2485 47
2485 48
2485 48
2485 48
2485 48
2485 48
2485 48
2485 48
2485 48
2485 48
2485 48
2485 48
2485 48
2485 47
2485 47
2485 48
2485 48
2485 48
2485 48
2485 47
2485 47
2485 48
2485 48
2485 48
2485 48
2490 46
2490 47
2490 46
2490 46
2490 46
2490 46
2490 46
2490 46
2490 46
2490 47
2490 46
2490 47
2490 46
2490 46
2490 46
2490 47
2490 45
2490 45
2490 46
2490 46
2490 47
2490 46
2490 47
2490 46
2490 47
2490 46
2490 45
2490 45
2490 46
2490 46
2490 46
2490 46
2490 45
2490 46
2490 46
2490 46
2490 47
2490 46
2490 47
2490 47
2490 47
2490 45
2490 45
2490 46
2490 47
2490 46
2490 46
2490 46
2490 46
2490 46
2490 46
2490 47
2490 46
2490 46
2490 46
2490 47
2490 47
2490 47
2490 45
2490 46
2490 46
2490 46
2490 46
2490 46
2490 46
2490 45
2490 47
2490 46
2490 46
2490 46
2490 46
2490 46
2490 47
2490 46
2490 46
2490 46
2490 47
2490 46
2490 46
2490 46
2490 47
2490 46
2490 46
2490 45
2490 46
2490 46
2490 47
2490 46
2490 46
2490 47
2490 46
2490 46
2490 47
2490 46
2490 47
2490 46
2490 46
2490 47
2490 46
2490 47
2495 45
2495 45
2495 45
2495 45
2495 45
2495 44
2495 45
2495 45
2495 45
2495 45
2495 45
2495 44
2495 45
2495 45
2495 45
2495 45
2495 45
2495 45
2495 45
2495 45
2495 44
2495 45
2495 45
2495 44
2495 43
2495 44
2495 45
2495 45
2495 45
2495 45
2495 45
2495 45
2495 45
2495 45
2495 44
2495 45
2495 45
2495 44
2495 45
2495 45
2495 45
2495 45
2495 45
2495 44
2495 44
2495 44
2495 45
2495 45
2495 45
2495 45
2495 45
2495 45
2495 44
2495 44
2495 44
2495 45
2495 44
2495 45
2495 45
2495 45
2495 45
2495 44
2495 44
2495 45
2495 45
2495 45
2495 44
2495 45
2495 45
2495 45
2495 45
2495 44
2495 44
2495 45
2495 45
2495 44
2495 44
2495 44
2495 44
2495 45
2495 45
2495 44
2495 44
2495 45
2495 45
2495 44
2495 44
2495 45
2495 45
2495 45
2495 44
2495 45
2495 44
2495 44
2495 45
2495 45
2495 45
2495 45
2495 43
2495 45
2500 43
2500 43
2500 43
2500 43
2500 43
2500 43
2500 43
2500 43
2500 43
2500 43
2500 43
2500 43
2500 43
2500 43
2500 43
2500 43
2500 43
2500 43
2500 43
2500 43
2500 43
2500 43
2500 43
2500 41
2500 42
2500 43
2500 43
2500 43
2500 43
2500 43
2500 43
2500 43
2500 43
2500 42
2500 43
2500 43
2500 43
2500 43
2500 43
2500 43
2500 43
2500 43
2500 43
2500 43
2500 43
2500 43
2500 43
2500 43
2500 43
2500 43
2500 43
2500 43
2500 41
2500 42
2500 42
2500 42
2500 43
2500 43
2500 43
2500 43
2500 42
2500 43
2500 43
2500 43
2500 43
2500 43
2500 43
2500 43
2500 41
2500 43
2500 43
2500 43
2500 42
2500 43
2500 43
2500 41
2500 42
2500 42
2500 43
2500 42
2500 43
2500 43
2500 43
2500 43
2500 43
2500 43
2500 42
2500 43
2500 43
2500 43
2500 43
2500 43
2500 43
2500 42
2500 43
2500 42
2500 43
2500 43
2500 43
2500 43
2505 41
2505 41
2505 41
2505 41
2505 41
2505 41
2505 40
2505 41
2505 41
2505 42
2505 41
2505 41
2505 41
2505 41
2505 41
2505 41
2505 41
2505 41
2505 41
2505 41
2505 41
2505 41
2505 40
2505 40
2505 40
2505 41
2505 41
2505 41
2505 40
2505 40
2505 41
2505 41
2505 41
2505 41
2505 41
2505 41
2505 41
2505 41
2505 41
2505 42
2505 42
2505 41
2505 41
2505 41
2505 40
2505 40
2505 41
2505 41
2505 41
2505 40
2505 41
2505 41
2505 41
2505 41
2505 41
2505 40
2505 41
2505 42
2505 40
2505 40
2505 41
2505 40
2505 41
2505 41
2505 41
2505 41
2505 41
2505 41
2505 41
2505 41
2505 41
2505 41
2505 41
2505 41
2505 40
2505 41
2505 41
2505 41
2505 41
2505 40
2505 40
2505 41
2505 41
2505 41
2505 40
2505 40
2505 40
2505 41
2505 41
2505 41
2505 41
2505 41
2505 41
2505 41
2505 41
2505 41
2505 41
2505 40
2505 40
2505 41
2510 40
2510 39
2510 40
2510 38
2510 38
2510 38
2510 40
2510 40
2510 39
2510 40
2510 40
2510 40
2510 39
2510 39
2510 40
2510 39
2510 39
2510 40
2510 40
2510 40
2510 40
2510 39
2510 40
2510 40
2510 39
2510 39
2510 40
2510 40
2510 39
2510 39
2510 40
2510 40
2510 40
2510 40
2510 39
2510 40
2510 39
2510 40
2510 39
2510 39
2510 40
2510 39
2510 40
2510 40
2510 40
2510 39
2510 38
2510 38
2510 40
2510 40
2510 39
2510 40
2510 39
2510 39
2510 39
2510 39
2510 40
2510 39
2510 40
2510 39
2510 40
2510 39
2510 39
2510 39
2510 40
2510 40
2510 40
2510 40
2510 39
2510 39
2510 39
2510 39
2510 38
2510 39
2510 40
2510 39
2510 40
2510 39
2510 40
2510 39
2510 39
2510 39
2510 38
2510 39
2510 40
2510 40
2510 40
2510 40
2510 40
2510 39
2510 38
2510 39
2510 39
2510 40
2510 39
2510 39
2510 40
2510 40
2510 38
2510 38
2515 38
2515 37
2515 38
2515 38
2515 37
2515 38
2515 38
2515 38
2515 38
2515 37
2515 38
2515 38
2515 38
2515 38
2515 37
2515 37
2515 38
2515 38
2515 38
2515 37
2515 37
2515 38
2515 37
2515 38
2515 38
2515 38
2515 38
2515 38
2515 38
2515 38
2515 37
2515 38
2515 37
2515 36
2515 38
2515 38
2515 36
2515 37
2515 38
2515 38
2515 38
2515 38
2515 38
2515 38
2515 38
2515 38
2515 38
2515 38
2515 38
2515 38
2515 38
2515 38
2515 38
2515 37
2515 38
2515 38
2515 38
2515 37
2515 38
2515 38
2515 38
2515 38
2515 38
2515 38
2515 37
2515 38
2515 38
2515 38
2515 38
2515 37
2515 38
2515 38
2515 38
2515 38
2515 37
2515 36
2515 38
2515 38
2515 38
2515 38
2515 37
2515 36
2515 38
2515 38
2515 38
2515 38
2515 38
2515 37
2515 38
2515 38
2515 38
2515 38
2515 38
2515 37
2515 38
2515 37
2515 36
2515 38
2515 38
2520 36
2520 35
2520 35
2520 36
2520 36
2520 35
2520 36
2520 36
2520 36
2520 36
2520 35
2520 36
2520 35
2520 35
2520 36
2520 36
2520 35
2520 35
2520 36
2520 36
2520 35
2520 35
2520 36
2520 36
2520 35
2520 35
2520 36
2520 36
2520 35
2520 35
2520 36
2520 35
2520 35
2520 36
2520 35
2520 36
2520 36
2520 36
2520 35
2520 36
2520 36
2520 36
2520 36
2520 36
2520 35
2520 35
2520 35
2520 35
2520 36
2520 36
2520 35
2520 35
2520 35
2520 35
2520 35
2520 36
2520 35
2520 35
2520 35
2520 35
2520 35
2520 36
2520 35
2520 35
2520 36
2520 35
2520 36
2520 36
2520 36
2520 36
2520 36
2520 36
2520 36
2520 35
2520 35
2520 35
2520 36
2520 36
2520 36
2520 35
2520 35
2520 35
2520 35
2520 35
2520 36
2520 35
2520 36
2520 35
2520 35
2520 35
2520 35
2520 36
2520 35
2520 36
2520 36
2520 36
2520 36
2520 35
2520 36
2525 34
2525 34
2525 34
2525 34
2525 34
2525 33
2525 34
2525 33
2525 34
2525 34
2525 34
2525 35
2525 34
2525 34
2525 33
2525 34
2525 34
2525 33
2525 34
2525 34
2525 34
2525 35
2525 35
2525 33
2525 34
2525 34
2525 34
2525 33
2525 34
2525 35
2525 34
2525 34
2525 34
2525 34
2525 34
2525 34
2525 34
2525 34
2525 34
2525 34
2525 34
2525 34
2525 34
2525 34
2525 34
2525 34
2525 34
2525 34
2525 33
2525 33
2525 34
2525 34
2525 34
2525 34
2525 33
2525 34
2525 34
2525 34
2525 34
2525 34
2525 34
2525 34
2525 35
2525 34
2525 34
2525 34
2525 34
2525 34
2525 34
2525 35
2525 33
2525 34
2525 34
2525 33
2525 34
2525 34
2525 34
2525 34
2525 34
2525 34
2525 34
2525 34
2525 34
2525 34
2525 34
2525 34
2525 34
2525 34
2525 34
2525 34
2525 34
2525 34
2525 34
2525 34
2525 34
2525 34
2525 34
2525 35
2525 34
2525 34
2530 32
2530 33
2530 33
2530 33
2530 32
2530 32
2530 33
2530 32
2530 32
2530 33
2530 32
2530 32
2530 32
2530 32
2530 32
2530 32
2530 32
2530 32
2530 32
2530 32
2530 32
2530 33
2530 32
2530 32
2530 32
2530 32
2530 32
2530 33
2530 32
2530 32
2530 33
2530 32
2530 32
2530 32
2530 32
2530 33
2530 32
2530 33
2530 33
2530 32
2530 32
2530 32
2530 33
2530 33
2530 32
2530 32
2530 32
2530 33
2530 32
2530 32
2530 32
2530 32
2530 33
2530 33
2530 32
2530 32
2530 33
2530 32
2530 32
2530 33
2530 32
2530 32
2530 32
2530 32
2530 32
2530 32
2530 32
2530 33
2530 32
2530 33
2530 32
2530 31
2530 32
2530 32
2530 32
2530 33
2530 32
2530 33
2530 32
2530 32
2530 33
2530 32
2530 32
2530 32
2530 32
2530 32
2530 32
2530 32
2530 33
2530 32
2530 33
2530 33
2530 32
2530 33
2530 32
2530 32
2530 32
2530 32
2530 32
2530 33
2535 31
2535 31
2535 31
2535 30
2535 31
2535 31
2535 30
2535 31
2535 31
2535 30
2535 30
2535 31
2535 30
2535 32
2535 30
2535 30
2535 31
2535 30
2535 30
2535 30
2535 32
2535 31
2535 30
2535 30
2535 31
2535 30
2535 30
2535 30
2535 30
2535 30
2535 30
2535 31
2535 30
2535 30
2535 30
2535 32
2535 31
2535 31
2535 30
2535 31
2535 30
2535 30
2535 30
2535 30
2535 31
2535 31
2535 30
2535 30
2535 30
2535 30
2535 30
2535 30
2535 30
2535 30
2535 30
2535 30
2535 30
2535 30
2535 31
2535 30
2535 30
2535 30
2535 30
2535 30
2535 31
2535 31
2535 30
2535 30
2535 31
2535 30
2535 30
2535 30
2535 30
2535 30
2535 30
2535 30
2535 31
2535 30
2535 31
2535 30
2535 30
2535 30
2535 30
2535 31
2535 31
2535 30
2535 31
2535 30
2535 30
2535 30
2535 31
2535 31
2535 31
2535 30
2535 30
2535 30
2535 30
2535 30
2535 30
2535 31
2540 29
2540 29
2540 28
2540 28
2540 28
2540 28
2540 29
2540 29
2540 29
2540 29
2540 29
2540 27
2540 29
2540 27
2540 28
2540 27
2540 28
2540 27
2540 29
2540 29
2540 29
2540 29
2540 27
2540 27
2540 27
2540 27
2540 27
2540 28
2540 27
2540 27
2540 27
2540 27
2540 27
2540 27
2540 27
2540 28
2540 29
2540 27
2540 28
2540 29
2540 28
2540 28
2540 29
2540 29
2540 28
2540 27
2540 27
2540 28
2540 28
2540 28
2540 29
2540 29
2540 29
2540 29
2540 28
2540 27
2540 27
2540 27
2540 27
2540 29
2540 27
2540 27
2540 28
2540 27
2540 29
2540 28
2540 29
2540 29
2540 29
2540 29
2540 27
2540 27
2540 29
2540 27
2540 27
2540 27
2540 29
2540 29
2540 29
2540 27
2540 27
2540 29
2540 27
2540 28
2540 29
2540 28
2540 29
2540 27
2540 29
2540 27
2540 27
2540 27
2540 29
2540 29
2540 29
2540 29
2540 27
2540 29
2540 28
2540 27
2545 26
2545 26
2545 26
2545 26
2545 27
2545 27
2545 26
2545 26
2545 26
2545 26
2545 25
2545 25
2545 25
2545 26
2545 26
2545 26
2545 27
2545 26
2545 26
2545 27
2545 26
2545 26
2545 26
2545 26
2545 27
2545 26
2545 27
2545 26
2545 27
2545 26
2545 26
2545 26
2545 26
2545 26
2545 27
2545 26
2545 26
2545 27
2545 26
2545 27
2545 26
2545 26
2545 26
2545 26
2545 26
2545 27
2545 27
2545 25
2545 26
2545 26
2545 27
2545 26
2545 27
2545 26
2545 26
2545 26
2545 26
2545 26
2545 26
2545 27
2545 26
2545 27
2545 27
2545 26
2545 26
2545 26
2545 26
2545 26
2545 26
2545 27
2545 26
2545 26
2545 26
2545 26
2545 27
2545 26
2545 26
2545 26
2545 26
2545 27
2545 26
2545 25
2545 25
2545 25
2545 27
2545 26
2545 27
2545 27
2545 26
2545 26
2545 26
2545 27
2545 27
2545 26
2545 26
2545 26
2545 27
2545 26
2545 26
2545 27
2550 25
2550 25
2550 25
2550 24
2550 25
2550 25
2550 25
2550 25
2550 24
2550 25
2550 25
2550 25
2550 25
2550 25
2550 25
2550 25
2550 25
2550 25
2550 24
2550 24
2550 25
2550 25
2550 25
2550 25
2550 25
2550 25
2550 25
2550 25
2550 25
2550 25
2550 25
2550 25
2550 25
2550 24
2550 25
2550 25
2550 25
2550 24
2550 24
2550 25
2550 25
2550 25
2550 25
2550 25
2550 25
2550 25
2550 24
2550 25
2550 25
2550 25
2550 25
2550 25
2550 25
2550 25
2550 25
2550 25
2550 25
2550 25
2550 25
2550 25
2550 25
2550 25
2550 25
2550 25
2550 25
2550 25
2550 25
2550 25
2550 25
2550 25
2550 25
2550 25
2550 25
2550 25
2550 25
2550 25
2550 25
2550 25
2550 25
2550 25
2550 25
2550 25
2550 25
2550 25
2550 24
2550 25
2550 24
2550 25
2550 25
2550 25
2550 25
2550 25
2550 25
2550 25
2550 25
2550 25
2550 25
2550 25
2550 25
2550 25
2555 23
2555 23
2555 24
2555 23
2555 24
2555 23
2555 23
2555 23
2555 23
2555 23
2555 23
2555 24
2555 22
2555 23
2555 23
2555 23
2555 23
2555 23
2555 23
2555 22
2555 22
2555 23
2555 23
2555 23
2555 24
2555 23
2555 23
2555 22
2555 23
2555 24
2555 23
2555 23
2555 23
2555 22
2555 23
2555 23
2555 24
2555 24
2555 23
2555 23
2555 24
2555 23
2555 22
2555 23
2555 22
2555 23
2555 23
2555 23
2555 24
2555 23
2555 23
2555 24
2555 23
2555 23
2555 23
2555 23
2555 23
2555 23
2555 23
2555 23
2555 23
2555 23
2555 23
2555 22
2555 23
2555 23
2555 23
2555 23
2555 23
2555 23
2555 22
2555 23
2555 23
2555 23
2555 23
2555 23
2555 23
2555 23
2555 23
2555 23
2555 23
2555 22
2555 22
2555 22
2555 23
2555 23
2555 23
2555 22
2555 22
2555 22
2555 23
2555 23
2555 23
2555 23
2555 23
2555 23
2555 24
2555 23
2555 23
2560 22
2560 21
2560 21
2560 21
2560 22
2560 20
2560 22
2560 21
2560 20
2560 22
2560 22
2560 21
2560 22
2560 22
2560 22
2560 21
2560 20
2560 21
2560 21
2560 21
2560 20
2560 21
2560 21
2560 22
2560 21
2560 21
2560 20
2560 20
2560 22
2560 21
2560 22
2560 22
2560 21
2560 22
2560 21
2560 22
2560 20
2560 22
2560 21
2560 22
2560 22
2560 21
2560 21
2560 22
2560 21
2560 22
2560 22
2560 22
2560 20
2560 22
2560 22
2560 22
2560 22
2560 20
2560 21
2560 21
2560 21
2560 20
2560 22
2560 22
2560 22
2560 21
2560 21
2560 21
2560 21
2560 21
2560 21
2560 21
2560 22
2560 22
2560 21
2560 21
2560 22
2560 22
2560 21
2560 22
2560 22
2560 22
2560 22
2560 22
2560 22
2560 20
2560 22
2560 22
2560 21
2560 22
2560 21
2560 21
2560 20
2560 21
2560 22
2560 21
2560 22
2560 21
2560 21
2560 22
2560 22
2560 21
2560 22
2560 22
2565 20
2565 19
2565 19
2565 20
2565 19
2565 20
2565 19
2565 19
2565 20
2565 20
2565 20
2565 20
2565 19
2565 19
2565 19
2565 20
2565 19
2565 20
2565 20
2565 19
2565 20
2565 20
2565 20
2565 20
2565 20
2565 19
2565 19
2565 18
2565 20
2565 19
2565 19
2565 19
2565 20
2565 19
2565 19
2565 19
2565 18
2565 19
2565 20
2565 20
2565 19
2565 20
2565 20
2565 19
2565 19
2565 19
2565 20
2565 20
2565 19
2565 18
2565 19
2565 19
2565 19
2565 19
2565 20
2565 19
2565 20
2565 20
2565 20
2565 19
2565 20
2565 19
2565 19
2565 20
2565 20
2565 20
2565 18
2565 18
2565 20
2565 20
2565 20
2565 20
2565 19
2565 20
2565 19
2565 19
2565 19
2565 19
2565 19
2565 19
2565 20
2565 20
2565 19
2565 18
2565 20
2565 20
2565 19
2565 19
2565 20
2565 19
2565 19
2565 19
2565 19
2565 20
2565 19
2565 20
2565 20
2565 20
2565 20
2565 20
2570 17
2570 18
2570 18
2570 18
2570 17
2570 18
2570 18
2570 18
2570 18
2570 18
2570 18
2570 18
2570 18
2570 18
2570 17
2570 17
2570 18
2570 18
2570 18
2570 18
2570 18
2570 18
2570 18
2570 18
2570 18
2570 18
2570 18
2570 18
2570 18
2570 18
2570 18
2570 18
2570 18
2570 18
2570 18
2570 18
2570 18
2570 18
2570 18
2570 18
2570 18
2570 18
2570 18
2570 18
2570 18
2570 18
2570 18
2570 18
2570 18
2570 18
2570 18
2570 18
2570 18
2570 18
2570 18
2570 18
2570 18
2570 18
2570 18
2570 18
2570 18
2570 18
2570 18
2570 18
2570 18
2570 17
2570 18
2570 18
2570 18
2570 18
2570 18
2570 18
2570 17
2570 18
2570 18
2570 18
2570 18
2570 18
2570 18
2570 18
2570 18
2570 18
2570 18
2570 18
2570 18
2570 18
2570 18
2570 18
2570 18
2570 17
2570 18
2570 18
2570 18
2570 18
2570 18
2570 18
2570 18
2570 18
2570 18
2570 18
2575 16
2575 16
2575 16
2575 16
2575 16
2575 16
2575 17
2575 16
2575 16
2575 16
2575 16
2575 17
2575 16
2575 16
2575 16
2575 16
2575 16
2575 16
2575 16
2575 16
2575 16
2575 16
2575 16
2575 16
2575 16
2575 16
2575 16
2575 16
2575 16
2575 16
2575 16
2575 16
2575 16
2575 16
2575 16
2575 16
2575 16
2575 16
2575 16
2575 16
2575 16
2575 16
2575 16
2575 16
2575 16
2575 16
2575 17
2575 16
2575 16
2575 16
2575 16
2575 16
2575 16
2575 16
2575 16
2575 16
2575 16
2575 16
2575 16
2575 16
2575 16
2575 16
2575 16
2575 16
2575 16
2575 16
2575 16
2575 17
2575 16
2575 16
2575 16
2575 16
2575 16
2575 16
2575 16
2575 16
2575 16
2575 16
2575 16
2575 16
2575 16
2575 16
2575 16
2575 16
2575 16
2575 16
2575 16
2575 16
2575 16
2575 16
2575 16
2575 16
2575 16
2575 16
2575 16
2575 16
2575 16
2575 16
2575 16
2575 16
2580 14
2580 14
2580 14
2580 15
2580 15
2580 14
2580 14
2580 14
2580 13
2580 13
2580 14
2580 13
2580 14
2580 14
2580 14
2580 13
2580 13
2580 14
2580 13
2580 14
2580 14
2580 14
2580 14
2580 14
2580 14
2580 14
2580 14
2580 14
2580 13
2580 14
2580 14
2580 14
2580 14
2580 14
2580 14
2580 14
2580 14
2580 14
2580 14
2580 13
2580 13
2580 14
2580 14
2580 15
2580 14
2580 13
2580 14
2580 14
2580 14
2580 14
2580 14
2580 14
2580 14
2580 14
2580 14
2580 14
2580 14
2580 14
2580 14
2580 14
2580 14
2580 13
2580 13
2580 14
2580 13
2580 14
2580 13
2580 13
2580 14
2580 14
2580 13
2580 14
2580 14
2580 14
2580 14
2580 14
2580 14
2580 14
2580 14
2580 14
2580 13
2580 14
2580 14
2580 14
2580 14
2580 14
2580 14
2580 14
2580 14
2580 14
2580 14
2580 13
2580 14
2580 14
2580 14
2580 14
2580 14
2580 14
2580 13
2585 12
2585 12
2585 13
2585 11
2585 12
2585 12
2585 12
2585 13
2585 13
2585 13
2585 12
2585 13
2585 13
2585 12
2585 12
2585 12
2585 13
2585 13
2585 13
2585 12
2585 12
2585 13
2585 12
2585 13
2585 13
2585 12
2585 12
2585 12
2585 12
2585 12
2585 13
2585 12
2585 12
2585 13
2585 12
2585 12
2585 12
2585 13
2585 13
2585 13
2585 13
2585 13
2585 12
2585 13
2585 13
2585 12
2585 13
2585 13
2585 12
2585 12
2585 12
2585 13
2585 13
2585 13
2585 12
2585 13
2585 13
2585 12
2585 12
2585 13
2585 12
2585 12
2585 12
2585 12
2585 12
2585 12
2585 13
2585 12
2585 12
2585 13
2585 12
2585 12
2585 13
2585 12
2585 12
2585 12
2585 12
2585 13
2585 13
2585 12
2585 12
2585 12
2585 12
2585 12
2585 12
2585 12
2585 12
2585 12
2585 12
2585 12
2585 12
2585 13
2585 12
2585 12
2585 13
2585 12
2585 13
2585 12
2585 13
2585 13
2590 11
2590 11
2590 11
2590 11
2590 11
2590 11
2590 11
2590 11
2590 11
2590 11
2590 11
2590 11
2590 11
2590 11
2590 11
2590 11
2590 11
2590 11
2590 12
2590 11
2590 11
2590 11
2590 11
2590 11
2590 11
2590 11
2590 11
2590 11
2590 11
2590 11
2590 11
2590 11
2590 11
2590 11
2590 11
2590 11
2590 11
2590 12
2590 11
2590 11
2590 11
2590 11
2590 11
2590 11
2590 11
2590 11
2590 11
2590 11
2590 11
2590 11
2590 11
2590 11
2590 11
2590 11
2590 11
2590 11
2590 11
2590 11
2590 11
2590 11
2590 11
2590 11
2590 11
2590 11
2590 11
2590 12
2590 11
2590 11
2590 11
2590 11
2590 11
2590 11
2590 11
2590 11
2590 11
2590 11
2590 11
2590 12
2590 11
2590 11
2590 11
2590 11
2590 11
2590 11
2590 11
2590 11
2590 11
2590 11
2590 11
2590 11
2590 11
2590 11
2590 11
2590 11
2590 11
2590 11
2590 11
2590 11
2590 11
2590 11
2595 9
2595 9
2595 9
2595 9
2595 8
2595 9
2595 9
2595 10
2595 9
2595 8
2595 10
2595 10
2595 9
2595 9
2595 9
2595 8
2595 9
2595 9
2595 10
2595 9
2595 9
2595 9
2595 9
2595 9
2595 9
2595 9
2595 10
2595 10
2595 9
2595 9
2595 9
2595 9
2595 9
2595 8
2595 9
2595 10
2595 9
2595 9
2595 9
2595 9
2595 9
2595 9
2595 8
2595 9
2595 10
2595 9
2595 9
2595 9
2595 9
2595 9
2595 9
2595 9
2595 8
2595 9
2595 8
2595 9
2595 10
2595 9
2595 9
2595 9
2595 9
2595 9
2595 9
2595 9
2595 9
2595 9
2595 9
2595 9
2595 9
2595 9
2595 9
2595 9
2595 9
2595 9
2595 9
2595 8
2595 9
2595 9
2595 9
2595 9
2595 9
2595 9
2595 9
2595 9
2595 9
2595 9
2595 9
2595 9
2595 9
2595 10
2595 9
2595 10
2595 9
2595 9
2595 9
2595 9
2595 9
2595 9
2595 9
2595 8
2600 6
2600 7
2600 6
2600 7
2600 7
2600 7
2600 7
2600 7
2600 7
2600 7
2600 7
2600 6
2600 6
2600 7
2600 7
2600 7
2600 8
2600 7
2600 7
2600 7
2600 7
2600 7
2600 8
2600 7
2600 7
2600 7
2600 7
2600 7
2600 7
2600 7
2600 7
2600 6
2600 7
2600 6
2600 7
2600 6
2600 7
2600 7
2600 7
2600 6
2600 7
2600 7
2600 7
2600 8
2600 7
2600 7
2600 7
2600 7
2600 6
2600 7
2600 7
2600 7
2600 7
2600 7
2600 7
2600 7
2600 8
2600 6
2600 6
2600 6
2600 7
2600 7
2600 7
2600 6
2600 6
2600 7
2600 7
2600 7
2600 6
2600 6
2600 6
2600 7
2600 7
2600 7
2600 6
2600 7
2600 7
2600 7
2600 7
2600 8
2600 7
2600 7
2600 7
2600 6
2600 8
2600 7
2600 6
2600 7
2600 7
2600 7
2600 7
2600 7
2600 7
2600 7
2600 7
2600 7
2600 7
2600 7
2600 7
2600 6
2605 5
2605 5
2605 5
2605 5
2605 6
2605 5
2605 6
2605 5
2605 5
2605 6
2605 5
2605 5
2605 5
2605 4
2605 5
2605 5
2605 6
2605 5
2605 4
2605 5
2605 5
2605 5
2605 5
2605 6
2605 5
2605 5
2605 5
2605 5
2605 5
2605 5
2605 5
2605 5
2605 5
2605 5
2605 6
2605 5
2605 5
2605 5
2605 6
2605 5
2605 5
2605 6
2605 6
2605 5
2605 6
2605 5
2605 5
2605 5
2605 5
2605 5
2605 5
2605 5
2605 5
2605 5
2605 5
2605 5
2605 5
2605 6
2605 5
2605 5
2605 5
2605 5
2605 5
2605 6
2605 5
2605 5
2605 5
2605 6
2605 5
2605 5
2605 5
2605 5
2605 6
2605 5
2605 6
2605 6
2605 6
2605 6
2605 5
2605 5
2605 5
2605 5
2605 4
2605 5
2605 6
2605 5
2605 5
2605 6
2605 5
2605 5
2605 5
2605 4
2605 4
2605 5
2605 5
2605 6
2605 5
2605 6
2605 5
2610 3
2610 3
2610 7
2610 3
2610 4
2610 4
2610 3
2610 4
2610 3
2610 3
2610 3
2610 3
2610 3
2610 3
2610 3
2610 3
2610 3
2610 3
2610 3
2610 4
2610 3
2610 3
2610 3
2610 3
2610 3
2610 5
2610 4
2610 4
2610 3
2610 3
2610 4
2610 3
2610 5
2610 3
2610 3
2610 4
2610 6
2610 3
2610 3
2610 6
2610 3
2610 3
2610 3
2610 3
2610 3
2610 3
2610 3
2610 3
2610 3
2610 4
2610 3
2610 3
2610 3
2610 3
2610 3
2610 3
2610 3
2610 3
2610 3
2610 3
2610 3
2610 3
2610 3
2610 3
2610 3
2610 3
2610 3
2610 5
2610 3
2610 3
2610 3
2610 3
2610 3
2610 3
2610 3
2610 3
2610 3
2610 3
2610 3
2610 3
2610 3
2610 8
2610 3
2610 3
2610 3
2610 3
2610 4
