TOA measurement vs Delay ---- Mon Jun 15 00:53:32 2020
Pixel = 14
config file = config/asic_config_B4.yml
NofIterations = 100
LSBest = 24.30774584131939
mean value = [  0.           0.           0.           0.           0.
   0.           0.           0.           0.           0.
   0.           0.           0.           0.           0.
   0.           0.           0.           0.           0.
   0.           0.           0.           0.           0.
   0.         125.11111111 123.08       120.51       118.39393939
 116.24       114.61       112.68       110.55       109.09
 106.85714286 105.06       102.82828283 100.67        98.83
  96.39        94.81818182  93.31        91.26        88.88
  86.81        84.67676768  82.82        80.78        78.91
  77.03        74.8         72.97979798  70.8         68.63
  66.92        64.43        62.94        61.46464646  59.44
  57.76        55.83838384  53.52        51.46        49.39393939
  47.94        46.23232323  44.5959596   41.91        39.87755102
  37.49        35.77777778  33.58        31.79        30.70707071
  28.78        26.14        24.38        22.1         19.88888889
  17.60606061  16.16161616  14.17        12.49         9.71
   7.82         5.17         0.           0.           0.
   0.           0.           0.           0.           0.
   0.           0.           0.           0.           0.        ]
sigma = [0.         0.         0.         0.         0.         0.
 0.         0.         0.         0.         0.         0.
 0.         0.         0.         0.         0.         0.
 0.         0.         0.         0.         0.         0.
 0.         0.         0.81666838 0.56296832 0.98652589 0.87551638
 0.69694572 0.6010269  0.61719797 0.71472605 0.65209917 0.92673812
 0.74815328 0.79347597 0.63595073 0.82730486 0.64902491 0.54101731
 0.73296203 0.68973425 0.83002008 0.79826896 0.66595845 0.60904297
 0.59576282 0.71079767 0.43867224 0.90737717 0.66825263 0.76376262
 0.6755985  0.70493499 0.65454819 0.42394968 0.65809844 0.68537095
 0.57073053 0.56554382 0.74359487 0.62588604 0.58505256 0.67803638
 0.65061405 0.72535873 0.43038742 0.70491915 0.82050797 0.56283115
 0.63791326 0.63971348 0.53893882 0.612318   0.51354974 0.6316117
 0.65828059 0.61977332 0.61861987 0.63296753 0.62002688 0.70230573
 0.57378858 0.70066635 0.68149346 0.         0.         0.
 0.         0.         0.         0.         0.         0.
 0.         0.         0.         0.        ]
Pulse delay   TOA 
2320 126
2320 126
2325 124
2325 124
2325 126
2325 125
2325 126
2325 126
2325 126
2325 126
2325 126
2325 126
2325 126
2325 126
2325 126
2325 126
2325 125
2325 126
2325 125
2330 126
2330 125
2330 125
2330 125
2330 124
2330 126
2330 125
2330 125
2330 124
2330 125
2330 125
2330 125
2330 125
2330 125
2330 126
2330 126
2330 125
2330 125
2330 125
2330 125
2330 126
2330 125
2330 125
2330 126
2330 124
2330 126
2330 126
2330 125
2330 126
2330 125
2330 125
2330 125
2330 126
2330 125
2330 126
2330 125
2330 126
2330 125
2330 126
2330 125
2330 125
2330 123
2330 125
2330 125
2330 125
2330 125
2330 125
2330 125
2330 125
2330 125
2330 125
2330 126
2330 126
2330 124
2330 126
2330 125
2330 126
2330 125
2330 125
2330 125
2330 125
2330 125
2330 126
2330 124
2330 126
2330 126
2330 125
2330 123
2330 125
2330 126
2330 123
2330 125
2330 125
2330 124
2330 125
2330 126
2330 126
2330 125
2330 123
2330 125
2330 125
2330 125
2330 125
2330 126
2330 126
2330 122
2330 125
2330 125
2330 125
2330 125
2330 125
2330 125
2330 125
2330 126
2330 126
2330 125
2330 125
2330 126
2330 125
2335 123
2335 123
2335 123
2335 123
2335 123
2335 123
2335 122
2335 124
2335 123
2335 123
2335 123
2335 123
2335 123
2335 123
2335 123
2335 123
2335 123
2335 122
2335 123
2335 123
2335 123
2335 123
2335 123
2335 123
2335 124
2335 124
2335 122
2335 123
2335 124
2335 123
2335 123
2335 122
2335 123
2335 123
2335 123
2335 123
2335 123
2335 123
2335 123
2335 124
2335 124
2335 123
2335 123
2335 123
2335 121
2335 123
2335 123
2335 123
2335 123
2335 123
2335 122
2335 123
2335 124
2335 123
2335 123
2335 124
2335 123
2335 123
2335 123
2335 123
2335 124
2335 123
2335 123
2335 123
2335 123
2335 124
2335 124
2335 123
2335 124
2335 124
2335 123
2335 123
2335 123
2335 123
2335 123
2335 123
2335 124
2335 123
2335 123
2335 123
2335 123
2335 123
2335 123
2335 123
2335 123
2335 123
2335 123
2335 123
2335 123
2335 124
2335 123
2335 123
2335 123
2335 123
2335 123
2335 123
2335 123
2335 123
2335 123
2335 123
2340 120
2340 120
2340 120
2340 120
2340 120
2340 121
2340 121
2340 121
2340 121
2340 118
2340 120
2340 120
2340 122
2340 122
2340 120
2340 121
2340 120
2340 118
2340 121
2340 120
2340 120
2340 117
2340 120
2340 120
2340 121
2340 121
2340 121
2340 120
2340 118
2340 121
2340 120
2340 121
2340 122
2340 121
2340 121
2340 122
2340 120
2340 121
2340 120
2340 121
2340 120
2340 121
2340 121
2340 121
2340 121
2340 120
2340 121
2340 120
2340 120
2340 120
2340 121
2340 120
2340 122
2340 120
2340 121
2340 121
2340 121
2340 121
2340 121
2340 121
2340 120
2340 117
2340 120
2340 121
2340 121
2340 118
2340 120
2340 120
2340 121
2340 121
2340 121
2340 120
2340 121
2340 121
2340 122
2340 122
2340 121
2340 122
2340 121
2340 120
2340 121
2340 121
2340 120
2340 120
2340 120
2340 121
2340 121
2340 120
2340 120
2340 121
2340 121
2340 121
2340 121
2340 121
2340 121
2340 121
2340 120
2340 120
2340 121
2340 121
2345 118
2345 116
2345 119
2345 120
2345 118
2345 118
2345 118
2345 118
2345 117
2345 119
2345 119
2345 120
2345 120
2345 118
2345 118
2345 118
2345 118
2345 118
2345 118
2345 118
2345 118
2345 118
2345 119
2345 118
2345 118
2345 118
2345 119
2345 118
2345 119
2345 120
2345 118
2345 118
2345 120
2345 118
2345 119
2345 120
2345 119
2345 118
2345 117
2345 118
2345 118
2345 118
2345 118
2345 118
2345 119
2345 120
2345 118
2345 119
2345 119
2345 118
2345 118
2345 118
2345 118
2345 118
2345 118
2345 117
2345 118
2345 120
2345 118
2345 119
2345 119
2345 118
2345 118
2345 118
2345 118
2345 118
2345 118
2345 119
2345 118
2345 118
2345 118
2345 120
2345 118
2345 120
2345 119
2345 118
2345 119
2345 118
2345 119
2345 118
2345 120
2345 118
2345 118
2345 118
2345 118
2345 117
2345 116
2345 119
2345 118
2345 118
2345 119
2345 118
2345 120
2345 119
2345 118
2345 119
2345 119
2345 118
2345 119
2350 116
2350 116
2350 115
2350 117
2350 117
2350 117
2350 116
2350 117
2350 116
2350 116
2350 114
2350 116
2350 116
2350 116
2350 116
2350 116
2350 116
2350 116
2350 116
2350 117
2350 117
2350 116
2350 116
2350 116
2350 116
2350 116
2350 116
2350 117
2350 117
2350 117
2350 117
2350 116
2350 116
2350 116
2350 116
2350 117
2350 116
2350 114
2350 116
2350 116
2350 117
2350 116
2350 116
2350 116
2350 117
2350 115
2350 117
2350 117
2350 117
2350 116
2350 117
2350 116
2350 116
2350 117
2350 116
2350 116
2350 116
2350 117
2350 117
2350 116
2350 116
2350 116
2350 116
2350 118
2350 116
2350 117
2350 116
2350 117
2350 116
2350 116
2350 116
2350 117
2350 116
2350 117
2350 116
2350 116
2350 116
2350 116
2350 116
2350 117
2350 115
2350 116
2350 116
2350 117
2350 116
2350 116
2350 115
2350 117
2350 116
2350 116
2350 116
2350 116
2350 116
2350 116
2350 116
2350 117
2350 117
2350 117
2350 116
2350 116
2355 115
2355 114
2355 115
2355 115
2355 115
2355 114
2355 114
2355 115
2355 115
2355 114
2355 115
2355 115
2355 115
2355 115
2355 115
2355 115
2355 115
2355 115
2355 115
2355 114
2355 114
2355 115
2355 114
2355 113
2355 115
2355 115
2355 113
2355 114
2355 114
2355 115
2355 115
2355 114
2355 115
2355 115
2355 115
2355 114
2355 114
2355 114
2355 115
2355 115
2355 115
2355 115
2355 114
2355 115
2355 115
2355 115
2355 115
2355 115
2355 115
2355 115
2355 115
2355 114
2355 114
2355 115
2355 114
2355 115
2355 114
2355 114
2355 115
2355 115
2355 115
2355 115
2355 115
2355 114
2355 115
2355 115
2355 115
2355 115
2355 114
2355 115
2355 114
2355 115
2355 115
2355 115
2355 115
2355 114
2355 115
2355 115
2355 114
2355 115
2355 114
2355 114
2355 114
2355 114
2355 114
2355 114
2355 115
2355 115
2355 114
2355 115
2355 115
2355 115
2355 115
2355 114
2355 114
2355 115
2355 115
2355 114
2355 114
2355 115
2360 112
2360 112
2360 113
2360 113
2360 112
2360 113
2360 113
2360 113
2360 113
2360 113
2360 113
2360 113
2360 112
2360 113
2360 113
2360 113
2360 112
2360 112
2360 113
2360 112
2360 112
2360 112
2360 113
2360 113
2360 113
2360 113
2360 113
2360 112
2360 113
2360 113
2360 113
2360 113
2360 113
2360 112
2360 113
2360 113
2360 113
2360 113
2360 113
2360 112
2360 113
2360 113
2360 113
2360 113
2360 112
2360 112
2360 113
2360 113
2360 112
2360 112
2360 113
2360 113
2360 112
2360 113
2360 113
2360 112
2360 113
2360 113
2360 113
2360 112
2360 113
2360 113
2360 113
2360 113
2360 113
2360 112
2360 113
2360 113
2360 113
2360 113
2360 113
2360 113
2360 113
2360 112
2360 113
2360 112
2360 113
2360 112
2360 113
2360 111
2360 113
2360 113
2360 113
2360 112
2360 112
2360 113
2360 112
2360 113
2360 113
2360 113
2360 113
2360 113
2360 113
2360 113
2360 110
2360 113
2360 113
2360 113
2360 113
2360 112
2365 111
2365 111
2365 111
2365 111
2365 111
2365 111
2365 111
2365 111
2365 111
2365 111
2365 111
2365 112
2365 111
2365 111
2365 111
2365 111
2365 111
2365 111
2365 110
2365 110
2365 109
2365 111
2365 111
2365 110
2365 108
2365 110
2365 111
2365 110
2365 111
2365 110
2365 110
2365 110
2365 111
2365 111
2365 110
2365 111
2365 110
2365 110
2365 111
2365 111
2365 111
2365 111
2365 110
2365 110
2365 110
2365 110
2365 111
2365 111
2365 110
2365 111
2365 110
2365 111
2365 111
2365 110
2365 111
2365 110
2365 111
2365 110
2365 110
2365 110
2365 110
2365 111
2365 111
2365 111
2365 112
2365 110
2365 111
2365 109
2365 110
2365 111
2365 111
2365 110
2365 110
2365 110
2365 110
2365 110
2365 111
2365 110
2365 111
2365 111
2365 111
2365 111
2365 109
2365 111
2365 111
2365 111
2365 111
2365 111
2365 110
2365 111
2365 110
2365 111
2365 110
2365 110
2365 111
2365 111
2365 111
2365 111
2365 109
2365 110
2370 109
2370 109
2370 109
2370 110
2370 109
2370 109
2370 109
2370 109
2370 109
2370 109
2370 109
2370 109
2370 109
2370 109
2370 106
2370 110
2370 109
2370 109
2370 110
2370 109
2370 109
2370 109
2370 110
2370 106
2370 110
2370 109
2370 109
2370 110
2370 109
2370 109
2370 109
2370 109
2370 109
2370 109
2370 110
2370 109
2370 109
2370 109
2370 109
2370 109
2370 109
2370 110
2370 109
2370 109
2370 109
2370 109
2370 109
2370 110
2370 109
2370 110
2370 109
2370 109
2370 109
2370 109
2370 109
2370 109
2370 109
2370 109
2370 109
2370 109
2370 109
2370 109
2370 109
2370 110
2370 109
2370 109
2370 109
2370 109
2370 110
2370 109
2370 109
2370 109
2370 109
2370 109
2370 109
2370 109
2370 109
2370 109
2370 108
2370 109
2370 109
2370 109
2370 109
2370 109
2370 110
2370 109
2370 109
2370 109
2370 109
2370 110
2370 109
2370 109
2370 109
2370 109
2370 109
2370 109
2370 109
2370 110
2370 109
2370 110
2375 108
2375 106
2375 106
2375 107
2375 107
2375 108
2375 109
2375 107
2375 107
2375 106
2375 107
2375 106
2375 107
2375 106
2375 107
2375 106
2375 107
2375 108
2375 109
2375 107
2375 107
2375 108
2375 106
2375 107
2375 107
2375 107
2375 106
2375 108
2375 106
2375 106
2375 106
2375 106
2375 107
2375 107
2375 106
2375 107
2375 106
2375 106
2375 107
2375 106
2375 108
2375 109
2375 106
2375 107
2375 108
2375 105
2375 108
2375 107
2375 106
2375 107
2375 106
2375 106
2375 106
2375 107
2375 108
2375 107
2375 108
2375 106
2375 106
2375 106
2375 107
2375 107
2375 107
2375 106
2375 107
2375 108
2375 109
2375 106
2375 107
2375 107
2375 107
2375 107
2375 106
2375 108
2375 108
2375 107
2375 106
2375 109
2375 106
2375 108
2375 106
2375 107
2375 107
2375 107
2375 107
2375 108
2375 106
2375 107
2375 105
2375 107
2375 106
2375 107
2375 107
2375 106
2375 106
2375 107
2375 106
2375 107
2380 105
2380 105
2380 106
2380 105
2380 105
2380 105
2380 105
2380 105
2380 105
2380 105
2380 106
2380 106
2380 105
2380 105
2380 105
2380 104
2380 105
2380 106
2380 105
2380 105
2380 106
2380 105
2380 101
2380 104
2380 105
2380 106
2380 104
2380 105
2380 105
2380 105
2380 105
2380 103
2380 106
2380 106
2380 105
2380 105
2380 106
2380 105
2380 105
2380 105
2380 105
2380 105
2380 105
2380 105
2380 105
2380 105
2380 105
2380 105
2380 106
2380 106
2380 104
2380 105
2380 106
2380 105
2380 105
2380 105
2380 105
2380 105
2380 105
2380 105
2380 105
2380 105
2380 105
2380 105
2380 106
2380 105
2380 105
2380 105
2380 105
2380 105
2380 105
2380 104
2380 105
2380 105
2380 104
2380 105
2380 105
2380 105
2380 104
2380 105
2380 105
2380 105
2380 105
2380 106
2380 104
2380 105
2380 106
2380 105
2380 106
2380 106
2380 105
2380 105
2380 105
2380 105
2380 106
2380 106
2380 106
2380 105
2380 105
2380 105
2385 104
2385 103
2385 103
2385 103
2385 103
2385 103
2385 103
2385 103
2385 103
2385 101
2385 103
2385 103
2385 103
2385 102
2385 103
2385 103
2385 103
2385 103
2385 103
2385 103
2385 102
2385 102
2385 103
2385 103
2385 103
2385 102
2385 103
2385 103
2385 103
2385 103
2385 103
2385 103
2385 101
2385 103
2385 102
2385 103
2385 103
2385 102
2385 103
2385 103
2385 103
2385 103
2385 103
2385 103
2385 102
2385 104
2385 103
2385 103
2385 103
2385 103
2385 103
2385 104
2385 103
2385 103
2385 103
2385 103
2385 103
2385 103
2385 103
2385 103
2385 103
2385 103
2385 104
2385 104
2385 102
2385 101
2385 102
2385 104
2385 103
2385 103
2385 101
2385 104
2385 104
2385 103
2385 101
2385 103
2385 102
2385 103
2385 102
2385 103
2385 103
2385 103
2385 103
2385 101
2385 103
2385 104
2385 102
2385 102
2385 103
2385 104
2385 103
2385 104
2385 101
2385 103
2385 101
2385 103
2385 104
2385 103
2385 103
2390 101
2390 101
2390 100
2390 100
2390 101
2390 100
2390 100
2390 101
2390 101
2390 101
2390 101
2390 100
2390 101
2390 101
2390 100
2390 101
2390 101
2390 101
2390 100
2390 102
2390 100
2390 101
2390 101
2390 101
2390 101
2390 100
2390 101
2390 101
2390 101
2390 100
2390 101
2390 99
2390 102
2390 101
2390 101
2390 101
2390 101
2390 100
2390 101
2390 100
2390 101
2390 101
2390 102
2390 100
2390 101
2390 100
2390 101
2390 101
2390 101
2390 101
2390 100
2390 100
2390 101
2390 100
2390 101
2390 100
2390 100
2390 101
2390 100
2390 101
2390 101
2390 101
2390 100
2390 101
2390 100
2390 101
2390 100
2390 101
2390 100
2390 100
2390 100
2390 101
2390 101
2390 100
2390 101
2390 100
2390 102
2390 100
2390 101
2390 101
2390 101
2390 101
2390 101
2390 101
2390 101
2390 100
2390 101
2390 101
2390 101
2390 100
2390 100
2390 101
2390 101
2390 100
2390 100
2390 101
2390 100
2390 101
2390 101
2390 101
2395 99
2395 98
2395 99
2395 98
2395 99
2395 99
2395 100
2395 99
2395 99
2395 99
2395 100
2395 99
2395 99
2395 99
2395 99
2395 98
2395 99
2395 99
2395 99
2395 99
2395 99
2395 98
2395 99
2395 100
2395 96
2395 99
2395 99
2395 99
2395 99
2395 99
2395 99
2395 99
2395 98
2395 100
2395 99
2395 99
2395 99
2395 100
2395 100
2395 96
2395 98
2395 99
2395 98
2395 100
2395 98
2395 99
2395 99
2395 98
2395 98
2395 99
2395 99
2395 99
2395 98
2395 99
2395 99
2395 99
2395 99
2395 98
2395 99
2395 99
2395 99
2395 99
2395 99
2395 99
2395 99
2395 99
2395 99
2395 99
2395 98
2395 99
2395 98
2395 96
2395 99
2395 98
2395 99
2395 98
2395 99
2395 98
2395 99
2395 97
2395 100
2395 99
2395 99
2395 99
2395 99
2395 100
2395 99
2395 100
2395 99
2395 99
2395 98
2395 98
2395 100
2395 100
2395 99
2395 99
2395 99
2395 99
2395 100
2395 99
2400 97
2400 97
2400 97
2400 96
2400 97
2400 96
2400 96
2400 97
2400 96
2400 96
2400 96
2400 97
2400 97
2400 96
2400 97
2400 97
2400 96
2400 97
2400 96
2400 96
2400 96
2400 97
2400 96
2400 96
2400 96
2400 97
2400 97
2400 97
2400 97
2400 96
2400 97
2400 97
2400 97
2400 96
2400 97
2400 96
2400 97
2400 94
2400 97
2400 97
2400 96
2400 96
2400 96
2400 96
2400 97
2400 97
2400 96
2400 97
2400 96
2400 96
2400 96
2400 96
2400 96
2400 96
2400 97
2400 96
2400 97
2400 97
2400 96
2400 97
2400 96
2400 96
2400 97
2400 96
2400 96
2400 95
2400 97
2400 96
2400 96
2400 97
2400 96
2400 96
2400 96
2400 97
2400 97
2400 96
2400 95
2400 96
2400 97
2400 97
2400 97
2400 96
2400 97
2400 96
2400 96
2400 97
2400 96
2400 96
2400 97
2400 96
2400 97
2400 96
2400 96
2400 97
2400 96
2400 97
2400 96
2400 96
2400 96
2400 96
2405 95
2405 95
2405 95
2405 94
2405 95
2405 95
2405 95
2405 95
2405 95
2405 95
2405 95
2405 95
2405 95
2405 95
2405 95
2405 95
2405 94
2405 94
2405 95
2405 95
2405 95
2405 93
2405 95
2405 96
2405 94
2405 95
2405 95
2405 94
2405 95
2405 95
2405 95
2405 95
2405 95
2405 95
2405 95
2405 95
2405 95
2405 95
2405 95
2405 95
2405 94
2405 95
2405 94
2405 95
2405 95
2405 95
2405 95
2405 95
2405 94
2405 95
2405 95
2405 95
2405 95
2405 94
2405 95
2405 95
2405 95
2405 93
2405 95
2405 95
2405 95
2405 95
2405 95
2405 95
2405 95
2405 95
2405 94
2405 95
2405 95
2405 95
2405 95
2405 95
2405 95
2405 94
2405 95
2405 95
2405 94
2405 95
2405 94
2405 95
2405 95
2405 95
2405 95
2405 94
2405 95
2405 95
2405 95
2405 95
2405 95
2405 95
2405 95
2405 95
2405 95
2405 94
2405 95
2405 95
2405 95
2405 95
2405 95
2410 93
2410 94
2410 94
2410 93
2410 93
2410 93
2410 94
2410 93
2410 94
2410 93
2410 93
2410 93
2410 93
2410 93
2410 94
2410 93
2410 93
2410 94
2410 94
2410 93
2410 94
2410 92
2410 93
2410 93
2410 92
2410 93
2410 93
2410 91
2410 93
2410 94
2410 93
2410 94
2410 93
2410 93
2410 93
2410 93
2410 93
2410 91
2410 93
2410 94
2410 93
2410 93
2410 94
2410 93
2410 94
2410 93
2410 94
2410 93
2410 94
2410 93
2410 94
2410 94
2410 94
2410 93
2410 92
2410 92
2410 94
2410 94
2410 93
2410 93
2410 94
2410 94
2410 94
2410 94
2410 94
2410 93
2410 92
2410 94
2410 93
2410 93
2410 93
2410 94
2410 93
2410 93
2410 94
2410 94
2410 94
2410 93
2410 93
2410 94
2410 93
2410 94
2410 93
2410 93
2410 94
2410 93
2410 93
2410 94
2410 93
2410 94
2410 93
2410 93
2410 93
2410 95
2410 94
2410 94
2410 93
2410 93
2410 93
2410 94
2415 91
2415 91
2415 92
2415 92
2415 91
2415 91
2415 91
2415 92
2415 92
2415 91
2415 91
2415 92
2415 93
2415 91
2415 91
2415 91
2415 91
2415 92
2415 91
2415 91
2415 91
2415 91
2415 91
2415 91
2415 92
2415 91
2415 92
2415 93
2415 91
2415 91
2415 91
2415 91
2415 92
2415 91
2415 91
2415 92
2415 92
2415 91
2415 91
2415 92
2415 91
2415 91
2415 90
2415 92
2415 91
2415 91
2415 91
2415 91
2415 91
2415 91
2415 92
2415 92
2415 91
2415 91
2415 91
2415 91
2415 93
2415 91
2415 91
2415 91
2415 91
2415 92
2415 92
2415 91
2415 89
2415 91
2415 91
2415 91
2415 91
2415 92
2415 91
2415 90
2415 91
2415 92
2415 91
2415 92
2415 93
2415 91
2415 90
2415 92
2415 91
2415 91
2415 91
2415 91
2415 91
2415 91
2415 91
2415 91
2415 91
2415 91
2415 91
2415 91
2415 91
2415 91
2415 91
2415 91
2415 92
2415 92
2415 91
2415 91
2420 90
2420 88
2420 90
2420 89
2420 88
2420 89
2420 89
2420 89
2420 89
2420 90
2420 89
2420 90
2420 88
2420 89
2420 90
2420 88
2420 89
2420 89
2420 88
2420 89
2420 89
2420 90
2420 89
2420 89
2420 89
2420 90
2420 89
2420 89
2420 90
2420 89
2420 89
2420 89
2420 89
2420 89
2420 89
2420 89
2420 89
2420 89
2420 89
2420 88
2420 88
2420 90
2420 89
2420 90
2420 88
2420 89
2420 88
2420 89
2420 89
2420 89
2420 89
2420 88
2420 89
2420 88
2420 88
2420 89
2420 90
2420 89
2420 90
2420 89
2420 89
2420 90
2420 88
2420 89
2420 88
2420 89
2420 89
2420 90
2420 89
2420 88
2420 89
2420 89
2420 88
2420 86
2420 88
2420 88
2420 89
2420 88
2420 88
2420 90
2420 88
2420 90
2420 89
2420 89
2420 89
2420 89
2420 90
2420 89
2420 89
2420 88
2420 89
2420 89
2420 86
2420 88
2420 88
2420 90
2420 88
2420 90
2420 89
2420 89
2425 87
2425 87
2425 86
2425 86
2425 87
2425 88
2425 86
2425 87
2425 88
2425 87
2425 87
2425 87
2425 88
2425 88
2425 87
2425 86
2425 87
2425 87
2425 88
2425 86
2425 87
2425 87
2425 87
2425 86
2425 87
2425 88
2425 86
2425 86
2425 88
2425 86
2425 86
2425 87
2425 87
2425 86
2425 87
2425 86
2425 87
2425 87
2425 87
2425 87
2425 87
2425 86
2425 86
2425 88
2425 87
2425 84
2425 87
2425 87
2425 87
2425 86
2425 86
2425 87
2425 87
2425 86
2425 87
2425 88
2425 87
2425 86
2425 86
2425 87
2425 88
2425 87
2425 86
2425 87
2425 86
2425 88
2425 87
2425 88
2425 86
2425 87
2425 87
2425 87
2425 87
2425 87
2425 87
2425 87
2425 87
2425 86
2425 86
2425 88
2425 86
2425 87
2425 88
2425 86
2425 87
2425 86
2425 86
2425 88
2425 86
2425 87
2425 87
2425 87
2425 86
2425 87
2425 86
2425 87
2425 88
2425 86
2425 86
2425 88
2430 85
2430 84
2430 86
2430 85
2430 85
2430 85
2430 85
2430 84
2430 85
2430 85
2430 85
2430 83
2430 85
2430 85
2430 84
2430 85
2430 85
2430 84
2430 84
2430 85
2430 85
2430 83
2430 84
2430 85
2430 85
2430 85
2430 86
2430 85
2430 85
2430 85
2430 85
2430 84
2430 85
2430 85
2430 85
2430 85
2430 84
2430 84
2430 86
2430 84
2430 85
2430 85
2430 85
2430 85
2430 85
2430 86
2430 84
2430 84
2430 85
2430 84
2430 84
2430 84
2430 85
2430 85
2430 85
2430 84
2430 84
2430 85
2430 84
2430 85
2430 85
2430 86
2430 85
2430 85
2430 85
2430 84
2430 84
2430 84
2430 85
2430 85
2430 85
2430 84
2430 85
2430 85
2430 84
2430 84
2430 85
2430 85
2430 85
2430 85
2430 85
2430 84
2430 84
2430 84
2430 85
2430 84
2430 85
2430 84
2430 84
2430 85
2430 85
2430 84
2430 84
2430 84
2430 85
2430 85
2430 85
2430 85
2430 85
2435 83
2435 83
2435 83
2435 83
2435 83
2435 83
2435 83
2435 83
2435 83
2435 82
2435 83
2435 82
2435 84
2435 83
2435 83
2435 83
2435 83
2435 82
2435 83
2435 84
2435 81
2435 83
2435 83
2435 82
2435 82
2435 83
2435 82
2435 82
2435 84
2435 84
2435 83
2435 83
2435 83
2435 83
2435 83
2435 83
2435 83
2435 83
2435 83
2435 83
2435 82
2435 83
2435 83
2435 82
2435 83
2435 83
2435 83
2435 83
2435 83
2435 83
2435 83
2435 83
2435 83
2435 83
2435 83
2435 83
2435 83
2435 83
2435 83
2435 81
2435 82
2435 83
2435 83
2435 83
2435 82
2435 83
2435 82
2435 83
2435 83
2435 83
2435 82
2435 82
2435 84
2435 83
2435 82
2435 83
2435 83
2435 83
2435 83
2435 83
2435 82
2435 83
2435 82
2435 82
2435 83
2435 83
2435 83
2435 83
2435 83
2435 83
2435 83
2435 83
2435 83
2435 83
2435 83
2435 83
2435 83
2435 83
2435 83
2435 82
2440 81
2440 81
2440 81
2440 81
2440 81
2440 81
2440 79
2440 81
2440 80
2440 81
2440 81
2440 81
2440 81
2440 81
2440 81
2440 81
2440 80
2440 81
2440 81
2440 81
2440 82
2440 81
2440 79
2440 79
2440 81
2440 81
2440 81
2440 81
2440 81
2440 80
2440 81
2440 80
2440 81
2440 81
2440 81
2440 81
2440 80
2440 81
2440 81
2440 81
2440 81
2440 81
2440 81
2440 81
2440 81
2440 81
2440 81
2440 81
2440 81
2440 81
2440 81
2440 81
2440 81
2440 81
2440 81
2440 81
2440 79
2440 81
2440 81
2440 81
2440 80
2440 81
2440 81
2440 81
2440 81
2440 81
2440 81
2440 81
2440 81
2440 80
2440 80
2440 81
2440 81
2440 81
2440 81
2440 81
2440 80
2440 81
2440 80
2440 80
2440 81
2440 81
2440 81
2440 81
2440 81
2440 81
2440 80
2440 81
2440 81
2440 80
2440 81
2440 81
2440 81
2440 81
2440 81
2440 80
2440 81
2440 81
2440 81
2440 80
2445 79
2445 79
2445 80
2445 79
2445 79
2445 78
2445 79
2445 80
2445 79
2445 79
2445 79
2445 79
2445 79
2445 79
2445 79
2445 79
2445 79
2445 79
2445 80
2445 79
2445 79
2445 79
2445 78
2445 81
2445 77
2445 78
2445 78
2445 79
2445 79
2445 79
2445 79
2445 80
2445 79
2445 79
2445 77
2445 79
2445 78
2445 79
2445 79
2445 79
2445 79
2445 79
2445 79
2445 80
2445 79
2445 79
2445 78
2445 79
2445 79
2445 79
2445 78
2445 78
2445 79
2445 79
2445 79
2445 80
2445 79
2445 79
2445 79
2445 79
2445 79
2445 79
2445 79
2445 79
2445 80
2445 79
2445 79
2445 79
2445 78
2445 79
2445 80
2445 79
2445 77
2445 79
2445 79
2445 79
2445 79
2445 79
2445 78
2445 80
2445 78
2445 79
2445 79
2445 79
2445 78
2445 80
2445 79
2445 80
2445 79
2445 78
2445 78
2445 79
2445 79
2445 78
2445 79
2445 79
2445 78
2445 79
2445 79
2445 79
2450 77
2450 76
2450 77
2450 77
2450 77
2450 77
2450 77
2450 77
2450 77
2450 77
2450 77
2450 77
2450 77
2450 77
2450 77
2450 77
2450 77
2450 77
2450 77
2450 77
2450 76
2450 77
2450 77
2450 78
2450 77
2450 77
2450 77
2450 77
2450 77
2450 77
2450 77
2450 77
2450 77
2450 77
2450 77
2450 77
2450 77
2450 77
2450 77
2450 77
2450 77
2450 77
2450 77
2450 77
2450 77
2450 77
2450 77
2450 77
2450 77
2450 77
2450 77
2450 77
2450 77
2450 77
2450 76
2450 77
2450 77
2450 77
2450 77
2450 77
2450 77
2450 77
2450 77
2450 77
2450 77
2450 77
2450 77
2450 77
2450 77
2450 77
2450 77
2450 77
2450 77
2450 77
2450 77
2450 77
2450 77
2450 77
2450 77
2450 77
2450 77
2450 78
2450 78
2450 77
2450 77
2450 78
2450 77
2450 77
2450 77
2450 77
2450 77
2450 76
2450 77
2450 78
2450 78
2450 77
2450 77
2450 77
2450 78
2450 77
2455 74
2455 75
2455 75
2455 75
2455 75
2455 77
2455 74
2455 74
2455 74
2455 75
2455 75
2455 75
2455 74
2455 74
2455 74
2455 76
2455 74
2455 75
2455 75
2455 75
2455 74
2455 75
2455 74
2455 74
2455 75
2455 75
2455 74
2455 75
2455 74
2455 74
2455 75
2455 77
2455 74
2455 75
2455 76
2455 75
2455 74
2455 74
2455 75
2455 74
2455 75
2455 77
2455 75
2455 74
2455 75
2455 74
2455 74
2455 75
2455 75
2455 76
2455 75
2455 74
2455 77
2455 76
2455 74
2455 75
2455 74
2455 74
2455 75
2455 74
2455 74
2455 74
2455 74
2455 76
2455 74
2455 74
2455 74
2455 75
2455 74
2455 76
2455 74
2455 76
2455 74
2455 75
2455 74
2455 74
2455 75
2455 77
2455 74
2455 75
2455 75
2455 75
2455 75
2455 76
2455 75
2455 75
2455 75
2455 76
2455 76
2455 74
2455 76
2455 74
2455 76
2455 74
2455 75
2455 73
2455 75
2455 76
2455 75
2455 75
2460 74
2460 73
2460 74
2460 73
2460 73
2460 72
2460 74
2460 73
2460 73
2460 71
2460 73
2460 73
2460 72
2460 72
2460 73
2460 73
2460 73
2460 72
2460 73
2460 73
2460 73
2460 73
2460 74
2460 73
2460 73
2460 73
2460 73
2460 74
2460 74
2460 73
2460 72
2460 73
2460 73
2460 74
2460 72
2460 74
2460 73
2460 73
2460 73
2460 73
2460 73
2460 73
2460 73
2460 73
2460 73
2460 73
2460 73
2460 74
2460 73
2460 73
2460 73
2460 73
2460 72
2460 72
2460 73
2460 72
2460 73
2460 74
2460 74
2460 73
2460 73
2460 73
2460 72
2460 73
2460 74
2460 72
2460 73
2460 73
2460 73
2460 73
2460 73
2460 73
2460 73
2460 73
2460 73
2460 74
2460 73
2460 73
2460 72
2460 73
2460 73
2460 73
2460 73
2460 73
2460 74
2460 73
2460 74
2460 72
2460 73
2460 73
2460 72
2460 73
2460 73
2460 73
2460 73
2460 73
2460 72
2460 74
2460 72
2465 71
2465 71
2465 71
2465 70
2465 69
2465 72
2465 70
2465 70
2465 70
2465 71
2465 71
2465 70
2465 71
2465 71
2465 71
2465 71
2465 71
2465 71
2465 71
2465 71
2465 71
2465 71
2465 71
2465 71
2465 71
2465 71
2465 71
2465 71
2465 71
2465 71
2465 71
2465 71
2465 71
2465 71
2465 69
2465 71
2465 71
2465 71
2465 71
2465 72
2465 69
2465 71
2465 71
2465 71
2465 71
2465 71
2465 71
2465 71
2465 71
2465 71
2465 70
2465 72
2465 71
2465 69
2465 72
2465 71
2465 71
2465 71
2465 71
2465 71
2465 71
2465 71
2465 71
2465 71
2465 72
2465 71
2465 69
2465 71
2465 70
2465 71
2465 70
2465 71
2465 71
2465 72
2465 71
2465 71
2465 71
2465 71
2465 71
2465 71
2465 71
2465 71
2465 72
2465 69
2465 71
2465 70
2465 70
2465 72
2465 71
2465 69
2465 69
2465 71
2465 71
2465 71
2465 71
2465 69
2465 71
2465 71
2465 71
2465 71
2470 70
2470 69
2470 69
2470 69
2470 69
2470 68
2470 68
2470 68
2470 69
2470 69
2470 69
2470 69
2470 69
2470 68
2470 68
2470 69
2470 69
2470 69
2470 69
2470 68
2470 68
2470 69
2470 67
2470 69
2470 69
2470 68
2470 69
2470 69
2470 69
2470 68
2470 69
2470 69
2470 69
2470 68
2470 69
2470 69
2470 69
2470 69
2470 69
2470 69
2470 69
2470 68
2470 69
2470 69
2470 67
2470 68
2470 69
2470 69
2470 68
2470 69
2470 68
2470 69
2470 69
2470 68
2470 68
2470 69
2470 68
2470 69
2470 69
2470 68
2470 69
2470 69
2470 69
2470 68
2470 69
2470 68
2470 69
2470 68
2470 69
2470 70
2470 68
2470 69
2470 68
2470 69
2470 69
2470 68
2470 69
2470 68
2470 68
2470 69
2470 69
2470 69
2470 69
2470 69
2470 69
2470 69
2470 69
2470 68
2470 69
2470 67
2470 69
2470 68
2470 69
2470 67
2470 69
2470 69
2470 67
2470 68
2470 69
2470 69
2475 67
2475 67
2475 68
2475 67
2475 67
2475 67
2475 65
2475 67
2475 66
2475 67
2475 67
2475 67
2475 67
2475 67
2475 68
2475 68
2475 68
2475 67
2475 67
2475 67
2475 67
2475 66
2475 67
2475 66
2475 67
2475 67
2475 65
2475 68
2475 65
2475 67
2475 67
2475 67
2475 67
2475 67
2475 67
2475 66
2475 67
2475 67
2475 67
2475 67
2475 68
2475 66
2475 67
2475 67
2475 67
2475 67
2475 67
2475 68
2475 67
2475 67
2475 66
2475 68
2475 67
2475 67
2475 67
2475 67
2475 67
2475 67
2475 67
2475 67
2475 67
2475 67
2475 67
2475 68
2475 66
2475 67
2475 67
2475 67
2475 67
2475 67
2475 67
2475 68
2475 68
2475 66
2475 68
2475 66
2475 67
2475 66
2475 67
2475 67
2475 67
2475 67
2475 67
2475 66
2475 67
2475 66
2475 67
2475 67
2475 67
2475 67
2475 67
2475 67
2475 67
2475 67
2475 67
2475 65
2475 66
2475 68
2475 67
2475 67
2480 64
2480 64
2480 64
2480 65
2480 64
2480 65
2480 65
2480 64
2480 63
2480 65
2480 65
2480 64
2480 64
2480 65
2480 65
2480 64
2480 63
2480 65
2480 64
2480 64
2480 65
2480 64
2480 65
2480 64
2480 65
2480 64
2480 65
2480 65
2480 64
2480 65
2480 65
2480 64
2480 64
2480 65
2480 64
2480 65
2480 65
2480 64
2480 65
2480 64
2480 64
2480 65
2480 65
2480 65
2480 65
2480 63
2480 64
2480 64
2480 65
2480 65
2480 65
2480 65
2480 65
2480 64
2480 64
2480 65
2480 64
2480 64
2480 65
2480 65
2480 64
2480 64
2480 64
2480 65
2480 65
2480 65
2480 65
2480 64
2480 64
2480 64
2480 65
2480 65
2480 65
2480 64
2480 65
2480 64
2480 65
2480 65
2480 63
2480 64
2480 65
2480 64
2480 64
2480 64
2480 64
2480 64
2480 65
2480 65
2480 64
2480 65
2480 64
2480 65
2480 64
2480 65
2480 65
2480 64
2480 64
2480 63
2480 64
2480 64
2485 63
2485 63
2485 63
2485 63
2485 63
2485 63
2485 63
2485 63
2485 63
2485 63
2485 63
2485 63
2485 63
2485 63
2485 63
2485 63
2485 63
2485 63
2485 63
2485 63
2485 63
2485 62
2485 63
2485 63
2485 62
2485 63
2485 63
2485 63
2485 63
2485 63
2485 63
2485 63
2485 63
2485 63
2485 62
2485 63
2485 63
2485 63
2485 63
2485 63
2485 63
2485 63
2485 63
2485 63
2485 63
2485 63
2485 63
2485 64
2485 63
2485 63
2485 63
2485 63
2485 63
2485 63
2485 61
2485 63
2485 63
2485 63
2485 63
2485 63
2485 63
2485 63
2485 63
2485 62
2485 63
2485 63
2485 63
2485 63
2485 63
2485 63
2485 63
2485 63
2485 63
2485 63
2485 63
2485 63
2485 63
2485 63
2485 62
2485 63
2485 63
2485 63
2485 63
2485 63
2485 63
2485 63
2485 63
2485 63
2485 63
2485 63
2485 63
2485 63
2485 63
2485 63
2485 63
2485 63
2485 63
2485 63
2485 63
2485 63
2490 61
2490 62
2490 61
2490 61
2490 62
2490 61
2490 62
2490 61
2490 61
2490 61
2490 61
2490 62
2490 61
2490 62
2490 62
2490 62
2490 62
2490 62
2490 61
2490 61
2490 62
2490 61
2490 62
2490 61
2490 62
2490 62
2490 61
2490 62
2490 62
2490 61
2490 62
2490 62
2490 62
2490 61
2490 61
2490 62
2490 62
2490 62
2490 62
2490 61
2490 59
2490 62
2490 62
2490 62
2490 62
2490 61
2490 62
2490 62
2490 62
2490 62
2490 62
2490 61
2490 62
2490 62
2490 61
2490 61
2490 61
2490 61
2490 61
2490 62
2490 61
2490 62
2490 61
2490 61
2490 61
2490 60
2490 62
2490 61
2490 61
2490 62
2490 62
2490 61
2490 62
2490 61
2490 60
2490 62
2490 62
2490 61
2490 62
2490 62
2490 62
2490 61
2490 62
2490 61
2490 62
2490 61
2490 62
2490 62
2490 61
2490 61
2490 61
2490 62
2490 62
2490 61
2490 61
2490 61
2490 61
2490 61
2490 61
2495 59
2495 59
2495 59
2495 60
2495 59
2495 59
2495 60
2495 60
2495 59
2495 60
2495 59
2495 59
2495 60
2495 60
2495 59
2495 60
2495 59
2495 59
2495 59
2495 59
2495 59
2495 59
2495 60
2495 59
2495 61
2495 60
2495 59
2495 59
2495 59
2495 59
2495 59
2495 60
2495 59
2495 60
2495 60
2495 59
2495 59
2495 59
2495 60
2495 59
2495 59
2495 58
2495 59
2495 59
2495 60
2495 60
2495 59
2495 60
2495 60
2495 59
2495 59
2495 60
2495 59
2495 59
2495 61
2495 59
2495 59
2495 59
2495 60
2495 60
2495 60
2495 60
2495 59
2495 60
2495 59
2495 58
2495 61
2495 60
2495 59
2495 59
2495 60
2495 59
2495 59
2495 59
2495 60
2495 59
2495 59
2495 59
2495 61
2495 60
2495 61
2495 60
2495 60
2495 59
2495 60
2495 59
2495 59
2495 59
2495 60
2495 59
2495 60
2495 60
2495 59
2495 60
2495 59
2495 59
2495 59
2495 59
2495 60
2495 60
2500 58
2500 58
2500 58
2500 58
2500 58
2500 58
2500 59
2500 58
2500 57
2500 58
2500 58
2500 58
2500 58
2500 57
2500 59
2500 57
2500 56
2500 57
2500 58
2500 58
2500 58
2500 58
2500 57
2500 58
2500 58
2500 58
2500 58
2500 58
2500 57
2500 58
2500 57
2500 58
2500 58
2500 57
2500 58
2500 58
2500 58
2500 58
2500 57
2500 58
2500 58
2500 58
2500 57
2500 57
2500 58
2500 58
2500 58
2500 57
2500 58
2500 57
2500 58
2500 58
2500 58
2500 58
2500 58
2500 58
2500 57
2500 58
2500 58
2500 58
2500 58
2500 58
2500 57
2500 58
2500 58
2500 57
2500 58
2500 58
2500 58
2500 57
2500 58
2500 58
2500 57
2500 58
2500 58
2500 58
2500 58
2500 58
2500 58
2500 57
2500 57
2500 58
2500 58
2500 58
2500 57
2500 58
2500 58
2500 58
2500 57
2500 58
2500 58
2500 57
2500 58
2500 58
2500 58
2500 58
2500 57
2500 58
2500 58
2500 58
2505 56
2505 56
2505 56
2505 56
2505 56
2505 56
2505 56
2505 56
2505 55
2505 56
2505 56
2505 56
2505 56
2505 57
2505 55
2505 56
2505 56
2505 56
2505 56
2505 55
2505 56
2505 55
2505 56
2505 56
2505 55
2505 56
2505 56
2505 56
2505 56
2505 56
2505 55
2505 56
2505 56
2505 56
2505 57
2505 56
2505 56
2505 56
2505 56
2505 56
2505 56
2505 55
2505 56
2505 56
2505 56
2505 55
2505 56
2505 57
2505 56
2505 56
2505 56
2505 55
2505 57
2505 55
2505 56
2505 56
2505 55
2505 56
2505 56
2505 56
2505 56
2505 56
2505 56
2505 56
2505 56
2505 56
2505 55
2505 56
2505 56
2505 55
2505 56
2505 56
2505 56
2505 56
2505 56
2505 55
2505 55
2505 56
2505 56
2505 55
2505 55
2505 56
2505 56
2505 56
2505 56
2505 56
2505 56
2505 56
2505 56
2505 56
2505 56
2505 54
2505 56
2505 56
2505 56
2505 56
2505 55
2505 56
2505 56
2510 53
2510 53
2510 54
2510 54
2510 54
2510 54
2510 53
2510 54
2510 53
2510 53
2510 53
2510 54
2510 54
2510 54
2510 54
2510 53
2510 53
2510 53
2510 54
2510 53
2510 54
2510 54
2510 54
2510 53
2510 54
2510 54
2510 54
2510 54
2510 54
2510 54
2510 54
2510 54
2510 54
2510 53
2510 55
2510 53
2510 52
2510 54
2510 53
2510 54
2510 53
2510 54
2510 53
2510 54
2510 54
2510 54
2510 53
2510 54
2510 54
2510 53
2510 54
2510 55
2510 54
2510 54
2510 53
2510 53
2510 54
2510 53
2510 52
2510 53
2510 54
2510 54
2510 54
2510 53
2510 53
2510 54
2510 52
2510 53
2510 53
2510 54
2510 53
2510 54
2510 55
2510 53
2510 53
2510 52
2510 54
2510 53
2510 54
2510 53
2510 53
2510 54
2510 54
2510 54
2510 54
2510 53
2510 53
2510 54
2510 54
2510 55
2510 53
2510 53
2510 53
2510 53
2510 53
2510 53
2510 51
2510 54
2510 54
2510 53
2515 52
2515 52
2515 52
2515 51
2515 52
2515 52
2515 52
2515 51
2515 51
2515 51
2515 52
2515 51
2515 52
2515 52
2515 52
2515 52
2515 52
2515 52
2515 50
2515 51
2515 51
2515 51
2515 51
2515 52
2515 51
2515 51
2515 51
2515 52
2515 52
2515 51
2515 51
2515 52
2515 52
2515 52
2515 52
2515 51
2515 52
2515 51
2515 51
2515 51
2515 51
2515 51
2515 52
2515 52
2515 52
2515 51
2515 51
2515 52
2515 51
2515 52
2515 51
2515 51
2515 52
2515 52
2515 52
2515 52
2515 51
2515 52
2515 51
2515 52
2515 52
2515 51
2515 52
2515 51
2515 52
2515 52
2515 51
2515 51
2515 51
2515 51
2515 51
2515 51
2515 52
2515 51
2515 51
2515 52
2515 52
2515 51
2515 52
2515 52
2515 51
2515 51
2515 51
2515 51
2515 52
2515 52
2515 52
2515 52
2515 51
2515 51
2515 52
2515 50
2515 52
2515 51
2515 52
2515 51
2515 51
2515 51
2515 52
2515 50
2520 49
2520 49
2520 50
2520 49
2520 49
2520 50
2520 49
2520 50
2520 50
2520 49
2520 49
2520 49
2520 49
2520 50
2520 50
2520 49
2520 49
2520 50
2520 49
2520 50
2520 49
2520 50
2520 50
2520 49
2520 49
2520 49
2520 50
2520 49
2520 50
2520 50
2520 49
2520 49
2520 49
2520 50
2520 50
2520 49
2520 49
2520 50
2520 49
2520 49
2520 49
2520 49
2520 49
2520 50
2520 50
2520 49
2520 50
2520 49
2520 48
2520 50
2520 50
2520 49
2520 50
2520 49
2520 50
2520 50
2520 49
2520 50
2520 50
2520 49
2520 49
2520 49
2520 49
2520 49
2520 49
2520 50
2520 49
2520 49
2520 50
2520 50
2520 50
2520 49
2520 50
2520 49
2520 50
2520 49
2520 49
2520 49
2520 49
2520 49
2520 50
2520 50
2520 50
2520 49
2520 50
2520 50
2520 49
2520 49
2520 49
2520 49
2520 49
2520 49
2520 49
2520 49
2520 50
2520 50
2520 49
2520 49
2520 50
2525 49
2525 48
2525 47
2525 48
2525 48
2525 48
2525 47
2525 48
2525 47
2525 47
2525 48
2525 48
2525 48
2525 48
2525 49
2525 47
2525 47
2525 47
2525 48
2525 47
2525 47
2525 48
2525 48
2525 49
2525 48
2525 48
2525 48
2525 48
2525 49
2525 48
2525 48
2525 48
2525 47
2525 49
2525 48
2525 47
2525 48
2525 47
2525 48
2525 49
2525 48
2525 47
2525 49
2525 48
2525 48
2525 48
2525 47
2525 48
2525 49
2525 47
2525 47
2525 48
2525 49
2525 48
2525 47
2525 48
2525 47
2525 48
2525 48
2525 48
2525 48
2525 47
2525 48
2525 48
2525 47
2525 48
2525 48
2525 48
2525 48
2525 48
2525 48
2525 48
2525 49
2525 48
2525 48
2525 49
2525 49
2525 48
2525 48
2525 48
2525 47
2525 48
2525 48
2525 47
2525 48
2525 48
2525 48
2525 49
2525 48
2525 48
2525 48
2525 48
2525 48
2525 48
2525 48
2525 49
2525 49
2525 48
2525 49
2525 48
2530 45
2530 46
2530 46
2530 46
2530 46
2530 46
2530 46
2530 46
2530 46
2530 46
2530 46
2530 46
2530 46
2530 47
2530 46
2530 46
2530 47
2530 47
2530 46
2530 46
2530 46
2530 47
2530 47
2530 46
2530 46
2530 47
2530 46
2530 46
2530 47
2530 47
2530 47
2530 46
2530 47
2530 46
2530 47
2530 46
2530 46
2530 47
2530 47
2530 47
2530 45
2530 46
2530 46
2530 45
2530 46
2530 46
2530 45
2530 46
2530 46
2530 45
2530 46
2530 46
2530 46
2530 46
2530 46
2530 46
2530 46
2530 46
2530 46
2530 47
2530 47
2530 48
2530 47
2530 46
2530 46
2530 47
2530 46
2530 46
2530 46
2530 46
2530 46
2530 46
2530 47
2530 47
2530 46
2530 46
2530 47
2530 46
2530 45
2530 46
2530 47
2530 47
2530 46
2530 46
2530 47
2530 46
2530 46
2530 45
2530 46
2530 47
2530 46
2530 46
2530 46
2530 46
2530 46
2530 46
2530 47
2530 47
2530 47
2535 45
2535 45
2535 45
2535 45
2535 45
2535 44
2535 45
2535 45
2535 45
2535 44
2535 44
2535 45
2535 44
2535 45
2535 45
2535 44
2535 45
2535 45
2535 44
2535 45
2535 43
2535 45
2535 45
2535 44
2535 45
2535 45
2535 45
2535 45
2535 44
2535 44
2535 43
2535 45
2535 45
2535 45
2535 45
2535 43
2535 44
2535 45
2535 45
2535 44
2535 45
2535 45
2535 44
2535 45
2535 43
2535 45
2535 45
2535 45
2535 44
2535 45
2535 45
2535 44
2535 45
2535 45
2535 43
2535 45
2535 44
2535 45
2535 44
2535 45
2535 45
2535 44
2535 44
2535 44
2535 45
2535 45
2535 45
2535 45
2535 44
2535 45
2535 43
2535 45
2535 45
2535 45
2535 42
2535 44
2535 45
2535 44
2535 45
2535 45
2535 45
2535 45
2535 45
2535 45
2535 45
2535 43
2535 44
2535 45
2535 45
2535 45
2535 45
2535 45
2535 45
2535 45
2535 45
2535 45
2535 45
2535 45
2535 45
2540 42
2540 42
2540 42
2540 42
2540 42
2540 42
2540 42
2540 42
2540 42
2540 42
2540 42
2540 41
2540 41
2540 42
2540 42
2540 42
2540 41
2540 42
2540 42
2540 42
2540 42
2540 42
2540 42
2540 42
2540 42
2540 42
2540 42
2540 42
2540 42
2540 42
2540 42
2540 42
2540 42
2540 42
2540 43
2540 42
2540 42
2540 42
2540 42
2540 42
2540 42
2540 41
2540 42
2540 42
2540 42
2540 42
2540 42
2540 42
2540 42
2540 42
2540 41
2540 42
2540 42
2540 42
2540 42
2540 42
2540 42
2540 42
2540 41
2540 42
2540 42
2540 42
2540 42
2540 42
2540 42
2540 42
2540 41
2540 42
2540 41
2540 42
2540 42
2540 42
2540 42
2540 42
2540 42
2540 41
2540 42
2540 42
2540 42
2540 42
2540 42
2540 42
2540 42
2540 42
2540 42
2540 42
2540 42
2540 42
2540 42
2540 42
2540 41
2540 42
2540 42
2540 42
2540 42
2540 42
2540 42
2540 42
2540 42
2540 42
2545 40
2545 40
2545 40
2545 40
2545 41
2545 40
2545 40
2545 40
2545 39
2545 40
2545 40
2545 40
2545 41
2545 39
2545 40
2545 40
2545 40
2545 40
2545 41
2545 40
2545 39
2545 40
2545 39
2545 40
2545 41
2545 40
2545 40
2545 40
2545 40
2545 41
2545 39
2545 39
2545 40
2545 40
2545 40
2545 40
2545 39
2545 40
2545 41
2545 41
2545 40
2545 40
2545 40
2545 39
2545 41
2545 38
2545 39
2545 40
2545 41
2545 39
2545 40
2545 41
2545 39
2545 39
2545 39
2545 39
2545 39
2545 40
2545 41
2545 40
2545 39
2545 41
2545 40
2545 40
2545 40
2545 40
2545 39
2545 40
2545 39
2545 40
2545 40
2545 40
2545 40
2545 40
2545 40
2545 40
2545 40
2545 40
2545 39
2545 39
2545 39
2545 40
2545 41
2545 39
2545 40
2545 39
2545 40
2545 40
2545 40
2545 39
2545 41
2545 40
2545 40
2545 40
2545 40
2545 40
2545 40
2545 40
2550 38
2550 37
2550 37
2550 37
2550 37
2550 39
2550 37
2550 37
2550 37
2550 37
2550 38
2550 38
2550 37
2550 37
2550 37
2550 37
2550 37
2550 38
2550 38
2550 37
2550 37
2550 37
2550 38
2550 37
2550 37
2550 37
2550 38
2550 38
2550 38
2550 37
2550 37
2550 37
2550 38
2550 37
2550 37
2550 39
2550 37
2550 38
2550 37
2550 37
2550 37
2550 37
2550 37
2550 39
2550 37
2550 37
2550 38
2550 37
2550 37
2550 37
2550 37
2550 37
2550 37
2550 39
2550 38
2550 37
2550 37
2550 37
2550 38
2550 37
2550 37
2550 37
2550 37
2550 39
2550 39
2550 37
2550 37
2550 39
2550 37
2550 37
2550 37
2550 39
2550 38
2550 37
2550 38
2550 39
2550 37
2550 37
2550 38
2550 37
2550 38
2550 39
2550 37
2550 37
2550 37
2550 37
2550 37
2550 37
2550 36
2550 37
2550 39
2550 39
2550 37
2550 39
2550 37
2550 37
2550 39
2550 39
2550 37
2550 39
2555 36
2555 36
2555 36
2555 36
2555 35
2555 35
2555 36
2555 36
2555 36
2555 36
2555 36
2555 36
2555 36
2555 36
2555 35
2555 36
2555 36
2555 35
2555 35
2555 35
2555 36
2555 36
2555 35
2555 37
2555 36
2555 35
2555 35
2555 36
2555 36
2555 35
2555 35
2555 36
2555 36
2555 36
2555 36
2555 35
2555 36
2555 35
2555 36
2555 35
2555 35
2555 36
2555 35
2555 36
2555 36
2555 35
2555 36
2555 37
2555 36
2555 36
2555 36
2555 36
2555 36
2555 36
2555 36
2555 36
2555 36
2555 36
2555 36
2555 35
2555 35
2555 36
2555 36
2555 36
2555 36
2555 36
2555 36
2555 36
2555 35
2555 35
2555 36
2555 36
2555 37
2555 36
2555 35
2555 36
2555 35
2555 36
2555 36
2555 36
2555 36
2555 36
2555 36
2555 36
2555 36
2555 35
2555 36
2555 36
2555 36
2555 36
2555 36
2555 36
2555 36
2555 36
2555 36
2555 35
2555 36
2555 36
2555 36
2560 34
2560 32
2560 32
2560 33
2560 33
2560 34
2560 33
2560 34
2560 33
2560 33
2560 34
2560 34
2560 34
2560 34
2560 33
2560 34
2560 33
2560 33
2560 34
2560 34
2560 34
2560 34
2560 34
2560 34
2560 34
2560 33
2560 34
2560 35
2560 33
2560 33
2560 34
2560 34
2560 33
2560 33
2560 34
2560 33
2560 34
2560 33
2560 33
2560 34
2560 33
2560 34
2560 33
2560 34
2560 34
2560 34
2560 33
2560 34
2560 34
2560 33
2560 34
2560 33
2560 33
2560 33
2560 34
2560 33
2560 33
2560 34
2560 34
2560 34
2560 34
2560 34
2560 33
2560 34
2560 33
2560 33
2560 34
2560 34
2560 33
2560 34
2560 33
2560 34
2560 34
2560 34
2560 33
2560 34
2560 34
2560 34
2560 34
2560 34
2560 34
2560 34
2560 33
2560 33
2560 33
2560 34
2560 33
2560 34
2560 35
2560 33
2560 33
2560 33
2560 34
2560 34
2560 34
2560 33
2560 34
2560 33
2560 34
2560 34
2565 33
2565 32
2565 32
2565 32
2565 31
2565 32
2565 31
2565 32
2565 33
2565 32
2565 32
2565 31
2565 32
2565 33
2565 32
2565 32
2565 31
2565 31
2565 31
2565 31
2565 33
2565 32
2565 32
2565 33
2565 32
2565 32
2565 32
2565 32
2565 32
2565 32
2565 31
2565 33
2565 32
2565 31
2565 31
2565 32
2565 32
2565 31
2565 31
2565 31
2565 32
2565 32
2565 32
2565 31
2565 32
2565 32
2565 32
2565 31
2565 31
2565 31
2565 31
2565 32
2565 32
2565 32
2565 32
2565 32
2565 32
2565 32
2565 32
2565 31
2565 32
2565 31
2565 31
2565 32
2565 32
2565 32
2565 32
2565 32
2565 32
2565 32
2565 32
2565 31
2565 32
2565 32
2565 31
2565 32
2565 31
2565 32
2565 32
2565 32
2565 32
2565 32
2565 32
2565 31
2565 32
2565 32
2565 32
2565 32
2565 31
2565 32
2565 31
2565 32
2565 31
2565 32
2565 31
2565 33
2565 33
2565 32
2565 32
2565 32
2570 31
2570 31
2570 31
2570 31
2570 31
2570 30
2570 31
2570 30
2570 30
2570 30
2570 31
2570 30
2570 31
2570 31
2570 30
2570 31
2570 31
2570 30
2570 31
2570 31
2570 31
2570 31
2570 30
2570 31
2570 31
2570 31
2570 31
2570 31
2570 31
2570 31
2570 31
2570 31
2570 31
2570 30
2570 30
2570 31
2570 31
2570 30
2570 31
2570 31
2570 30
2570 31
2570 31
2570 30
2570 31
2570 31
2570 31
2570 31
2570 31
2570 30
2570 30
2570 31
2570 30
2570 30
2570 31
2570 30
2570 30
2570 31
2570 31
2570 31
2570 30
2570 31
2570 31
2570 31
2570 31
2570 31
2570 31
2570 30
2570 31
2570 31
2570 30
2570 30
2570 31
2570 31
2570 31
2570 31
2570 30
2570 30
2570 31
2570 31
2570 30
2570 31
2570 31
2570 30
2570 31
2570 31
2570 31
2570 31
2570 31
2570 31
2570 31
2570 30
2570 31
2570 30
2570 31
2570 31
2570 31
2570 31
2570 31
2575 29
2575 29
2575 29
2575 29
2575 29
2575 29
2575 29
2575 29
2575 29
2575 29
2575 29
2575 28
2575 28
2575 28
2575 29
2575 28
2575 28
2575 29
2575 29
2575 29
2575 30
2575 30
2575 29
2575 29
2575 27
2575 29
2575 29
2575 29
2575 29
2575 28
2575 29
2575 28
2575 29
2575 29
2575 29
2575 29
2575 29
2575 28
2575 28
2575 29
2575 28
2575 29
2575 28
2575 28
2575 29
2575 29
2575 29
2575 29
2575 29
2575 29
2575 29
2575 29
2575 29
2575 29
2575 29
2575 29
2575 30
2575 29
2575 28
2575 28
2575 29
2575 29
2575 28
2575 28
2575 29
2575 29
2575 28
2575 28
2575 29
2575 29
2575 29
2575 29
2575 29
2575 28
2575 28
2575 29
2575 29
2575 29
2575 28
2575 29
2575 28
2575 28
2575 29
2575 29
2575 29
2575 29
2575 30
2575 29
2575 29
2575 29
2575 29
2575 29
2575 29
2575 29
2575 28
2575 29
2575 28
2575 29
2575 29
2575 30
2580 26
2580 26
2580 26
2580 26
2580 27
2580 26
2580 26
2580 26
2580 26
2580 26
2580 26
2580 26
2580 27
2580 26
2580 26
2580 26
2580 27
2580 26
2580 26
2580 26
2580 26
2580 26
2580 26
2580 26
2580 26
2580 26
2580 26
2580 26
2580 26
2580 27
2580 27
2580 26
2580 27
2580 26
2580 26
2580 26
2580 26
2580 26
2580 26
2580 26
2580 27
2580 26
2580 26
2580 27
2580 25
2580 26
2580 25
2580 27
2580 26
2580 26
2580 26
2580 26
2580 26
2580 26
2580 26
2580 26
2580 26
2580 26
2580 27
2580 26
2580 26
2580 26
2580 26
2580 26
2580 26
2580 27
2580 26
2580 26
2580 27
2580 26
2580 26
2580 26
2580 26
2580 25
2580 26
2580 26
2580 26
2580 26
2580 26
2580 26
2580 27
2580 26
2580 26
2580 26
2580 27
2580 26
2580 26
2580 26
2580 27
2580 27
2580 26
2580 26
2580 26
2580 26
2580 26
2580 26
2580 27
2580 26
2580 26
2580 26
2585 24
2585 25
2585 24
2585 24
2585 25
2585 24
2585 24
2585 24
2585 25
2585 24
2585 25
2585 24
2585 23
2585 24
2585 25
2585 25
2585 25
2585 25
2585 24
2585 24
2585 25
2585 24
2585 25
2585 25
2585 24
2585 24
2585 25
2585 24
2585 24
2585 24
2585 24
2585 24
2585 24
2585 24
2585 24
2585 25
2585 24
2585 24
2585 24
2585 24
2585 26
2585 25
2585 24
2585 24
2585 24
2585 24
2585 25
2585 25
2585 24
2585 25
2585 25
2585 24
2585 24
2585 26
2585 24
2585 24
2585 25
2585 24
2585 24
2585 24
2585 26
2585 25
2585 25
2585 24
2585 24
2585 24
2585 24
2585 24
2585 25
2585 24
2585 24
2585 25
2585 24
2585 25
2585 25
2585 24
2585 24
2585 24
2585 24
2585 25
2585 24
2585 24
2585 24
2585 24
2585 25
2585 24
2585 24
2585 24
2585 25
2585 24
2585 24
2585 25
2585 25
2585 24
2585 24
2585 24
2585 25
2585 25
2585 25
2585 24
2590 22
2590 21
2590 22
2590 22
2590 22
2590 22
2590 23
2590 21
2590 22
2590 22
2590 23
2590 23
2590 22
2590 22
2590 23
2590 22
2590 23
2590 21
2590 22
2590 22
2590 21
2590 22
2590 22
2590 22
2590 23
2590 23
2590 22
2590 22
2590 23
2590 22
2590 22
2590 22
2590 22
2590 22
2590 22
2590 22
2590 22
2590 22
2590 23
2590 23
2590 22
2590 22
2590 22
2590 23
2590 23
2590 22
2590 23
2590 22
2590 22
2590 22
2590 22
2590 23
2590 23
2590 21
2590 22
2590 21
2590 23
2590 21
2590 22
2590 22
2590 22
2590 22
2590 22
2590 22
2590 22
2590 22
2590 22
2590 21
2590 21
2590 23
2590 22
2590 22
2590 22
2590 22
2590 22
2590 21
2590 22
2590 21
2590 22
2590 23
2590 21
2590 22
2590 23
2590 23
2590 22
2590 22
2590 22
2590 22
2590 21
2590 22
2590 22
2590 22
2590 22
2590 22
2590 22
2590 23
2590 22
2590 23
2590 22
2590 23
2595 20
2595 20
2595 19
2595 21
2595 20
2595 20
2595 20
2595 20
2595 20
2595 19
2595 19
2595 21
2595 19
2595 20
2595 19
2595 20
2595 19
2595 21
2595 21
2595 20
2595 19
2595 20
2595 19
2595 20
2595 21
2595 20
2595 20
2595 20
2595 20
2595 20
2595 20
2595 19
2595 20
2595 20
2595 20
2595 20
2595 21
2595 20
2595 19
2595 20
2595 20
2595 20
2595 19
2595 20
2595 20
2595 20
2595 20
2595 21
2595 20
2595 20
2595 20
2595 20
2595 20
2595 19
2595 20
2595 21
2595 19
2595 20
2595 19
2595 20
2595 20
2595 20
2595 20
2595 19
2595 20
2595 20
2595 20
2595 20
2595 19
2595 20
2595 20
2595 19
2595 20
2595 19
2595 20
2595 19
2595 20
2595 20
2595 19
2595 20
2595 20
2595 20
2595 20
2595 20
2595 20
2595 20
2595 20
2595 20
2595 20
2595 20
2595 20
2595 21
2595 20
2595 20
2595 20
2595 20
2595 20
2595 21
2595 19
2600 18
2600 17
2600 18
2600 18
2600 17
2600 17
2600 18
2600 19
2600 17
2600 18
2600 17
2600 18
2600 18
2600 18
2600 17
2600 18
2600 18
2600 19
2600 17
2600 18
2600 18
2600 18
2600 18
2600 17
2600 17
2600 17
2600 18
2600 18
2600 18
2600 18
2600 18
2600 18
2600 18
2600 17
2600 17
2600 17
2600 17
2600 18
2600 18
2600 18
2600 18
2600 18
2600 17
2600 17
2600 18
2600 17
2600 18
2600 17
2600 17
2600 18
2600 18
2600 17
2600 18
2600 18
2600 18
2600 18
2600 18
2600 17
2600 17
2600 18
2600 17
2600 18
2600 17
2600 17
2600 17
2600 18
2600 18
2600 17
2600 17
2600 17
2600 17
2600 17
2600 18
2600 17
2600 17
2600 18
2600 19
2600 17
2600 17
2600 18
2600 18
2600 17
2600 18
2600 18
2600 17
2600 18
2600 17
2600 18
2600 17
2600 18
2600 17
2600 18
2600 18
2600 17
2600 18
2600 18
2600 18
2600 17
2600 18
2605 16
2605 17
2605 16
2605 17
2605 15
2605 17
2605 16
2605 16
2605 16
2605 16
2605 16
2605 16
2605 16
2605 16
2605 17
2605 16
2605 16
2605 17
2605 17
2605 16
2605 16
2605 17
2605 16
2605 17
2605 17
2605 16
2605 16
2605 15
2605 16
2605 15
2605 17
2605 17
2605 15
2605 16
2605 16
2605 17
2605 16
2605 17
2605 16
2605 16
2605 17
2605 16
2605 17
2605 16
2605 17
2605 15
2605 16
2605 16
2605 16
2605 16
2605 16
2605 16
2605 16
2605 16
2605 16
2605 17
2605 16
2605 16
2605 17
2605 16
2605 16
2605 16
2605 17
2605 16
2605 16
2605 17
2605 16
2605 16
2605 15
2605 15
2605 17
2605 16
2605 16
2605 16
2605 17
2605 16
2605 16
2605 16
2605 16
2605 16
2605 17
2605 17
2605 16
2605 17
2605 16
2605 16
2605 15
2605 16
2605 16
2605 16
2605 16
2605 16
2605 16
2605 16
2605 16
2605 15
2605 16
2605 16
2605 16
2610 14
2610 13
2610 14
2610 14
2610 14
2610 15
2610 14
2610 14
2610 14
2610 14
2610 14
2610 14
2610 14
2610 15
2610 14
2610 14
2610 14
2610 15
2610 15
2610 14
2610 14
2610 15
2610 15
2610 14
2610 14
2610 15
2610 15
2610 14
2610 14
2610 15
2610 14
2610 15
2610 14
2610 15
2610 14
2610 14
2610 15
2610 14
2610 14
2610 14
2610 13
2610 14
2610 14
2610 13
2610 15
2610 15
2610 14
2610 13
2610 15
2610 15
2610 14
2610 15
2610 14
2610 13
2610 15
2610 14
2610 15
2610 14
2610 15
2610 14
2610 14
2610 15
2610 14
2610 13
2610 14
2610 14
2610 14
2610 13
2610 14
2610 14
2610 14
2610 14
2610 15
2610 14
2610 14
2610 14
2610 14
2610 15
2610 14
2610 14
2610 14
2610 14
2610 14
2610 14
2610 14
2610 14
2610 14
2610 15
2610 15
2610 14
2610 13
2610 14
2610 14
2610 14
2610 14
2610 14
2610 14
2610 14
2610 14
2610 14
2615 13
2615 12
2615 13
2615 13
2615 13
2615 13
2615 12
2615 13
2615 12
2615 13
2615 13
2615 13
2615 12
2615 13
2615 11
2615 13
2615 13
2615 12
2615 13
2615 12
2615 13
2615 13
2615 11
2615 13
2615 13
2615 13
2615 13
2615 13
2615 13
2615 13
2615 13
2615 12
2615 13
2615 12
2615 13
2615 13
2615 13
2615 12
2615 12
2615 13
2615 13
2615 13
2615 12
2615 13
2615 13
2615 12
2615 12
2615 12
2615 12
2615 13
2615 13
2615 12
2615 13
2615 12
2615 11
2615 12
2615 12
2615 13
2615 12
2615 12
2615 12
2615 12
2615 12
2615 13
2615 13
2615 12
2615 12
2615 12
2615 12
2615 11
2615 13
2615 13
2615 12
2615 13
2615 13
2615 13
2615 11
2615 13
2615 13
2615 13
2615 13
2615 12
2615 13
2615 13
2615 12
2615 12
2615 13
2615 13
2615 13
2615 12
2615 13
2615 13
2615 12
2615 10
2615 12
2615 12
2615 13
2615 12
2615 12
2615 13
2620 9
2620 10
2620 10
2620 10
2620 9
2620 10
2620 10
2620 10
2620 8
2620 8
2620 10
2620 10
2620 10
2620 10
2620 10
2620 10
2620 10
2620 10
2620 9
2620 10
2620 10
2620 10
2620 10
2620 10
2620 10
2620 10
2620 10
2620 10
2620 10
2620 10
2620 10
2620 9
2620 10
2620 9
2620 9
2620 9
2620 10
2620 10
2620 10
2620 10
2620 10
2620 10
2620 10
2620 10
2620 10
2620 10
2620 10
2620 10
2620 9
2620 10
2620 10
2620 10
2620 10
2620 10
2620 10
2620 10
2620 9
2620 9
2620 10
2620 10
2620 10
2620 10
2620 10
2620 10
2620 10
2620 9
2620 10
2620 10
2620 10
2620 9
2620 10
2620 10
2620 10
2620 9
2620 10
2620 9
2620 10
2620 10
2620 10
2620 9
2620 10
2620 9
2620 9
2620 10
2620 9
2620 9
2620 9
2620 10
2620 10
2620 10
2620 10
2620 9
2620 9
2620 9
2620 10
2620 10
2620 10
2620 10
2620 9
2620 9
2625 8
2625 7
2625 8
2625 7
2625 9
2625 8
2625 8
2625 7
2625 7
2625 8
2625 8
2625 8
2625 9
2625 9
2625 8
2625 9
2625 9
2625 7
2625 8
2625 8
2625 8
2625 8
2625 8
2625 8
2625 8
2625 8
2625 9
2625 7
2625 8
2625 7
2625 7
2625 8
2625 7
2625 8
2625 8
2625 8
2625 8
2625 8
2625 8
2625 7
2625 8
2625 7
2625 8
2625 8
2625 8
2625 9
2625 7
2625 7
2625 8
2625 7
2625 8
2625 7
2625 7
2625 7
2625 7
2625 8
2625 8
2625 8
2625 7
2625 7
2625 8
2625 9
2625 8
2625 7
2625 8
2625 9
2625 8
2625 7
2625 8
2625 8
2625 6
2625 8
2625 8
2625 8
2625 8
2625 7
2625 8
2625 8
2625 8
2625 8
2625 7
2625 8
2625 9
2625 8
2625 8
2625 8
2625 8
2625 9
2625 8
2625 8
2625 8
2625 7
2625 8
2625 8
2625 7
2625 8
2625 7
2625 8
2625 9
2625 7
2630 5
2630 5
2630 5
2630 5
2630 5
2630 5
2630 5
2630 5
2630 7
2630 5
2630 5
2630 6
2630 5
2630 5
2630 5
2630 5
2630 5
2630 5
2630 5
2630 5
2630 5
2630 5
2630 6
2630 5
2630 5
2630 5
2630 5
2630 6
2630 5
2630 5
2630 5
2630 5
2630 5
2630 5
2630 5
2630 4
2630 5
2630 5
2630 6
2630 5
2630 5
2630 5
2630 7
2630 5
2630 6
2630 5
2630 5
2630 5
2630 5
2630 5
2630 7
2630 6
2630 4
2630 5
2630 5
2630 7
2630 5
2630 5
2630 5
2630 4
2630 5
2630 5
2630 5
2630 5
2630 5
2630 5
2630 5
2630 5
2630 5
2630 5
2630 5
2630 5
2630 5
2630 5
2630 5
2630 5
2630 5
2630 5
2630 5
2630 6
2630 6
2630 7
2630 5
2630 5
2630 5
2630 5
2630 5
2630 7
2630 4
2630 5
2630 5
2630 5
2630 5
2630 5
2630 5
2630 5
2630 5
2630 4
2630 5
2630 7
2635 4
2635 5
2635 4
2635 5
2635 4
2635 5
2635 4
2635 4
2635 4
2635 10
2635 4
2635 4
2635 4
2635 5
2635 4
2635 4
2635 4
2635 4
2635 5
2635 4
2635 4
2635 4
2635 11
2635 5
2635 4
2635 5
2635 4
2635 5
2635 4
