TOA measurement vs Delay ---- Mon Jun 15 00:22:08 2020
Pixel = 4
config file = config/asic_config_B4.yml
NofIterations = 100
LSBest = 22.722376514912124
mean value = [  0.           0.           0.           0.           0.
   0.           0.           0.           0.           0.
   0.           0.           0.           0.           0.
   0.           0.           0.           0.         125.1372549
 124.30851064 122.75       120.46       118.47       115.93
 113.44       111.82       109.41       106.55       104.8
 102.72       101.04        98.05050505  95.75        94.59
  92.86        90.52        88.          86.12        84.53
  81.58        79.56        77.58        75.61616162  72.97
  70.96969697  69.4040404   67.19        64.23        62.58
  60.50505051  58.52        56.37373737  53.87        52.43434343
  50.56        47.73        45.39        43.4         41.53535354
  39.54545455  37.75        35.76        33.23        30.98979592
  29.34        27.57        25.42        22.9         20.98
  19.09        17.07        15.09        12.68        11.06060606
   9.31313131   6.30927835   4.65217391   0.           0.
   0.           0.           0.           0.           0.
   0.           0.           0.           0.           0.
   0.           0.           0.           0.           0.
   0.           0.           0.           0.           0.        ]
sigma = [0.         0.         0.         0.         0.         0.
 0.         0.         0.         0.         0.         0.
 0.         0.         0.         0.         0.         0.
 0.         1.25471046 1.50137003 1.78068339 1.70050973 1.57874423
 1.68179468 1.57153852 1.71782809 1.88818255 1.85225088 1.62583312
 1.86679761 1.80602695 2.04741146 1.74666349 1.39471622 1.66845238
 1.94754546 1.68621865 1.65194834 1.5913621  1.73980842 1.82475569
 2.02655701 1.64428653 1.60388071 2.05765163 1.94388028 1.91761136
 1.78337695 1.22757213 1.59860253 1.89550345 1.64354174 1.74826581
 1.53929419 1.88937379 1.99510234 2.03991013 1.86636902 1.50714213
 1.82794098 1.75237933 2.0750261  1.95970236 1.30601615 1.66965066
 1.85699578 1.94085892 1.88502874 1.6009164  1.60163458 1.78561847
 2.02119602 1.80025924 1.77492741 1.43387209 1.80150276 1.47147847
 0.         0.         0.         0.         0.         0.
 0.         0.         0.         0.         0.         0.
 0.         0.         0.         0.         0.         0.
 0.         0.         0.         0.        ]
Pulse delay   TOA 
2245 22
2250 21
2255 16
2260 13
2265 123
2290 126
2290 126
2290 126
2290 126
2290 126
2290 126
2290 126
2290 125
2295 126
2295 126
2295 124
2295 126
2295 125
2295 126
2295 126
2295 124
2295 126
2295 126
2295 125
2295 126
2295 124
2295 125
2295 125
2295 126
2295 124
2295 126
2295 126
2295 121
2295 125
2295 124
2295 125
2295 124
2295 125
2295 124
2295 126
2295 126
2295 126
2295 126
2295 125
2295 121
2295 126
2295 124
2295 126
2295 125
2295 126
2295 126
2295 126
2295 126
2295 122
2295 125
2295 126
2295 126
2295 126
2295 125
2295 125
2295 124
2295 126
2295 126
2295 126
2300 121
2300 121
2300 125
2300 126
2300 124
2300 125
2300 124
2300 125
2300 125
2300 125
2300 124
2300 122
2300 126
2300 125
2300 126
2300 122
2300 125
2300 125
2300 125
2300 124
2300 124
2300 126
2300 126
2300 124
2300 126
2300 125
2300 126
2300 122
2300 124
2300 126
2300 122
2300 125
2300 125
2300 125
2300 126
2300 125
2300 126
2300 124
2300 125
2300 126
2300 124
2300 123
2300 124
2300 124
2300 124
2300 126
2300 125
2300 125
2300 124
2300 126
2300 122
2300 123
2300 124
2300 125
2300 122
2300 126
2300 121
2300 124
2300 123
2300 125
2300 124
2300 126
2300 124
2300 125
2300 123
2300 126
2300 123
2300 125
2300 122
2300 125
2300 124
2300 124
2300 120
2300 122
2300 124
2300 126
2300 124
2300 121
2300 125
2300 124
2300 126
2300 124
2300 123
2300 124
2300 124
2300 125
2300 125
2300 126
2300 126
2300 125
2300 126
2300 124
2300 126
2300 121
2305 121
2305 126
2305 124
2305 120
2305 123
2305 119
2305 120
2305 123
2305 123
2305 124
2305 118
2305 124
2305 124
2305 124
2305 123
2305 121
2305 120
2305 124
2305 125
2305 123
2305 124
2305 121
2305 120
2305 124
2305 125
2305 123
2305 124
2305 121
2305 121
2305 121
2305 122
2305 123
2305 120
2305 123
2305 125
2305 123
2305 123
2305 124
2305 124
2305 124
2305 126
2305 122
2305 122
2305 122
2305 123
2305 123
2305 121
2305 121
2305 124
2305 123
2305 125
2305 122
2305 124
2305 122
2305 124
2305 126
2305 123
2305 124
2305 117
2305 124
2305 122
2305 120
2305 123
2305 124
2305 123
2305 124
2305 123
2305 120
2305 124
2305 120
2305 124
2305 121
2305 123
2305 124
2305 124
2305 125
2305 122
2305 124
2305 125
2305 123
2305 122
2305 120
2305 124
2305 122
2305 123
2305 124
2305 124
2305 122
2305 124
2305 124
2305 121
2305 124
2305 122
2305 124
2305 120
2305 123
2305 123
2305 124
2305 120
2305 125
2310 121
2310 118
2310 124
2310 120
2310 118
2310 120
2310 117
2310 121
2310 120
2310 120
2310 124
2310 120
2310 124
2310 119
2310 122
2310 118
2310 121
2310 120
2310 121
2310 119
2310 120
2310 120
2310 122
2310 123
2310 120
2310 124
2310 122
2310 120
2310 119
2310 121
2310 119
2310 121
2310 120
2310 122
2310 119
2310 120
2310 122
2310 120
2310 120
2310 120
2310 116
2310 120
2310 123
2310 119
2310 123
2310 123
2310 121
2310 119
2310 122
2310 120
2310 120
2310 119
2310 119
2310 120
2310 120
2310 120
2310 118
2310 121
2310 119
2310 122
2310 120
2310 125
2310 124
2310 121
2310 121
2310 117
2310 119
2310 120
2310 122
2310 120
2310 121
2310 121
2310 119
2310 119
2310 122
2310 121
2310 118
2310 122
2310 121
2310 120
2310 120
2310 119
2310 121
2310 120
2310 119
2310 118
2310 124
2310 120
2310 120
2310 120
2310 120
2310 120
2310 122
2310 120
2310 122
2310 120
2310 120
2310 123
2310 120
2310 120
2315 120
2315 119
2315 118
2315 119
2315 118
2315 120
2315 118
2315 118
2315 120
2315 119
2315 121
2315 117
2315 120
2315 119
2315 118
2315 120
2315 118
2315 118
2315 121
2315 120
2315 118
2315 118
2315 118
2315 120
2315 118
2315 119
2315 118
2315 118
2315 117
2315 118
2315 120
2315 117
2315 123
2315 118
2315 120
2315 116
2315 118
2315 119
2315 120
2315 119
2315 117
2315 119
2315 118
2315 118
2315 119
2315 119
2315 120
2315 116
2315 118
2315 116
2315 118
2315 118
2315 118
2315 118
2315 117
2315 121
2315 118
2315 117
2315 118
2315 119
2315 120
2315 120
2315 118
2315 118
2315 117
2315 116
2315 120
2315 118
2315 119
2315 118
2315 118
2315 116
2315 119
2315 116
2315 117
2315 120
2315 121
2315 111
2315 118
2315 119
2315 120
2315 118
2315 120
2315 120
2315 120
2315 117
2315 119
2315 120
2315 120
2315 120
2315 116
2315 119
2315 118
2315 119
2315 117
2315 118
2315 119
2315 116
2315 120
2315 117
2320 118
2320 115
2320 117
2320 112
2320 117
2320 116
2320 117
2320 116
2320 117
2320 114
2320 116
2320 113
2320 116
2320 114
2320 116
2320 116
2320 115
2320 119
2320 116
2320 117
2320 117
2320 116
2320 116
2320 114
2320 114
2320 113
2320 119
2320 112
2320 116
2320 116
2320 116
2320 117
2320 113
2320 118
2320 116
2320 118
2320 113
2320 116
2320 115
2320 119
2320 116
2320 117
2320 114
2320 118
2320 118
2320 116
2320 116
2320 119
2320 117
2320 117
2320 117
2320 115
2320 116
2320 117
2320 114
2320 113
2320 116
2320 113
2320 116
2320 117
2320 116
2320 115
2320 116
2320 116
2320 116
2320 117
2320 115
2320 116
2320 116
2320 116
2320 114
2320 117
2320 117
2320 117
2320 116
2320 117
2320 116
2320 118
2320 113
2320 118
2320 118
2320 115
2320 116
2320 116
2320 111
2320 117
2320 116
2320 116
2320 116
2320 117
2320 118
2320 117
2320 116
2320 117
2320 113
2320 114
2320 118
2320 115
2320 118
2320 114
2325 114
2325 114
2325 112
2325 114
2325 112
2325 113
2325 112
2325 113
2325 113
2325 114
2325 112
2325 114
2325 112
2325 111
2325 114
2325 115
2325 113
2325 113
2325 113
2325 115
2325 113
2325 112
2325 113
2325 114
2325 113
2325 113
2325 111
2325 116
2325 114
2325 114
2325 113
2325 115
2325 114
2325 117
2325 109
2325 113
2325 117
2325 114
2325 113
2325 110
2325 114
2325 113
2325 113
2325 113
2325 116
2325 114
2325 114
2325 116
2325 114
2325 116
2325 112
2325 113
2325 113
2325 110
2325 114
2325 114
2325 114
2325 113
2325 114
2325 112
2325 111
2325 113
2325 112
2325 115
2325 115
2325 111
2325 115
2325 113
2325 114
2325 116
2325 111
2325 114
2325 116
2325 114
2325 114
2325 115
2325 115
2325 115
2325 113
2325 114
2325 112
2325 116
2325 112
2325 114
2325 114
2325 113
2325 112
2325 114
2325 114
2325 114
2325 113
2325 116
2325 112
2325 115
2325 113
2325 115
2325 111
2325 112
2325 113
2325 110
2330 114
2330 114
2330 113
2330 112
2330 114
2330 112
2330 112
2330 111
2330 113
2330 111
2330 112
2330 111
2330 110
2330 107
2330 111
2330 115
2330 110
2330 112
2330 113
2330 113
2330 111
2330 111
2330 112
2330 112
2330 112
2330 112
2330 110
2330 111
2330 112
2330 113
2330 110
2330 113
2330 112
2330 112
2330 109
2330 113
2330 110
2330 112
2330 113
2330 112
2330 113
2330 113
2330 112
2330 109
2330 107
2330 112
2330 111
2330 111
2330 111
2330 114
2330 112
2330 111
2330 111
2330 113
2330 113
2330 112
2330 113
2330 110
2330 111
2330 110
2330 112
2330 112
2330 113
2330 111
2330 112
2330 114
2330 112
2330 114
2330 114
2330 111
2330 111
2330 113
2330 111
2330 116
2330 111
2330 106
2330 114
2330 111
2330 113
2330 113
2330 112
2330 115
2330 112
2330 113
2330 113
2330 109
2330 112
2330 113
2330 114
2330 111
2330 110
2330 112
2330 108
2330 113
2330 110
2330 111
2330 114
2330 114
2330 110
2330 111
2335 110
2335 109
2335 111
2335 110
2335 111
2335 111
2335 110
2335 110
2335 107
2335 112
2335 110
2335 107
2335 111
2335 110
2335 112
2335 110
2335 107
2335 112
2335 109
2335 112
2335 111
2335 110
2335 111
2335 105
2335 110
2335 106
2335 109
2335 110
2335 111
2335 112
2335 106
2335 107
2335 112
2335 110
2335 110
2335 111
2335 110
2335 111
2335 110
2335 107
2335 109
2335 112
2335 112
2335 110
2335 112
2335 107
2335 107
2335 111
2335 108
2335 110
2335 110
2335 112
2335 108
2335 110
2335 112
2335 110
2335 109
2335 106
2335 110
2335 109
2335 109
2335 107
2335 110
2335 106
2335 109
2335 111
2335 111
2335 110
2335 109
2335 111
2335 107
2335 109
2335 108
2335 108
2335 110
2335 107
2335 111
2335 109
2335 107
2335 111
2335 112
2335 108
2335 113
2335 110
2335 111
2335 109
2335 107
2335 107
2335 111
2335 110
2335 106
2335 107
2335 107
2335 106
2335 109
2335 107
2335 111
2335 109
2335 110
2335 107
2340 111
2340 107
2340 106
2340 106
2340 106
2340 110
2340 109
2340 106
2340 109
2340 106
2340 106
2340 110
2340 107
2340 106
2340 106
2340 106
2340 107
2340 107
2340 107
2340 107
2340 107
2340 106
2340 109
2340 106
2340 106
2340 106
2340 104
2340 107
2340 103
2340 111
2340 109
2340 106
2340 106
2340 106
2340 107
2340 106
2340 106
2340 103
2340 107
2340 105
2340 108
2340 106
2340 107
2340 106
2340 106
2340 106
2340 106
2340 107
2340 107
2340 106
2340 107
2340 107
2340 110
2340 107
2340 107
2340 107
2340 106
2340 102
2340 105
2340 106
2340 109
2340 107
2340 109
2340 105
2340 107
2340 106
2340 106
2340 106
2340 108
2340 106
2340 102
2340 109
2340 106
2340 105
2340 107
2340 106
2340 108
2340 109
2340 106
2340 102
2340 107
2340 105
2340 105
2340 107
2340 106
2340 106
2340 107
2340 106
2340 106
2340 107
2340 107
2340 106
2340 107
2340 111
2340 106
2340 108
2340 99
2340 106
2340 107
2340 107
2345 106
2345 105
2345 106
2345 104
2345 106
2345 105
2345 106
2345 102
2345 104
2345 105
2345 105
2345 105
2345 103
2345 103
2345 105
2345 103
2345 101
2345 102
2345 105
2345 106
2345 106
2345 105
2345 105
2345 107
2345 107
2345 105
2345 106
2345 106
2345 106
2345 103
2345 105
2345 105
2345 105
2345 106
2345 102
2345 103
2345 103
2345 107
2345 104
2345 103
2345 102
2345 106
2345 106
2345 105
2345 106
2345 106
2345 106
2345 103
2345 108
2345 103
2345 105
2345 106
2345 106
2345 104
2345 106
2345 103
2345 105
2345 103
2345 106
2345 109
2345 105
2345 106
2345 103
2345 101
2345 104
2345 105
2345 106
2345 105
2345 105
2345 106
2345 106
2345 102
2345 103
2345 106
2345 106
2345 105
2345 105
2345 103
2345 106
2345 105
2345 103
2345 106
2345 103
2345 104
2345 106
2345 106
2345 101
2345 106
2345 106
2345 103
2345 107
2345 103
2345 107
2345 104
2345 103
2345 104
2345 106
2345 107
2345 106
2345 106
2350 103
2350 103
2350 103
2350 105
2350 105
2350 101
2350 102
2350 102
2350 102
2350 101
2350 105
2350 103
2350 105
2350 105
2350 103
2350 102
2350 102
2350 103
2350 103
2350 99
2350 102
2350 105
2350 105
2350 101
2350 103
2350 105
2350 102
2350 105
2350 102
2350 99
2350 106
2350 101
2350 103
2350 103
2350 104
2350 99
2350 103
2350 102
2350 106
2350 102
2350 103
2350 103
2350 103
2350 103
2350 101
2350 106
2350 101
2350 105
2350 102
2350 105
2350 103
2350 105
2350 103
2350 102
2350 102
2350 105
2350 103
2350 101
2350 103
2350 101
2350 103
2350 105
2350 99
2350 103
2350 105
2350 102
2350 101
2350 103
2350 105
2350 99
2350 102
2350 103
2350 106
2350 102
2350 106
2350 102
2350 103
2350 105
2350 105
2350 103
2350 103
2350 96
2350 99
2350 103
2350 103
2350 101
2350 102
2350 99
2350 103
2350 103
2350 101
2350 103
2350 103
2350 102
2350 103
2350 103
2350 101
2350 102
2350 103
2350 102
2355 101
2355 96
2355 98
2355 96
2355 102
2355 103
2355 101
2355 97
2355 102
2355 101
2355 102
2355 99
2355 102
2355 105
2355 102
2355 102
2355 101
2355 101
2355 101
2355 102
2355 101
2355 102
2355 102
2355 103
2355 98
2355 102
2355 101
2355 105
2355 101
2355 102
2355 101
2355 103
2355 103
2355 103
2355 99
2355 99
2355 101
2355 102
2355 102
2355 102
2355 102
2355 99
2355 102
2355 101
2355 102
2355 101
2355 98
2355 99
2355 101
2355 101
2355 99
2355 102
2355 101
2355 101
2355 101
2355 99
2355 101
2355 103
2355 99
2355 98
2355 103
2355 101
2355 102
2355 101
2355 101
2355 99
2355 101
2355 103
2355 99
2355 101
2355 99
2355 102
2355 102
2355 103
2355 102
2355 101
2355 101
2355 99
2355 103
2355 98
2355 102
2355 99
2355 103
2355 102
2355 103
2355 101
2355 99
2355 102
2355 103
2355 99
2355 101
2355 99
2355 103
2355 99
2355 101
2355 102
2355 99
2355 102
2355 105
2355 103
2360 99
2360 96
2360 99
2360 95
2360 96
2360 95
2360 96
2360 101
2360 99
2360 98
2360 99
2360 98
2360 97
2360 99
2360 98
2360 99
2360 95
2360 97
2360 95
2360 97
2360 98
2360 99
2360 96
2360 99
2360 96
2360 97
2360 99
2360 97
2360 99
2360 99
2360 99
2360 98
2360 96
2360 96
2360 99
2360 101
2360 101
2360 99
2360 97
2360 99
2360 98
2360 98
2360 102
2360 99
2360 94
2360 99
2360 95
2360 103
2360 99
2360 99
2360 97
2360 98
2360 99
2360 98
2360 96
2360 95
2360 98
2360 99
2360 97
2360 101
2360 99
2360 101
2360 99
2360 98
2360 99
2360 99
2360 99
2360 102
2360 98
2360 95
2360 103
2360 98
2360 99
2360 97
2360 99
2360 98
2360 95
2360 99
2360 98
2360 95
2360 99
2360 95
2360 95
2360 99
2360 94
2360 96
2360 96
2360 99
2360 99
2360 98
2360 98
2360 96
2360 103
2360 99
2360 99
2360 99
2360 103
2360 99
2360 95
2365 95
2365 96
2365 96
2365 101
2365 95
2365 97
2365 96
2365 94
2365 94
2365 99
2365 95
2365 95
2365 93
2365 97
2365 99
2365 95
2365 95
2365 98
2365 96
2365 97
2365 96
2365 94
2365 94
2365 97
2365 95
2365 95
2365 99
2365 96
2365 99
2365 95
2365 96
2365 94
2365 91
2365 95
2365 96
2365 98
2365 99
2365 97
2365 98
2365 94
2365 96
2365 94
2365 92
2365 98
2365 94
2365 95
2365 94
2365 96
2365 95
2365 96
2365 96
2365 98
2365 98
2365 96
2365 94
2365 94
2365 99
2365 97
2365 98
2365 94
2365 95
2365 99
2365 95
2365 96
2365 94
2365 98
2365 95
2365 94
2365 98
2365 97
2365 96
2365 95
2365 97
2365 97
2365 95
2365 95
2365 95
2365 94
2365 96
2365 94
2365 94
2365 95
2365 95
2365 97
2365 97
2365 94
2365 95
2365 96
2365 95
2365 95
2365 94
2365 98
2365 95
2365 96
2365 96
2365 94
2365 94
2365 96
2365 94
2365 95
2370 93
2370 93
2370 94
2370 94
2370 94
2370 94
2370 94
2370 96
2370 94
2370 96
2370 96
2370 97
2370 94
2370 98
2370 96
2370 94
2370 94
2370 95
2370 94
2370 94
2370 95
2370 95
2370 96
2370 94
2370 97
2370 98
2370 95
2370 93
2370 95
2370 95
2370 94
2370 94
2370 94
2370 93
2370 93
2370 96
2370 94
2370 94
2370 96
2370 96
2370 94
2370 96
2370 93
2370 95
2370 95
2370 94
2370 95
2370 94
2370 94
2370 95
2370 95
2370 94
2370 94
2370 92
2370 94
2370 95
2370 95
2370 96
2370 95
2370 95
2370 97
2370 96
2370 94
2370 95
2370 91
2370 94
2370 96
2370 94
2370 95
2370 93
2370 93
2370 93
2370 94
2370 92
2370 94
2370 95
2370 94
2370 94
2370 93
2370 94
2370 94
2370 94
2370 92
2370 99
2370 96
2370 96
2370 96
2370 92
2370 96
2370 95
2370 95
2370 94
2370 92
2370 95
2370 97
2370 95
2370 95
2370 95
2370 94
2370 95
2375 93
2375 95
2375 89
2375 93
2375 94
2375 91
2375 94
2375 92
2375 94
2375 91
2375 94
2375 93
2375 94
2375 92
2375 92
2375 92
2375 93
2375 95
2375 93
2375 91
2375 92
2375 95
2375 94
2375 93
2375 92
2375 89
2375 95
2375 95
2375 91
2375 94
2375 94
2375 91
2375 94
2375 93
2375 94
2375 94
2375 95
2375 95
2375 94
2375 94
2375 93
2375 92
2375 94
2375 93
2375 92
2375 92
2375 92
2375 94
2375 92
2375 95
2375 94
2375 94
2375 92
2375 92
2375 96
2375 94
2375 94
2375 88
2375 94
2375 94
2375 92
2375 90
2375 90
2375 89
2375 94
2375 93
2375 91
2375 95
2375 92
2375 92
2375 94
2375 95
2375 92
2375 95
2375 92
2375 92
2375 94
2375 92
2375 93
2375 90
2375 94
2375 92
2375 92
2375 92
2375 94
2375 95
2375 92
2375 93
2375 90
2375 95
2375 95
2375 93
2375 93
2375 94
2375 92
2375 91
2375 89
2375 92
2375 94
2375 93
2380 92
2380 92
2380 92
2380 92
2380 92
2380 90
2380 90
2380 89
2380 89
2380 87
2380 94
2380 92
2380 92
2380 93
2380 92
2380 92
2380 92
2380 88
2380 91
2380 88
2380 88
2380 92
2380 92
2380 89
2380 92
2380 90
2380 92
2380 90
2380 92
2380 89
2380 92
2380 89
2380 91
2380 91
2380 92
2380 90
2380 92
2380 94
2380 92
2380 94
2380 93
2380 92
2380 89
2380 90
2380 89
2380 93
2380 92
2380 91
2380 90
2380 91
2380 90
2380 89
2380 93
2380 91
2380 93
2380 89
2380 92
2380 91
2380 91
2380 92
2380 89
2380 91
2380 89
2380 94
2380 90
2380 89
2380 90
2380 88
2380 92
2380 94
2380 88
2380 90
2380 88
2380 90
2380 94
2380 90
2380 85
2380 87
2380 90
2380 92
2380 92
2380 90
2380 91
2380 87
2380 91
2380 91
2380 89
2380 88
2380 89
2380 92
2380 85
2380 89
2380 89
2380 89
2380 88
2380 89
2380 91
2380 88
2380 92
2380 89
2385 87
2385 89
2385 88
2385 87
2385 89
2385 89
2385 87
2385 88
2385 88
2385 87
2385 90
2385 88
2385 88
2385 86
2385 89
2385 87
2385 90
2385 91
2385 84
2385 87
2385 91
2385 86
2385 88
2385 89
2385 89
2385 88
2385 88
2385 85
2385 86
2385 87
2385 91
2385 85
2385 87
2385 86
2385 89
2385 89
2385 88
2385 86
2385 91
2385 86
2385 87
2385 86
2385 92
2385 88
2385 88
2385 89
2385 88
2385 88
2385 84
2385 86
2385 84
2385 89
2385 87
2385 89
2385 87
2385 88
2385 88
2385 88
2385 88
2385 91
2385 88
2385 90
2385 88
2385 87
2385 88
2385 88
2385 87
2385 87
2385 89
2385 92
2385 87
2385 87
2385 88
2385 87
2385 88
2385 90
2385 87
2385 88
2385 89
2385 90
2385 88
2385 89
2385 91
2385 86
2385 86
2385 86
2385 89
2385 88
2385 90
2385 88
2385 88
2385 88
2385 87
2385 87
2385 88
2385 91
2385 87
2385 89
2385 89
2385 91
2390 85
2390 85
2390 84
2390 86
2390 87
2390 85
2390 87
2390 86
2390 87
2390 84
2390 87
2390 88
2390 84
2390 85
2390 87
2390 86
2390 85
2390 84
2390 87
2390 88
2390 84
2390 88
2390 85
2390 86
2390 85
2390 86
2390 84
2390 87
2390 87
2390 84
2390 85
2390 87
2390 88
2390 89
2390 88
2390 84
2390 88
2390 85
2390 86
2390 87
2390 85
2390 86
2390 84
2390 87
2390 81
2390 86
2390 86
2390 89
2390 88
2390 89
2390 87
2390 86
2390 87
2390 86
2390 89
2390 87
2390 87
2390 84
2390 87
2390 84
2390 85
2390 88
2390 85
2390 86
2390 84
2390 87
2390 86
2390 86
2390 89
2390 87
2390 86
2390 84
2390 86
2390 86
2390 86
2390 87
2390 88
2390 87
2390 84
2390 87
2390 85
2390 84
2390 87
2390 85
2390 87
2390 86
2390 86
2390 87
2390 81
2390 85
2390 85
2390 89
2390 88
2390 85
2390 88
2390 88
2390 88
2390 84
2390 87
2390 88
2395 87
2395 85
2395 81
2395 84
2395 84
2395 86
2395 81
2395 85
2395 84
2395 86
2395 83
2395 86
2395 84
2395 86
2395 85
2395 84
2395 84
2395 86
2395 83
2395 85
2395 85
2395 84
2395 88
2395 87
2395 84
2395 87
2395 83
2395 82
2395 85
2395 86
2395 84
2395 85
2395 88
2395 85
2395 84
2395 85
2395 86
2395 86
2395 86
2395 84
2395 83
2395 84
2395 83
2395 85
2395 85
2395 86
2395 84
2395 83
2395 84
2395 84
2395 84
2395 88
2395 86
2395 84
2395 86
2395 85
2395 86
2395 88
2395 84
2395 84
2395 84
2395 84
2395 84
2395 82
2395 85
2395 84
2395 86
2395 85
2395 86
2395 85
2395 82
2395 83
2395 86
2395 84
2395 83
2395 87
2395 81
2395 85
2395 86
2395 85
2395 86
2395 85
2395 85
2395 86
2395 84
2395 83
2395 83
2395 81
2395 85
2395 85
2395 84
2395 84
2395 82
2395 84
2395 84
2395 85
2395 82
2395 82
2395 82
2395 85
2400 84
2400 80
2400 83
2400 81
2400 83
2400 81
2400 80
2400 84
2400 78
2400 82
2400 84
2400 80
2400 81
2400 82
2400 83
2400 82
2400 80
2400 78
2400 81
2400 82
2400 76
2400 82
2400 82
2400 81
2400 79
2400 81
2400 80
2400 82
2400 81
2400 82
2400 81
2400 83
2400 82
2400 80
2400 81
2400 81
2400 84
2400 84
2400 83
2400 84
2400 81
2400 80
2400 82
2400 82
2400 82
2400 82
2400 84
2400 79
2400 82
2400 80
2400 81
2400 82
2400 83
2400 84
2400 84
2400 81
2400 82
2400 84
2400 81
2400 84
2400 80
2400 84
2400 79
2400 84
2400 81
2400 81
2400 79
2400 82
2400 84
2400 81
2400 83
2400 82
2400 84
2400 81
2400 81
2400 82
2400 80
2400 80
2400 82
2400 79
2400 81
2400 81
2400 84
2400 80
2400 85
2400 84
2400 80
2400 80
2400 80
2400 81
2400 80
2400 81
2400 81
2400 81
2400 80
2400 85
2400 79
2400 82
2400 84
2400 82
2405 80
2405 81
2405 79
2405 78
2405 80
2405 75
2405 79
2405 83
2405 80
2405 79
2405 78
2405 81
2405 79
2405 81
2405 75
2405 79
2405 77
2405 80
2405 77
2405 80
2405 74
2405 79
2405 77
2405 79
2405 78
2405 81
2405 79
2405 80
2405 80
2405 77
2405 80
2405 79
2405 78
2405 80
2405 79
2405 81
2405 81
2405 81
2405 81
2405 79
2405 78
2405 80
2405 80
2405 81
2405 82
2405 79
2405 80
2405 80
2405 82
2405 81
2405 78
2405 81
2405 80
2405 79
2405 79
2405 81
2405 80
2405 79
2405 80
2405 79
2405 79
2405 82
2405 80
2405 79
2405 81
2405 80
2405 74
2405 81
2405 82
2405 81
2405 79
2405 83
2405 79
2405 78
2405 82
2405 82
2405 82
2405 82
2405 79
2405 77
2405 80
2405 80
2405 78
2405 80
2405 81
2405 79
2405 80
2405 81
2405 78
2405 80
2405 85
2405 80
2405 80
2405 77
2405 78
2405 79
2405 78
2405 78
2405 78
2405 81
2410 78
2410 77
2410 77
2410 78
2410 75
2410 77
2410 80
2410 74
2410 77
2410 81
2410 79
2410 79
2410 79
2410 74
2410 79
2410 80
2410 77
2410 80
2410 75
2410 77
2410 80
2410 77
2410 75
2410 80
2410 80
2410 80
2410 78
2410 79
2410 77
2410 78
2410 80
2410 79
2410 74
2410 78
2410 74
2410 77
2410 78
2410 80
2410 81
2410 75
2410 77
2410 79
2410 79
2410 75
2410 79
2410 79
2410 79
2410 76
2410 75
2410 77
2410 78
2410 78
2410 80
2410 79
2410 73
2410 78
2410 77
2410 77
2410 78
2410 76
2410 77
2410 79
2410 74
2410 78
2410 79
2410 81
2410 75
2410 80
2410 77
2410 76
2410 78
2410 75
2410 79
2410 80
2410 78
2410 80
2410 74
2410 78
2410 78
2410 75
2410 75
2410 77
2410 80
2410 78
2410 78
2410 79
2410 79
2410 78
2410 74
2410 75
2410 74
2410 75
2410 79
2410 77
2410 76
2410 80
2410 78
2410 80
2410 79
2410 74
2415 74
2415 75
2415 77
2415 75
2415 78
2415 75
2415 74
2415 78
2415 77
2415 77
2415 75
2415 74
2415 74
2415 74
2415 74
2415 77
2415 74
2415 75
2415 73
2415 75
2415 75
2415 76
2415 75
2415 74
2415 74
2415 77
2415 76
2415 74
2415 74
2415 75
2415 75
2415 75
2415 76
2415 78
2415 75
2415 74
2415 75
2415 77
2415 75
2415 78
2415 78
2415 74
2415 74
2415 75
2415 77
2415 77
2415 73
2415 78
2415 75
2415 77
2415 75
2415 80
2415 77
2415 75
2415 77
2415 79
2415 75
2415 75
2415 73
2415 78
2415 78
2415 74
2415 78
2415 77
2415 75
2415 77
2415 73
2415 75
2415 77
2415 75
2415 71
2415 78
2415 74
2415 75
2415 77
2415 78
2415 75
2415 75
2415 75
2415 75
2415 77
2415 79
2415 77
2415 74
2415 77
2415 75
2415 76
2415 74
2415 77
2415 75
2415 74
2415 77
2415 75
2415 75
2415 75
2415 75
2415 76
2415 74
2415 77
2420 75
2420 71
2420 74
2420 73
2420 74
2420 71
2420 75
2420 74
2420 71
2420 74
2420 75
2420 74
2420 70
2420 71
2420 73
2420 71
2420 72
2420 70
2420 69
2420 72
2420 70
2420 71
2420 73
2420 73
2420 74
2420 74
2420 70
2420 73
2420 73
2420 70
2420 74
2420 74
2420 73
2420 73
2420 72
2420 75
2420 71
2420 71
2420 69
2420 73
2420 74
2420 71
2420 74
2420 77
2420 74
2420 74
2420 74
2420 73
2420 74
2420 71
2420 74
2420 71
2420 71
2420 73
2420 74
2420 74
2420 74
2420 74
2420 74
2420 73
2420 72
2420 73
2420 73
2420 72
2420 73
2420 74
2420 74
2420 74
2420 71
2420 74
2420 70
2420 73
2420 75
2420 69
2420 74
2420 74
2420 74
2420 74
2420 74
2420 74
2420 74
2420 73
2420 74
2420 74
2420 74
2420 74
2420 73
2420 74
2420 74
2420 74
2420 75
2420 75
2420 74
2420 74
2420 71
2420 73
2420 73
2420 73
2420 74
2420 73
2425 71
2425 70
2425 70
2425 71
2425 71
2425 69
2425 74
2425 73
2425 71
2425 69
2425 70
2425 73
2425 71
2425 70
2425 73
2425 71
2425 73
2425 74
2425 69
2425 71
2425 66
2425 71
2425 66
2425 72
2425 72
2425 71
2425 70
2425 73
2425 74
2425 73
2425 71
2425 71
2425 71
2425 71
2425 69
2425 69
2425 71
2425 70
2425 72
2425 70
2425 74
2425 71
2425 71
2425 67
2425 67
2425 74
2425 71
2425 73
2425 71
2425 69
2425 66
2425 74
2425 70
2425 71
2425 71
2425 71
2425 72
2425 74
2425 70
2425 64
2425 72
2425 73
2425 73
2425 71
2425 74
2425 69
2425 71
2425 71
2425 70
2425 73
2425 71
2425 71
2425 71
2425 69
2425 70
2425 72
2425 73
2425 71
2425 73
2425 70
2425 67
2425 70
2425 75
2425 69
2425 71
2425 70
2425 71
2425 72
2425 73
2425 73
2425 73
2425 71
2425 71
2425 70
2425 71
2425 73
2425 66
2425 73
2425 71
2430 67
2430 71
2430 70
2430 70
2430 67
2430 72
2430 71
2430 70
2430 71
2430 69
2430 70
2430 70
2430 69
2430 69
2430 67
2430 74
2430 67
2430 67
2430 69
2430 72
2430 69
2430 73
2430 69
2430 65
2430 74
2430 69
2430 70
2430 65
2430 71
2430 70
2430 74
2430 71
2430 66
2430 71
2430 73
2430 69
2430 71
2430 69
2430 69
2430 71
2430 71
2430 70
2430 71
2430 70
2430 69
2430 70
2430 71
2430 67
2430 66
2430 70
2430 71
2430 69
2430 71
2430 65
2430 69
2430 67
2430 70
2430 69
2430 69
2430 69
2430 66
2430 70
2430 67
2430 65
2430 67
2430 71
2430 71
2430 70
2430 69
2430 69
2430 70
2430 71
2430 70
2430 70
2430 71
2430 71
2430 70
2430 70
2430 69
2430 67
2430 69
2430 67
2430 70
2430 67
2430 70
2430 70
2430 70
2430 69
2430 70
2430 71
2430 69
2430 67
2430 69
2430 67
2430 67
2430 70
2430 69
2430 71
2430 70
2435 67
2435 65
2435 65
2435 71
2435 67
2435 70
2435 65
2435 67
2435 69
2435 70
2435 67
2435 67
2435 69
2435 66
2435 67
2435 67
2435 71
2435 66
2435 69
2435 64
2435 67
2435 66
2435 69
2435 64
2435 67
2435 70
2435 65
2435 69
2435 67
2435 69
2435 67
2435 66
2435 70
2435 67
2435 62
2435 66
2435 66
2435 64
2435 67
2435 71
2435 66
2435 64
2435 64
2435 67
2435 69
2435 67
2435 69
2435 70
2435 66
2435 70
2435 67
2435 66
2435 67
2435 67
2435 67
2435 67
2435 71
2435 67
2435 67
2435 66
2435 66
2435 67
2435 71
2435 65
2435 66
2435 69
2435 66
2435 67
2435 67
2435 69
2435 66
2435 67
2435 66
2435 69
2435 69
2435 65
2435 69
2435 69
2435 69
2435 67
2435 70
2435 71
2435 64
2435 67
2435 67
2435 67
2435 66
2435 66
2435 67
2435 67
2435 69
2435 64
2435 66
2435 69
2435 65
2435 67
2435 67
2435 66
2435 66
2435 67
2440 66
2440 67
2440 63
2440 64
2440 69
2440 63
2440 64
2440 64
2440 64
2440 63
2440 65
2440 66
2440 63
2440 64
2440 64
2440 63
2440 65
2440 63
2440 64
2440 67
2440 62
2440 63
2440 64
2440 66
2440 64
2440 64
2440 63
2440 63
2440 63
2440 62
2440 63
2440 63
2440 67
2440 63
2440 66
2440 62
2440 64
2440 64
2440 67
2440 64
2440 64
2440 63
2440 62
2440 63
2440 65
2440 67
2440 63
2440 69
2440 62
2440 63
2440 66
2440 64
2440 64
2440 63
2440 65
2440 70
2440 64
2440 63
2440 66
2440 64
2440 63
2440 62
2440 63
2440 61
2440 65
2440 64
2440 66
2440 65
2440 63
2440 62
2440 67
2440 67
2440 66
2440 63
2440 67
2440 62
2440 62
2440 64
2440 67
2440 65
2440 65
2440 65
2440 63
2440 64
2440 61
2440 64
2440 64
2440 65
2440 64
2440 67
2440 64
2440 63
2440 62
2440 64
2440 63
2440 65
2440 67
2440 63
2440 63
2440 65
2445 62
2445 62
2445 64
2445 61
2445 63
2445 63
2445 64
2445 64
2445 63
2445 62
2445 66
2445 65
2445 63
2445 60
2445 62
2445 63
2445 62
2445 63
2445 62
2445 61
2445 62
2445 62
2445 63
2445 63
2445 64
2445 62
2445 62
2445 63
2445 63
2445 61
2445 61
2445 64
2445 62
2445 62
2445 61
2445 63
2445 62
2445 62
2445 63
2445 63
2445 62
2445 64
2445 63
2445 62
2445 63
2445 64
2445 62
2445 62
2445 62
2445 61
2445 65
2445 61
2445 63
2445 64
2445 63
2445 62
2445 62
2445 62
2445 63
2445 63
2445 62
2445 63
2445 64
2445 63
2445 62
2445 63
2445 64
2445 64
2445 60
2445 62
2445 62
2445 62
2445 62
2445 63
2445 59
2445 63
2445 61
2445 63
2445 63
2445 62
2445 62
2445 63
2445 62
2445 65
2445 64
2445 64
2445 62
2445 62
2445 62
2445 63
2445 64
2445 63
2445 60
2445 64
2445 62
2445 62
2445 63
2445 65
2445 60
2445 63
2450 60
2450 60
2450 61
2450 62
2450 60
2450 60
2450 61
2450 61
2450 61
2450 62
2450 63
2450 60
2450 60
2450 63
2450 62
2450 61
2450 61
2450 61
2450 62
2450 60
2450 61
2450 61
2450 59
2450 58
2450 60
2450 61
2450 63
2450 61
2450 60
2450 62
2450 61
2450 60
2450 61
2450 60
2450 62
2450 60
2450 57
2450 61
2450 62
2450 60
2450 57
2450 58
2450 62
2450 62
2450 60
2450 62
2450 60
2450 63
2450 58
2450 61
2450 61
2450 60
2450 61
2450 60
2450 62
2450 61
2450 62
2450 56
2450 63
2450 60
2450 60
2450 59
2450 61
2450 62
2450 61
2450 62
2450 61
2450 61
2450 60
2450 57
2450 60
2450 60
2450 60
2450 58
2450 62
2450 60
2450 62
2450 59
2450 57
2450 62
2450 60
2450 56
2450 61
2450 60
2450 60
2450 63
2450 60
2450 62
2450 61
2450 58
2450 60
2450 59
2450 57
2450 60
2450 62
2450 61
2450 63
2450 61
2450 62
2455 55
2455 59
2455 59
2455 57
2455 56
2455 60
2455 60
2455 56
2455 57
2455 60
2455 58
2455 60
2455 62
2455 60
2455 57
2455 59
2455 61
2455 60
2455 59
2455 57
2455 60
2455 60
2455 59
2455 61
2455 60
2455 57
2455 57
2455 57
2455 61
2455 57
2455 58
2455 62
2455 59
2455 58
2455 61
2455 58
2455 59
2455 57
2455 60
2455 58
2455 57
2455 58
2455 60
2455 58
2455 60
2455 58
2455 56
2455 58
2455 61
2455 56
2455 56
2455 59
2455 60
2455 58
2455 57
2455 54
2455 59
2455 62
2455 57
2455 60
2455 57
2455 62
2455 57
2455 59
2455 60
2455 59
2455 57
2455 60
2455 56
2455 61
2455 60
2455 60
2455 59
2455 60
2455 58
2455 57
2455 55
2455 56
2455 62
2455 55
2455 57
2455 59
2455 57
2455 60
2455 58
2455 60
2455 60
2455 60
2455 60
2455 55
2455 58
2455 59
2455 58
2455 59
2455 58
2455 60
2455 60
2455 57
2455 59
2455 53
2460 54
2460 56
2460 57
2460 56
2460 56
2460 54
2460 58
2460 58
2460 56
2460 56
2460 56
2460 58
2460 54
2460 56
2460 55
2460 58
2460 56
2460 56
2460 56
2460 57
2460 57
2460 60
2460 56
2460 57
2460 58
2460 55
2460 59
2460 57
2460 56
2460 57
2460 56
2460 56
2460 59
2460 58
2460 57
2460 56
2460 58
2460 59
2460 56
2460 54
2460 55
2460 57
2460 56
2460 58
2460 59
2460 55
2460 56
2460 56
2460 55
2460 57
2460 58
2460 52
2460 56
2460 54
2460 58
2460 58
2460 53
2460 58
2460 57
2460 55
2460 58
2460 56
2460 56
2460 57
2460 55
2460 58
2460 56
2460 54
2460 57
2460 58
2460 58
2460 57
2460 57
2460 55
2460 55
2460 55
2460 57
2460 55
2460 56
2460 57
2460 52
2460 55
2460 56
2460 60
2460 57
2460 58
2460 57
2460 58
2460 52
2460 54
2460 56
2460 56
2460 57
2460 59
2460 56
2460 56
2460 54
2460 58
2460 56
2465 56
2465 53
2465 56
2465 53
2465 53
2465 52
2465 55
2465 54
2465 55
2465 53
2465 57
2465 53
2465 56
2465 54
2465 54
2465 60
2465 53
2465 56
2465 53
2465 52
2465 53
2465 52
2465 54
2465 49
2465 56
2465 56
2465 53
2465 52
2465 51
2465 53
2465 53
2465 55
2465 56
2465 54
2465 54
2465 53
2465 54
2465 55
2465 55
2465 55
2465 52
2465 53
2465 52
2465 52
2465 54
2465 53
2465 53
2465 54
2465 55
2465 52
2465 52
2465 54
2465 52
2465 53
2465 56
2465 54
2465 55
2465 56
2465 53
2465 56
2465 55
2465 53
2465 56
2465 55
2465 52
2465 54
2465 54
2465 56
2465 56
2465 54
2465 53
2465 50
2465 56
2465 55
2465 53
2465 56
2465 55
2465 53
2465 54
2465 56
2465 52
2465 53
2465 52
2465 56
2465 52
2465 52
2465 55
2465 55
2465 54
2465 52
2465 54
2465 51
2465 51
2465 56
2465 54
2465 57
2465 52
2465 53
2465 54
2465 54
2470 54
2470 49
2470 53
2470 52
2470 53
2470 53
2470 51
2470 53
2470 52
2470 53
2470 52
2470 50
2470 52
2470 55
2470 49
2470 49
2470 52
2470 50
2470 54
2470 53
2470 54
2470 52
2470 52
2470 53
2470 54
2470 54
2470 54
2470 52
2470 53
2470 52
2470 51
2470 54
2470 51
2470 54
2470 52
2470 52
2470 51
2470 52
2470 53
2470 50
2470 52
2470 52
2470 52
2470 52
2470 52
2470 54
2470 50
2470 54
2470 52
2470 52
2470 52
2470 55
2470 52
2470 53
2470 52
2470 56
2470 53
2470 50
2470 54
2470 53
2470 53
2470 52
2470 55
2470 53
2470 50
2470 55
2470 52
2470 50
2470 53
2470 53
2470 54
2470 50
2470 53
2470 52
2470 53
2470 52
2470 53
2470 52
2470 48
2470 53
2470 53
2470 53
2470 51
2470 54
2470 52
2470 52
2470 54
2470 51
2470 55
2470 52
2470 53
2470 55
2470 54
2470 51
2470 52
2470 52
2470 55
2470 52
2470 53
2475 51
2475 49
2475 49
2475 50
2475 51
2475 49
2475 49
2475 53
2475 50
2475 49
2475 51
2475 50
2475 47
2475 49
2475 49
2475 52
2475 51
2475 49
2475 49
2475 52
2475 55
2475 53
2475 48
2475 51
2475 49
2475 49
2475 48
2475 49
2475 50
2475 53
2475 52
2475 53
2475 54
2475 50
2475 54
2475 48
2475 51
2475 50
2475 51
2475 52
2475 51
2475 46
2475 49
2475 48
2475 48
2475 47
2475 50
2475 53
2475 55
2475 50
2475 50
2475 54
2475 50
2475 56
2475 50
2475 50
2475 50
2475 50
2475 50
2475 53
2475 49
2475 53
2475 49
2475 52
2475 51
2475 49
2475 51
2475 51
2475 50
2475 50
2475 52
2475 48
2475 51
2475 51
2475 50
2475 52
2475 50
2475 48
2475 50
2475 50
2475 52
2475 49
2475 52
2475 52
2475 51
2475 49
2475 50
2475 50
2475 52
2475 51
2475 51
2475 47
2475 52
2475 51
2475 52
2475 52
2475 54
2475 52
2475 50
2475 51
2480 45
2480 51
2480 48
2480 47
2480 49
2480 50
2480 49
2480 49
2480 48
2480 45
2480 49
2480 48
2480 49
2480 45
2480 48
2480 48
2480 48
2480 47
2480 51
2480 42
2480 49
2480 48
2480 47
2480 48
2480 47
2480 49
2480 52
2480 45
2480 50
2480 49
2480 52
2480 49
2480 48
2480 50
2480 51
2480 50
2480 46
2480 48
2480 47
2480 42
2480 45
2480 47
2480 50
2480 47
2480 47
2480 49
2480 47
2480 47
2480 47
2480 46
2480 48
2480 47
2480 49
2480 50
2480 47
2480 51
2480 48
2480 48
2480 45
2480 47
2480 47
2480 49
2480 49
2480 49
2480 43
2480 47
2480 46
2480 47
2480 47
2480 48
2480 49
2480 49
2480 48
2480 47
2480 47
2480 48
2480 50
2480 45
2480 48
2480 47
2480 49
2480 48
2480 52
2480 46
2480 49
2480 42
2480 48
2480 48
2480 46
2480 48
2480 47
2480 47
2480 48
2480 47
2480 48
2480 48
2480 47
2480 43
2480 49
2480 48
2485 43
2485 43
2485 47
2485 44
2485 46
2485 46
2485 43
2485 46
2485 43
2485 47
2485 47
2485 44
2485 43
2485 49
2485 45
2485 49
2485 46
2485 46
2485 44
2485 46
2485 45
2485 43
2485 43
2485 46
2485 47
2485 47
2485 46
2485 43
2485 44
2485 46
2485 46
2485 43
2485 47
2485 45
2485 46
2485 46
2485 43
2485 48
2485 43
2485 48
2485 45
2485 46
2485 46
2485 46
2485 48
2485 42
2485 47
2485 47
2485 47
2485 43
2485 43
2485 42
2485 44
2485 49
2485 47
2485 42
2485 48
2485 46
2485 43
2485 43
2485 44
2485 43
2485 48
2485 47
2485 46
2485 46
2485 42
2485 43
2485 45
2485 44
2485 41
2485 43
2485 45
2485 48
2485 47
2485 45
2485 47
2485 47
2485 49
2485 49
2485 44
2485 43
2485 43
2485 45
2485 46
2485 43
2485 46
2485 48
2485 48
2485 45
2485 45
2485 46
2485 46
2485 47
2485 46
2485 42
2485 49
2485 46
2485 48
2485 48
2490 42
2490 42
2490 45
2490 46
2490 42
2490 46
2490 42
2490 43
2490 42
2490 46
2490 43
2490 47
2490 44
2490 43
2490 42
2490 43
2490 41
2490 44
2490 43
2490 47
2490 46
2490 42
2490 43
2490 44
2490 44
2490 43
2490 42
2490 42
2490 42
2490 43
2490 44
2490 43
2490 42
2490 39
2490 46
2490 41
2490 44
2490 47
2490 39
2490 44
2490 45
2490 43
2490 43
2490 47
2490 43
2490 42
2490 43
2490 43
2490 42
2490 41
2490 43
2490 48
2490 42
2490 42
2490 42
2490 42
2490 43
2490 45
2490 43
2490 46
2490 42
2490 43
2490 47
2490 43
2490 46
2490 48
2490 45
2490 43
2490 43
2490 46
2490 43
2490 42
2490 43
2490 42
2490 42
2490 43
2490 43
2490 41
2490 45
2490 42
2490 41
2490 42
2490 45
2490 43
2490 44
2490 42
2490 43
2490 43
2490 46
2490 47
2490 44
2490 41
2490 43
2490 41
2490 42
2490 44
2490 43
2490 43
2490 44
2490 46
2495 43
2495 42
2495 40
2495 43
2495 39
2495 43
2495 42
2495 43
2495 40
2495 42
2495 41
2495 45
2495 39
2495 42
2495 42
2495 43
2495 45
2495 41
2495 42
2495 42
2495 43
2495 42
2495 40
2495 42
2495 42
2495 39
2495 39
2495 43
2495 43
2495 41
2495 42
2495 41
2495 41
2495 42
2495 42
2495 42
2495 43
2495 42
2495 39
2495 42
2495 43
2495 42
2495 40
2495 42
2495 42
2495 39
2495 42
2495 41
2495 41
2495 39
2495 42
2495 39
2495 39
2495 40
2495 41
2495 41
2495 42
2495 39
2495 43
2495 39
2495 39
2495 43
2495 39
2495 42
2495 41
2495 42
2495 42
2495 46
2495 42
2495 41
2495 42
2495 41
2495 42
2495 42
2495 37
2495 41
2495 42
2495 42
2495 43
2495 42
2495 42
2495 39
2495 43
2495 42
2495 42
2495 42
2495 43
2495 43
2495 42
2495 42
2495 41
2495 41
2495 41
2495 42
2495 42
2495 42
2495 42
2495 43
2495 42
2500 39
2500 41
2500 41
2500 41
2500 38
2500 37
2500 39
2500 38
2500 39
2500 35
2500 42
2500 38
2500 39
2500 39
2500 39
2500 35
2500 37
2500 40
2500 38
2500 39
2500 41
2500 39
2500 43
2500 35
2500 39
2500 38
2500 39
2500 39
2500 38
2500 42
2500 42
2500 42
2500 42
2500 41
2500 41
2500 39
2500 43
2500 39
2500 42
2500 38
2500 40
2500 39
2500 41
2500 41
2500 39
2500 39
2500 41
2500 41
2500 38
2500 39
2500 35
2500 43
2500 39
2500 37
2500 38
2500 39
2500 39
2500 39
2500 38
2500 41
2500 38
2500 37
2500 39
2500 39
2500 37
2500 41
2500 41
2500 40
2500 40
2500 39
2500 39
2500 38
2500 39
2500 39
2500 41
2500 39
2500 38
2500 38
2500 42
2500 42
2500 38
2500 42
2500 41
2500 41
2500 40
2500 43
2500 39
2500 41
2500 40
2500 37
2500 41
2500 41
2500 39
2500 41
2500 39
2500 42
2500 41
2500 40
2500 41
2505 39
2505 38
2505 39
2505 37
2505 38
2505 37
2505 39
2505 37
2505 37
2505 37
2505 38
2505 35
2505 38
2505 39
2505 37
2505 34
2505 38
2505 39
2505 39
2505 37
2505 35
2505 37
2505 38
2505 38
2505 39
2505 37
2505 35
2505 33
2505 39
2505 34
2505 39
2505 35
2505 39
2505 38
2505 39
2505 38
2505 37
2505 38
2505 37
2505 38
2505 39
2505 38
2505 39
2505 38
2505 37
2505 37
2505 41
2505 38
2505 39
2505 32
2505 41
2505 39
2505 38
2505 38
2505 38
2505 37
2505 39
2505 39
2505 37
2505 39
2505 38
2505 40
2505 39
2505 38
2505 38
2505 35
2505 33
2505 37
2505 35
2505 39
2505 38
2505 37
2505 42
2505 38
2505 37
2505 37
2505 39
2505 37
2505 38
2505 39
2505 38
2505 38
2505 38
2505 35
2505 38
2505 39
2505 38
2505 38
2505 37
2505 38
2505 41
2505 38
2505 37
2505 42
2505 37
2505 39
2505 38
2505 35
2505 40
2505 39
2510 37
2510 38
2510 32
2510 35
2510 38
2510 38
2510 33
2510 34
2510 37
2510 35
2510 37
2510 37
2510 35
2510 35
2510 33
2510 35
2510 37
2510 35
2510 35
2510 35
2510 35
2510 38
2510 38
2510 37
2510 35
2510 35
2510 39
2510 32
2510 32
2510 32
2510 35
2510 40
2510 38
2510 34
2510 38
2510 35
2510 35
2510 38
2510 38
2510 33
2510 38
2510 35
2510 38
2510 38
2510 31
2510 37
2510 34
2510 38
2510 38
2510 38
2510 32
2510 33
2510 35
2510 33
2510 35
2510 34
2510 37
2510 35
2510 38
2510 35
2510 38
2510 37
2510 35
2510 35
2510 39
2510 37
2510 31
2510 39
2510 38
2510 37
2510 35
2510 35
2510 34
2510 37
2510 37
2510 35
2510 37
2510 37
2510 34
2510 32
2510 39
2510 38
2510 39
2510 34
2510 35
2510 35
2510 33
2510 35
2510 35
2510 34
2510 38
2510 35
2510 38
2510 35
2510 37
2510 35
2510 35
2510 37
2510 35
2510 35
2515 34
2515 33
2515 35
2515 33
2515 31
2515 32
2515 32
2515 37
2515 33
2515 31
2515 35
2515 32
2515 34
2515 34
2515 33
2515 34
2515 31
2515 35
2515 32
2515 32
2515 32
2515 30
2515 32
2515 35
2515 35
2515 30
2515 34
2515 30
2515 31
2515 34
2515 35
2515 30
2515 35
2515 34
2515 31
2515 35
2515 33
2515 34
2515 31
2515 33
2515 30
2515 38
2515 34
2515 35
2515 30
2515 33
2515 33
2515 32
2515 33
2515 32
2515 35
2515 34
2515 34
2515 38
2515 32
2515 32
2515 31
2515 35
2515 35
2515 33
2515 30
2515 34
2515 33
2515 32
2515 31
2515 34
2515 38
2515 37
2515 32
2515 35
2515 30
2515 34
2515 34
2515 33
2515 34
2515 33
2515 34
2515 31
2515 35
2515 32
2515 35
2515 35
2515 31
2515 32
2515 31
2515 32
2515 35
2515 35
2515 37
2515 32
2515 33
2515 35
2515 34
2515 37
2515 34
2515 32
2515 34
2515 31
2515 31
2515 35
2520 30
2520 30
2520 29
2520 31
2520 33
2520 31
2520 31
2520 34
2520 31
2520 32
2520 31
2520 31
2520 31
2520 30
2520 32
2520 33
2520 31
2520 32
2520 30
2520 32
2520 32
2520 33
2520 30
2520 29
2520 32
2520 31
2520 31
2520 28
2520 31
2520 31
2520 29
2520 31
2520 30
2520 32
2520 32
2520 31
2520 31
2520 31
2520 30
2520 32
2520 30
2520 31
2520 30
2520 31
2520 31
2520 28
2520 30
2520 31
2520 29
2520 30
2520 31
2520 29
2520 32
2520 30
2520 31
2520 34
2520 31
2520 31
2520 31
2520 31
2520 30
2520 33
2520 30
2520 32
2520 31
2520 30
2520 32
2520 32
2520 32
2520 31
2520 30
2520 30
2520 33
2520 31
2520 31
2520 31
2520 33
2520 32
2520 34
2520 32
2520 30
2520 32
2520 33
2520 30
2520 32
2520 31
2520 31
2520 28
2520 31
2520 33
2520 28
2520 29
2520 31
2520 30
2520 31
2520 30
2520 32
2520 31
2525 30
2525 30
2525 30
2525 28
2525 31
2525 30
2525 32
2525 30
2525 31
2525 29
2525 31
2525 30
2525 29
2525 28
2525 29
2525 25
2525 30
2525 30
2525 30
2525 30
2525 30
2525 31
2525 31
2525 28
2525 28
2525 30
2525 30
2525 30
2525 29
2525 28
2525 30
2525 30
2525 30
2525 29
2525 32
2525 30
2525 28
2525 31
2525 32
2525 29
2525 28
2525 28
2525 28
2525 26
2525 28
2525 29
2525 26
2525 28
2525 26
2525 28
2525 28
2525 28
2525 27
2525 28
2525 30
2525 29
2525 24
2525 30
2525 30
2525 29
2525 30
2525 30
2525 31
2525 30
2525 30
2525 30
2525 31
2525 30
2525 32
2525 24
2525 28
2525 30
2525 31
2525 30
2525 27
2525 30
2525 31
2525 30
2525 30
2525 28
2525 30
2525 29
2525 28
2525 31
2525 27
2525 29
2525 29
2525 32
2525 30
2525 30
2525 30
2525 29
2525 30
2525 30
2525 29
2525 28
2525 31
2525 28
2525 30
2525 34
2530 25
2530 30
2530 28
2530 28
2530 28
2530 29
2530 26
2530 28
2530 26
2530 26
2530 30
2530 29
2530 29
2530 29
2530 26
2530 30
2530 28
2530 30
2530 24
2530 25
2530 26
2530 28
2530 24
2530 27
2530 26
2530 28
2530 27
2530 30
2530 28
2530 27
2530 28
2530 27
2530 26
2530 28
2530 30
2530 28
2530 28
2530 30
2530 28
2530 28
2530 26
2530 28
2530 22
2530 28
2530 29
2530 29
2530 28
2530 24
2530 27
2530 26
2530 26
2530 28
2530 28
2530 25
2530 27
2530 31
2530 25
2530 28
2530 27
2530 26
2530 28
2530 24
2530 31
2530 31
2530 29
2530 28
2530 24
2530 25
2530 28
2530 28
2530 31
2530 25
2530 30
2530 24
2530 28
2530 28
2530 28
2530 28
2530 28
2530 25
2530 28
2530 28
2530 27
2530 31
2530 28
2530 28
2530 28
2530 28
2530 28
2530 27
2530 28
2530 29
2530 28
2530 28
2530 30
2530 25
2530 30
2530 28
2530 29
2530 26
2535 26
2535 28
2535 25
2535 25
2535 27
2535 24
2535 25
2535 27
2535 26
2535 28
2535 24
2535 23
2535 25
2535 24
2535 27
2535 28
2535 26
2535 23
2535 27
2535 27
2535 30
2535 23
2535 25
2535 25
2535 25
2535 27
2535 27
2535 22
2535 26
2535 25
2535 26
2535 24
2535 24
2535 26
2535 28
2535 28
2535 22
2535 25
2535 27
2535 25
2535 26
2535 24
2535 28
2535 28
2535 26
2535 22
2535 26
2535 26
2535 26
2535 22
2535 28
2535 28
2535 23
2535 26
2535 26
2535 21
2535 27
2535 27
2535 25
2535 25
2535 27
2535 28
2535 27
2535 30
2535 24
2535 24
2535 19
2535 21
2535 27
2535 25
2535 25
2535 25
2535 24
2535 24
2535 26
2535 25
2535 27
2535 24
2535 25
2535 26
2535 25
2535 24
2535 28
2535 25
2535 24
2535 24
2535 25
2535 26
2535 27
2535 25
2535 24
2535 26
2535 23
2535 24
2535 25
2535 28
2535 28
2535 25
2535 24
2535 24
2540 20
2540 25
2540 24
2540 22
2540 25
2540 23
2540 23
2540 23
2540 21
2540 18
2540 23
2540 23
2540 20
2540 24
2540 22
2540 26
2540 24
2540 22
2540 24
2540 22
2540 27
2540 22
2540 21
2540 21
2540 18
2540 24
2540 22
2540 22
2540 24
2540 25
2540 22
2540 22
2540 23
2540 24
2540 23
2540 21
2540 21
2540 24
2540 24
2540 25
2540 23
2540 23
2540 21
2540 24
2540 20
2540 23
2540 25
2540 24
2540 22
2540 25
2540 23
2540 21
2540 22
2540 23
2540 24
2540 24
2540 23
2540 22
2540 24
2540 23
2540 22
2540 20
2540 24
2540 20
2540 24
2540 23
2540 20
2540 24
2540 17
2540 26
2540 22
2540 25
2540 22
2540 26
2540 23
2540 23
2540 24
2540 24
2540 24
2540 20
2540 26
2540 23
2540 23
2540 26
2540 25
2540 24
2540 23
2540 22
2540 24
2540 26
2540 22
2540 22
2540 25
2540 23
2540 23
2540 24
2540 25
2540 21
2540 23
2540 19
2545 21
2545 24
2545 22
2545 21
2545 20
2545 24
2545 22
2545 22
2545 22
2545 23
2545 22
2545 21
2545 21
2545 21
2545 20
2545 24
2545 21
2545 20
2545 20
2545 19
2545 22
2545 24
2545 21
2545 21
2545 20
2545 21
2545 23
2545 21
2545 20
2545 21
2545 17
2545 21
2545 19
2545 20
2545 21
2545 20
2545 21
2545 22
2545 18
2545 17
2545 22
2545 22
2545 23
2545 21
2545 22
2545 23
2545 21
2545 16
2545 21
2545 21
2545 20
2545 23
2545 23
2545 20
2545 21
2545 21
2545 23
2545 22
2545 21
2545 16
2545 19
2545 21
2545 20
2545 19
2545 22
2545 21
2545 20
2545 21
2545 22
2545 21
2545 22
2545 23
2545 20
2545 21
2545 21
2545 20
2545 21
2545 21
2545 18
2545 22
2545 20
2545 22
2545 18
2545 23
2545 21
2545 23
2545 20
2545 21
2545 22
2545 23
2545 19
2545 22
2545 22
2545 20
2545 21
2545 21
2545 21
2545 20
2545 22
2545 20
2550 19
2550 17
2550 20
2550 19
2550 20
2550 20
2550 20
2550 21
2550 18
2550 21
2550 16
2550 20
2550 20
2550 17
2550 20
2550 20
2550 21
2550 16
2550 22
2550 20
2550 17
2550 19
2550 20
2550 21
2550 18
2550 20
2550 17
2550 19
2550 18
2550 19
2550 17
2550 21
2550 16
2550 20
2550 20
2550 17
2550 20
2550 19
2550 18
2550 19
2550 19
2550 19
2550 16
2550 18
2550 18
2550 20
2550 17
2550 20
2550 21
2550 20
2550 19
2550 20
2550 21
2550 22
2550 20
2550 17
2550 20
2550 19
2550 17
2550 20
2550 20
2550 17
2550 20
2550 19
2550 19
2550 22
2550 21
2550 21
2550 17
2550 20
2550 19
2550 17
2550 18
2550 19
2550 20
2550 17
2550 17
2550 17
2550 20
2550 21
2550 17
2550 20
2550 16
2550 19
2550 19
2550 17
2550 17
2550 22
2550 19
2550 18
2550 21
2550 18
2550 22
2550 21
2550 19
2550 19
2550 20
2550 20
2550 19
2550 20
2555 18
2555 18
2555 17
2555 18
2555 16
2555 16
2555 17
2555 15
2555 17
2555 20
2555 15
2555 19
2555 16
2555 20
2555 14
2555 16
2555 17
2555 18
2555 17
2555 17
2555 16
2555 17
2555 13
2555 19
2555 19
2555 17
2555 16
2555 19
2555 16
2555 17
2555 17
2555 17
2555 20
2555 20
2555 16
2555 16
2555 17
2555 15
2555 18
2555 17
2555 18
2555 17
2555 17
2555 16
2555 16
2555 17
2555 14
2555 16
2555 19
2555 18
2555 19
2555 17
2555 17
2555 16
2555 18
2555 17
2555 12
2555 17
2555 17
2555 15
2555 16
2555 13
2555 16
2555 17
2555 17
2555 17
2555 19
2555 17
2555 20
2555 18
2555 20
2555 20
2555 16
2555 16
2555 14
2555 17
2555 18
2555 17
2555 17
2555 18
2555 20
2555 16
2555 19
2555 20
2555 18
2555 17
2555 19
2555 19
2555 16
2555 11
2555 17
2555 18
2555 18
2555 17
2555 15
2555 17
2555 15
2555 17
2555 19
2555 20
2560 13
2560 19
2560 17
2560 17
2560 16
2560 16
2560 11
2560 15
2560 15
2560 14
2560 15
2560 16
2560 15
2560 19
2560 16
2560 14
2560 17
2560 17
2560 15
2560 16
2560 14
2560 14
2560 15
2560 13
2560 11
2560 13
2560 11
2560 16
2560 16
2560 14
2560 14
2560 18
2560 17
2560 11
2560 16
2560 18
2560 16
2560 11
2560 14
2560 16
2560 15
2560 15
2560 14
2560 18
2560 14
2560 14
2560 14
2560 11
2560 15
2560 16
2560 15
2560 15
2560 16
2560 15
2560 16
2560 10
2560 15
2560 13
2560 18
2560 15
2560 14
2560 15
2560 17
2560 15
2560 15
2560 14
2560 16
2560 16
2560 20
2560 12
2560 13
2560 15
2560 15
2560 17
2560 15
2560 15
2560 17
2560 16
2560 14
2560 16
2560 17
2560 17
2560 18
2560 16
2560 17
2560 15
2560 16
2560 13
2560 13
2560 15
2560 14
2560 11
2560 13
2560 16
2560 17
2560 16
2560 17
2560 19
2560 16
2560 11
2565 15
2565 11
2565 17
2565 15
2565 10
2565 13
2565 11
2565 14
2565 14
2565 14
2565 10
2565 11
2565 13
2565 15
2565 11
2565 14
2565 15
2565 16
2565 15
2565 11
2565 14
2565 14
2565 13
2565 11
2565 10
2565 11
2565 11
2565 11
2565 14
2565 14
2565 13
2565 10
2565 11
2565 10
2565 16
2565 13
2565 11
2565 13
2565 10
2565 15
2565 14
2565 11
2565 13
2565 10
2565 14
2565 14
2565 11
2565 15
2565 11
2565 14
2565 14
2565 11
2565 11
2565 11
2565 15
2565 10
2565 15
2565 15
2565 13
2565 14
2565 14
2565 11
2565 14
2565 13
2565 15
2565 11
2565 11
2565 13
2565 14
2565 15
2565 13
2565 14
2565 11
2565 11
2565 14
2565 15
2565 13
2565 10
2565 13
2565 11
2565 13
2565 13
2565 13
2565 15
2565 13
2565 14
2565 11
2565 10
2565 13
2565 11
2565 13
2565 10
2565 11
2565 11
2565 13
2565 13
2565 14
2565 11
2565 11
2565 13
2570 9
2570 10
2570 11
2570 11
2570 10
2570 13
2570 14
2570 12
2570 11
2570 12
2570 9
2570 10
2570 9
2570 12
2570 10
2570 9
2570 15
2570 11
2570 10
2570 10
2570 11
2570 14
2570 13
2570 10
2570 11
2570 11
2570 10
2570 14
2570 11
2570 11
2570 12
2570 13
2570 11
2570 11
2570 11
2570 11
2570 10
2570 11
2570 11
2570 7
2570 11
2570 9
2570 11
2570 12
2570 11
2570 9
2570 10
2570 9
2570 11
2570 13
2570 7
2570 10
2570 11
2570 15
2570 11
2570 14
2570 10
2570 10
2570 12
2570 12
2570 10
2570 9
2570 11
2570 15
2570 10
2570 10
2570 10
2570 10
2570 15
2570 11
2570 11
2570 10
2570 10
2570 13
2570 11
2570 13
2570 10
2570 14
2570 10
2570 10
2570 6
2570 11
2570 11
2570 13
2570 11
2570 7
2570 13
2570 11
2570 14
2570 11
2570 11
2570 11
2570 10
2570 14
2570 11
2570 11
2570 13
2570 13
2570 10
2575 7
2575 9
2575 10
2575 11
2575 9
2575 10
2575 11
2575 8
2575 10
2575 6
2575 11
2575 10
2575 10
2575 11
2575 9
2575 9
2575 7
2575 13
2575 10
2575 9
2575 10
2575 10
2575 11
2575 9
2575 7
2575 10
2575 10
2575 11
2575 10
2575 10
2575 11
2575 10
2575 10
2575 9
2575 6
2575 11
2575 10
2575 10
2575 10
2575 10
2575 9
2575 10
2575 7
2575 7
2575 10
2575 8
2575 10
2575 10
2575 6
2575 7
2575 10
2575 10
2575 11
2575 10
2575 8
2575 10
2575 6
2575 8
2575 9
2575 10
2575 9
2575 10
2575 10
2575 7
2575 10
2575 10
2575 7
2575 10
2575 10
2575 10
2575 10
2575 5
2575 7
2575 11
2575 10
2575 10
2575 10
2575 9
2575 8
2575 11
2575 9
2575 9
2575 9
2575 9
2575 8
2575 10
2575 8
2575 10
2575 10
2575 9
2575 9
2575 10
2575 11
2575 8
2575 10
2575 10
2575 9
2575 9
2575 10
2580 7
2580 7
2580 7
2580 6
2580 7
2580 6
2580 7
2580 7
2580 7
2580 9
2580 9
2580 7
2580 3
2580 10
2580 5
2580 5
2580 8
2580 5
2580 7
2580 6
2580 5
2580 5
2580 5
2580 7
2580 6
2580 5
2580 8
2580 3
2580 7
2580 5
2580 8
2580 5
2580 7
2580 3
2580 7
2580 6
2580 6
2580 7
2580 6
2580 3
2580 6
2580 9
2580 6
2580 6
2580 7
2580 7
2580 7
2580 7
2580 6
2580 7
2580 3
2580 8
2580 6
2580 6
2580 3
2580 6
2580 3
2580 9
2580 10
2580 6
2580 3
2580 6
2580 8
2580 5
2580 11
2580 7
2580 6
2580 6
2580 6
2580 7
2580 9
2580 7
2580 6
2580 7
2580 6
2580 6
2580 5
2580 9
2580 3
2580 6
2580 7
2580 6
2580 9
2580 9
2580 9
2580 5
2580 5
2580 3
2580 9
2580 5
2580 7
2580 3
2580 6
2580 6
2580 3
2580 7
2580 7
2585 3
2585 3
2585 3
2585 3
2585 5
2585 5
2585 5
2585 6
2585 5
2585 6
2585 5
2585 4
2585 6
2585 3
2585 3
2585 5
2585 3
2585 5
2585 6
2585 3
2585 6
2585 3
2585 5
2585 3
2585 5
2585 5
2585 7
2585 6
2585 3
2585 5
2585 3
2585 7
2585 3
2585 6
2585 3
2585 5
2585 3
2585 6
2585 3
2585 6
2585 6
2585 6
2585 5
2585 5
2585 9
2585 6
2585 3
2585 6
2585 3
2585 3
2585 6
2585 3
2585 3
2585 5
2585 6
2585 3
2585 6
2585 5
2585 3
2585 5
2585 5
2585 7
2585 3
2585 3
2585 6
2585 3
2585 6
2585 6
2585 5
2590 3
2590 5
2590 3
2590 3
2590 3
2590 3
2590 3
2590 5
2590 3
2590 3
2590 3
2590 7
2590 3
2590 3
2590 3
2590 5
2590 3
2590 5
2590 3
2590 3
2590 3
2590 3
2590 3
2590 3
2590 3
2590 3
2590 3
2590 9
2590 3
2590 3
2590 7
2590 5
2590 3
2590 4
2590 3
2590 3
2590 5
2590 3
2590 5
