TOA measurement vs Delay ---- Mon Jun 15 01:23:36 2020
Pixel = 9
config file = config/asic_config_B4.yml
NofIterations = 100
LSBest = 22.65789533620057
mean value = [  0.           0.           0.           0.           0.
   0.           0.           0.           0.           0.
   0.           0.           0.           0.           0.
   0.           0.           0.           0.           0.
   0.           0.           0.           0.           0.
   0.           0.           0.           0.           0.
   0.           0.           0.           0.           0.
   0.           0.           0.           0.         125.68478261
 122.69       120.35       119.04       117.         113.81632653
 112.24       110.68       108.64       106.09183673 103.92929293
 101.39        99.59        96.58        95.12        93.02
  91.04        88.11111111  86.4         84.63        82.24
  80.19191919  78.51        76.7         74.67        71.98
  69.46        67.85        65.63        63.5         61.3
  59.2         57.02020202  55.9         53.58        51.72
  49.62        47.51        45.23        43.29        41.47
  38.41414141  36.23        34.3         32.03        30.05
  27.81818182  25.61        23.99        21.29292929  18.83
  17.03030303  15.31313131  12.38        10.27         8.24
   5.23232323   0.           0.           0.           0.        ]
sigma = [0.         0.         0.         0.         0.         0.
 0.         0.         0.         0.         0.         0.
 0.         0.         0.         0.         0.         0.
 0.         0.         0.         0.         0.         0.
 0.         0.         0.         0.         0.         0.
 0.         0.         0.         0.         0.         0.
 0.         0.         0.         0.54698146 0.58071795 0.55752429
 0.61784572 0.49492373 0.64571226 0.51549329 0.54857391 0.56011903
 0.49836607 0.64161295 0.58415181 0.60434538 0.62203966 0.43466462
 0.61881607 0.42630193 0.42673032 0.58594653 0.59702038 0.55293158
 0.48828224 0.65820463 0.55976185 0.55175478 0.66553237 0.57596296
 0.45916591 0.59702038 0.57735027 0.65828059 0.51316014 0.37885521
 0.4163332  0.57178084 0.6818602  0.56474183 0.57726366 0.51032669
 0.53780418 0.57657032 0.62174569 0.51032669 0.59441848 0.3353108
 0.64096282 0.50229044 0.7623866  0.30534134 0.5573662  0.53332292
 0.39130823 0.5462723  0.59911045 0.52955957 0.62107434 0.53092796
 0.         0.         0.         0.        ]
Pulse delay   TOA 
2335 24
2340 21
2345 18
2350 17
2355 15
2360 108
2395 126
2395 126
2395 126
2395 126
2395 126
2395 125
2395 126
2395 125
2395 126
2395 126
2395 126
2395 126
2395 126
2395 125
2395 126
2395 126
2395 126
2395 126
2395 126
2395 126
2395 125
2395 126
2395 126
2395 126
2395 126
2395 126
2395 126
2395 126
2395 126
2395 126
2395 126
2395 126
2395 126
2395 126
2395 126
2395 126
2395 125
2395 126
2395 126
2395 126
2395 126
2395 125
2395 125
2395 126
2395 126
2395 125
2395 126
2395 126
2395 126
2395 125
2395 125
2395 125
2395 126
2395 125
2395 126
2395 126
2395 125
2395 126
2395 126
2395 126
2395 126
2395 125
2395 125
2395 126
2395 126
2395 125
2395 125
2395 125
2395 126
2395 125
2395 125
2395 125
2395 125
2395 126
2395 125
2395 125
2395 125
2395 126
2395 126
2395 126
2395 125
2395 125
2395 126
2395 125
2395 126
2395 126
2395 126
2395 125
2395 126
2395 126
2395 126
2395 126
2400 123
2400 122
2400 122
2400 122
2400 122
2400 123
2400 123
2400 122
2400 122
2400 123
2400 123
2400 123
2400 123
2400 122
2400 123
2400 123
2400 123
2400 122
2400 123
2400 122
2400 123
2400 123
2400 123
2400 123
2400 123
2400 123
2400 123
2400 122
2400 123
2400 122
2400 123
2400 122
2400 123
2400 123
2400 123
2400 123
2400 123
2400 123
2400 123
2400 123
2400 122
2400 123
2400 123
2400 123
2400 122
2400 123
2400 121
2400 123
2400 123
2400 122
2400 123
2400 123
2400 123
2400 123
2400 123
2400 122
2400 123
2400 122
2400 122
2400 122
2400 123
2400 123
2400 123
2400 123
2400 122
2400 122
2400 123
2400 123
2400 123
2400 123
2400 123
2400 123
2400 122
2400 122
2400 123
2400 123
2400 123
2400 123
2400 123
2400 123
2400 122
2400 123
2400 123
2400 123
2400 123
2400 123
2400 123
2400 123
2400 123
2400 123
2400 121
2400 123
2400 122
2400 123
2400 123
2400 123
2400 122
2400 122
2400 123
2400 123
2405 120
2405 120
2405 120
2405 120
2405 121
2405 121
2405 120
2405 121
2405 120
2405 121
2405 120
2405 121
2405 120
2405 120
2405 121
2405 120
2405 121
2405 121
2405 120
2405 120
2405 120
2405 121
2405 120
2405 121
2405 121
2405 120
2405 120
2405 121
2405 121
2405 120
2405 121
2405 120
2405 120
2405 120
2405 120
2405 120
2405 121
2405 120
2405 120
2405 120
2405 120
2405 120
2405 120
2405 121
2405 121
2405 121
2405 120
2405 120
2405 120
2405 120
2405 121
2405 121
2405 120
2405 120
2405 121
2405 120
2405 120
2405 121
2405 121
2405 120
2405 120
2405 120
2405 121
2405 120
2405 120
2405 120
2405 120
2405 121
2405 120
2405 121
2405 120
2405 121
2405 121
2405 120
2405 120
2405 121
2405 120
2405 120
2405 120
2405 120
2405 120
2405 120
2405 121
2405 120
2405 121
2405 120
2405 120
2405 120
2405 121
2405 120
2405 121
2405 120
2405 120
2405 120
2405 121
2405 120
2405 120
2405 120
2405 120
2405 121
2410 119
2410 119
2410 119
2410 119
2410 120
2410 118
2410 120
2410 119
2410 119
2410 119
2410 119
2410 120
2410 119
2410 120
2410 118
2410 119
2410 119
2410 119
2410 118
2410 119
2410 118
2410 119
2410 119
2410 119
2410 120
2410 119
2410 119
2410 119
2410 119
2410 119
2410 120
2410 119
2410 118
2410 118
2410 119
2410 119
2410 119
2410 119
2410 118
2410 119
2410 119
2410 118
2410 119
2410 119
2410 119
2410 119
2410 119
2410 119
2410 119
2410 119
2410 118
2410 120
2410 119
2410 119
2410 119
2410 119
2410 120
2410 119
2410 119
2410 120
2410 119
2410 119
2410 119
2410 119
2410 120
2410 119
2410 119
2410 119
2410 118
2410 119
2410 120
2410 119
2410 119
2410 118
2410 119
2410 119
2410 120
2410 119
2410 119
2410 119
2410 119
2410 119
2410 119
2410 120
2410 119
2410 120
2410 119
2410 120
2410 119
2410 119
2410 119
2410 119
2410 119
2410 119
2410 118
2410 120
2410 120
2410 118
2410 119
2410 119
2415 117
2415 117
2415 117
2415 116
2415 117
2415 118
2415 117
2415 117
2415 117
2415 117
2415 117
2415 117
2415 117
2415 117
2415 117
2415 117
2415 117
2415 117
2415 117
2415 116
2415 117
2415 117
2415 117
2415 118
2415 117
2415 117
2415 117
2415 117
2415 117
2415 118
2415 117
2415 117
2415 116
2415 117
2415 117
2415 117
2415 117
2415 117
2415 117
2415 117
2415 117
2415 118
2415 117
2415 117
2415 116
2415 117
2415 117
2415 117
2415 117
2415 117
2415 116
2415 117
2415 117
2415 117
2415 117
2415 117
2415 117
2415 117
2415 117
2415 118
2415 118
2415 117
2415 117
2415 117
2415 117
2415 117
2415 117
2415 117
2415 117
2415 118
2415 117
2415 117
2415 116
2415 117
2415 117
2415 117
2415 117
2415 116
2415 117
2415 118
2415 117
2415 117
2415 117
2415 117
2415 117
2415 117
2415 117
2415 117
2415 117
2415 117
2415 117
2415 117
2415 117
2415 117
2415 117
2415 117
2415 117
2415 117
2415 116
2420 114
2420 114
2420 114
2420 113
2420 113
2420 114
2420 114
2420 114
2420 115
2420 114
2420 114
2420 114
2420 114
2420 113
2420 114
2420 114
2420 114
2420 114
2420 113
2420 114
2420 114
2420 114
2420 114
2420 114
2420 113
2420 114
2420 113
2420 114
2420 114
2420 114
2420 114
2420 114
2420 115
2420 114
2420 115
2420 114
2420 114
2420 114
2420 114
2420 115
2420 113
2420 114
2420 113
2420 114
2420 114
2420 115
2420 114
2420 114
2420 113
2420 113
2420 114
2420 113
2420 113
2420 113
2420 113
2420 114
2420 114
2420 114
2420 114
2420 113
2420 113
2420 114
2420 113
2420 114
2420 113
2420 114
2420 114
2420 113
2420 114
2420 114
2420 114
2420 114
2420 114
2420 115
2420 113
2420 113
2420 114
2420 114
2420 114
2420 113
2420 114
2420 113
2420 114
2420 114
2420 114
2420 113
2420 114
2420 115
2420 113
2420 113
2420 114
2420 115
2420 115
2420 114
2420 114
2420 114
2420 113
2420 114
2425 113
2425 112
2425 113
2425 113
2425 112
2425 112
2425 113
2425 113
2425 112
2425 112
2425 112
2425 112
2425 112
2425 113
2425 113
2425 112
2425 112
2425 112
2425 112
2425 112
2425 112
2425 112
2425 112
2425 112
2425 112
2425 112
2425 112
2425 112
2425 112
2425 112
2425 113
2425 112
2425 112
2425 113
2425 112
2425 113
2425 112
2425 112
2425 112
2425 112
2425 112
2425 112
2425 112
2425 112
2425 113
2425 112
2425 112
2425 112
2425 112
2425 112
2425 113
2425 112
2425 113
2425 112
2425 112
2425 112
2425 112
2425 112
2425 112
2425 112
2425 113
2425 112
2425 112
2425 112
2425 113
2425 112
2425 113
2425 112
2425 112
2425 112
2425 112
2425 113
2425 112
2425 112
2425 113
2425 113
2425 113
2425 112
2425 112
2425 112
2425 112
2425 113
2425 112
2425 112
2425 112
2425 112
2425 112
2425 113
2425 112
2425 112
2425 112
2425 112
2425 112
2425 112
2425 112
2425 112
2425 113
2425 112
2425 113
2425 112
2430 110
2430 110
2430 110
2430 111
2430 111
2430 111
2430 110
2430 111
2430 111
2430 111
2430 111
2430 111
2430 111
2430 111
2430 111
2430 111
2430 111
2430 111
2430 110
2430 110
2430 110
2430 111
2430 111
2430 111
2430 110
2430 111
2430 110
2430 110
2430 111
2430 111
2430 110
2430 110
2430 111
2430 111
2430 111
2430 111
2430 110
2430 111
2430 111
2430 110
2430 111
2430 111
2430 111
2430 111
2430 110
2430 110
2430 111
2430 111
2430 111
2430 110
2430 110
2430 111
2430 111
2430 111
2430 111
2430 110
2430 111
2430 110
2430 110
2430 111
2430 110
2430 110
2430 111
2430 111
2430 111
2430 111
2430 111
2430 111
2430 110
2430 110
2430 111
2430 110
2430 111
2430 110
2430 111
2430 111
2430 111
2430 111
2430 111
2430 111
2430 111
2430 111
2430 111
2430 110
2430 111
2430 111
2430 111
2430 111
2430 110
2430 111
2430 111
2430 110
2430 111
2430 110
2430 111
2430 110
2430 111
2430 111
2430 111
2430 111
2435 109
2435 108
2435 108
2435 109
2435 109
2435 109
2435 108
2435 109
2435 109
2435 108
2435 109
2435 108
2435 109
2435 108
2435 109
2435 109
2435 109
2435 109
2435 108
2435 108
2435 109
2435 109
2435 109
2435 108
2435 108
2435 109
2435 108
2435 108
2435 109
2435 108
2435 109
2435 108
2435 109
2435 109
2435 109
2435 109
2435 109
2435 109
2435 109
2435 109
2435 109
2435 109
2435 109
2435 109
2435 108
2435 108
2435 108
2435 109
2435 108
2435 109
2435 109
2435 109
2435 108
2435 109
2435 109
2435 108
2435 108
2435 108
2435 109
2435 109
2435 109
2435 109
2435 109
2435 108
2435 108
2435 108
2435 109
2435 109
2435 109
2435 109
2435 108
2435 108
2435 109
2435 109
2435 109
2435 108
2435 109
2435 108
2435 108
2435 109
2435 109
2435 109
2435 109
2435 109
2435 108
2435 108
2435 109
2435 109
2435 109
2435 109
2435 108
2435 109
2435 108
2435 108
2435 109
2435 109
2435 109
2435 109
2435 109
2435 108
2440 106
2440 107
2440 106
2440 106
2440 106
2440 106
2440 106
2440 106
2440 107
2440 106
2440 106
2440 106
2440 106
2440 106
2440 106
2440 106
2440 106
2440 106
2440 107
2440 106
2440 106
2440 106
2440 107
2440 106
2440 106
2440 106
2440 106
2440 106
2440 106
2440 106
2440 105
2440 106
2440 106
2440 106
2440 107
2440 107
2440 106
2440 106
2440 106
2440 106
2440 106
2440 106
2440 106
2440 106
2440 106
2440 107
2440 106
2440 105
2440 106
2440 107
2440 106
2440 106
2440 106
2440 106
2440 105
2440 106
2440 106
2440 106
2440 105
2440 106
2440 106
2440 106
2440 106
2440 106
2440 106
2440 106
2440 106
2440 106
2440 106
2440 107
2440 106
2440 106
2440 107
2440 106
2440 106
2440 106
2440 107
2440 107
2440 106
2440 106
2440 106
2440 106
2440 106
2440 106
2440 106
2440 106
2440 106
2440 106
2440 106
2440 106
2440 107
2440 106
2440 106
2440 106
2440 106
2440 106
2440 106
2440 106
2445 105
2445 104
2445 104
2445 104
2445 103
2445 104
2445 104
2445 105
2445 104
2445 103
2445 104
2445 104
2445 105
2445 104
2445 105
2445 104
2445 104
2445 103
2445 104
2445 103
2445 104
2445 104
2445 105
2445 105
2445 104
2445 104
2445 104
2445 104
2445 104
2445 104
2445 104
2445 103
2445 104
2445 104
2445 104
2445 103
2445 103
2445 105
2445 104
2445 105
2445 103
2445 104
2445 103
2445 103
2445 104
2445 104
2445 104
2445 104
2445 104
2445 103
2445 104
2445 104
2445 104
2445 104
2445 104
2445 104
2445 103
2445 104
2445 104
2445 104
2445 104
2445 104
2445 103
2445 104
2445 104
2445 103
2445 104
2445 104
2445 104
2445 105
2445 104
2445 103
2445 104
2445 105
2445 103
2445 104
2445 104
2445 104
2445 104
2445 104
2445 104
2445 103
2445 103
2445 103
2445 103
2445 104
2445 105
2445 104
2445 104
2445 104
2445 104
2445 105
2445 104
2445 104
2445 104
2445 104
2445 105
2445 104
2445 104
2450 101
2450 102
2450 102
2450 101
2450 101
2450 102
2450 102
2450 102
2450 102
2450 101
2450 102
2450 101
2450 101
2450 102
2450 101
2450 101
2450 101
2450 101
2450 102
2450 102
2450 101
2450 102
2450 102
2450 101
2450 101
2450 101
2450 102
2450 101
2450 102
2450 102
2450 101
2450 101
2450 101
2450 101
2450 102
2450 101
2450 101
2450 102
2450 101
2450 103
2450 102
2450 102
2450 101
2450 101
2450 101
2450 101
2450 101
2450 101
2450 101
2450 101
2450 102
2450 101
2450 101
2450 101
2450 101
2450 101
2450 102
2450 101
2450 101
2450 102
2450 101
2450 101
2450 101
2450 101
2450 101
2450 101
2450 101
2450 102
2450 102
2450 101
2450 102
2450 101
2450 102
2450 101
2450 101
2450 101
2450 101
2450 102
2450 101
2450 101
2450 102
2450 101
2450 102
2450 102
2450 102
2450 101
2450 102
2450 101
2450 101
2450 102
2450 101
2450 102
2450 101
2450 101
2450 102
2450 102
2450 101
2450 101
2450 101
2450 102
2455 99
2455 99
2455 100
2455 100
2455 99
2455 100
2455 100
2455 99
2455 100
2455 99
2455 100
2455 100
2455 100
2455 99
2455 100
2455 99
2455 100
2455 100
2455 100
2455 100
2455 100
2455 100
2455 100
2455 100
2455 100
2455 100
2455 100
2455 99
2455 100
2455 100
2455 99
2455 100
2455 100
2455 100
2455 100
2455 99
2455 100
2455 100
2455 100
2455 100
2455 100
2455 99
2455 100
2455 100
2455 99
2455 99
2455 99
2455 99
2455 100
2455 99
2455 100
2455 99
2455 100
2455 100
2455 100
2455 99
2455 100
2455 100
2455 100
2455 98
2455 99
2455 99
2455 100
2455 100
2455 100
2455 99
2455 100
2455 99
2455 100
2455 99
2455 99
2455 99
2455 100
2455 99
2455 100
2455 100
2455 100
2455 99
2455 100
2455 100
2455 100
2455 99
2455 99
2455 100
2455 100
2455 99
2455 99
2455 99
2455 100
2455 100
2455 99
2455 100
2455 100
2455 99
2455 100
2455 99
2455 100
2455 99
2455 98
2455 99
2460 98
2460 96
2460 96
2460 97
2460 96
2460 96
2460 96
2460 97
2460 96
2460 97
2460 97
2460 97
2460 96
2460 97
2460 96
2460 97
2460 96
2460 97
2460 97
2460 96
2460 97
2460 96
2460 97
2460 96
2460 97
2460 97
2460 96
2460 96
2460 96
2460 97
2460 97
2460 96
2460 97
2460 96
2460 96
2460 96
2460 97
2460 97
2460 97
2460 97
2460 96
2460 97
2460 96
2460 96
2460 97
2460 98
2460 96
2460 96
2460 97
2460 97
2460 97
2460 96
2460 96
2460 97
2460 97
2460 96
2460 97
2460 96
2460 96
2460 96
2460 96
2460 97
2460 96
2460 98
2460 96
2460 96
2460 96
2460 97
2460 97
2460 97
2460 96
2460 97
2460 96
2460 96
2460 97
2460 97
2460 96
2460 96
2460 97
2460 96
2460 97
2460 96
2460 97
2460 97
2460 97
2460 96
2460 97
2460 97
2460 97
2460 97
2460 97
2460 97
2460 97
2460 97
2460 96
2460 97
2460 97
2460 96
2460 97
2460 97
2465 95
2465 95
2465 95
2465 95
2465 95
2465 95
2465 95
2465 95
2465 95
2465 95
2465 95
2465 95
2465 95
2465 95
2465 95
2465 95
2465 96
2465 95
2465 95
2465 95
2465 96
2465 95
2465 95
2465 95
2465 95
2465 95
2465 95
2465 96
2465 95
2465 95
2465 95
2465 95
2465 95
2465 95
2465 95
2465 95
2465 95
2465 96
2465 95
2465 95
2465 95
2465 95
2465 95
2465 95
2465 95
2465 95
2465 96
2465 95
2465 95
2465 95
2465 95
2465 95
2465 95
2465 95
2465 95
2465 95
2465 95
2465 96
2465 96
2465 95
2465 95
2465 95
2465 95
2465 95
2465 95
2465 95
2465 95
2465 95
2465 95
2465 95
2465 96
2465 96
2465 95
2465 96
2465 95
2465 95
2465 95
2465 95
2465 95
2465 95
2465 95
2465 95
2465 95
2465 95
2465 95
2465 95
2465 95
2465 95
2465 95
2465 95
2465 96
2465 95
2465 96
2465 95
2465 95
2465 95
2465 95
2465 95
2465 95
2465 95
2470 94
2470 93
2470 93
2470 93
2470 93
2470 93
2470 93
2470 93
2470 92
2470 92
2470 93
2470 93
2470 93
2470 93
2470 93
2470 92
2470 93
2470 93
2470 93
2470 93
2470 93
2470 95
2470 94
2470 93
2470 92
2470 94
2470 93
2470 94
2470 93
2470 93
2470 93
2470 93
2470 93
2470 94
2470 93
2470 92
2470 93
2470 92
2470 93
2470 93
2470 93
2470 93
2470 93
2470 93
2470 93
2470 93
2470 93
2470 93
2470 93
2470 93
2470 93
2470 92
2470 93
2470 93
2470 93
2470 94
2470 93
2470 94
2470 93
2470 93
2470 94
2470 93
2470 93
2470 93
2470 93
2470 93
2470 93
2470 93
2470 93
2470 92
2470 93
2470 93
2470 93
2470 93
2470 93
2470 93
2470 94
2470 93
2470 93
2470 93
2470 92
2470 94
2470 93
2470 92
2470 93
2470 93
2470 93
2470 93
2470 92
2470 93
2470 94
2470 93
2470 93
2470 94
2470 92
2470 94
2470 92
2470 93
2470 93
2470 93
2475 92
2475 91
2475 91
2475 91
2475 91
2475 91
2475 91
2475 91
2475 91
2475 91
2475 91
2475 91
2475 91
2475 91
2475 92
2475 91
2475 91
2475 91
2475 91
2475 91
2475 91
2475 91
2475 91
2475 91
2475 91
2475 91
2475 92
2475 91
2475 91
2475 92
2475 92
2475 91
2475 90
2475 91
2475 91
2475 91
2475 91
2475 91
2475 91
2475 91
2475 91
2475 91
2475 91
2475 91
2475 91
2475 91
2475 91
2475 91
2475 91
2475 91
2475 91
2475 91
2475 91
2475 90
2475 91
2475 91
2475 91
2475 91
2475 91
2475 91
2475 91
2475 91
2475 91
2475 91
2475 91
2475 91
2475 91
2475 91
2475 91
2475 91
2475 91
2475 91
2475 91
2475 91
2475 91
2475 91
2475 91
2475 91
2475 91
2475 91
2475 91
2475 92
2475 90
2475 91
2475 91
2475 91
2475 91
2475 91
2475 91
2475 91
2475 91
2475 91
2475 91
2475 91
2475 92
2475 91
2475 91
2475 91
2475 91
2475 91
2480 88
2480 88
2480 88
2480 88
2480 88
2480 88
2480 88
2480 88
2480 88
2480 88
2480 88
2480 88
2480 88
2480 88
2480 88
2480 88
2480 89
2480 88
2480 88
2480 88
2480 88
2480 88
2480 88
2480 88
2480 88
2480 88
2480 88
2480 88
2480 88
2480 88
2480 88
2480 88
2480 88
2480 88
2480 88
2480 88
2480 88
2480 88
2480 88
2480 88
2480 88
2480 88
2480 88
2480 88
2480 88
2480 89
2480 89
2480 89
2480 88
2480 88
2480 88
2480 88
2480 88
2480 88
2480 89
2480 88
2480 88
2480 89
2480 88
2480 88
2480 88
2480 88
2480 88
2480 88
2480 88
2480 88
2480 88
2480 89
2480 88
2480 88
2480 88
2480 89
2480 88
2480 89
2480 88
2480 88
2480 88
2480 88
2480 88
2480 88
2480 88
2480 88
2480 88
2480 89
2480 88
2480 88
2480 88
2480 88
2480 88
2480 88
2480 88
2480 88
2480 88
2480 88
2480 88
2480 88
2480 89
2480 88
2480 88
2485 86
2485 86
2485 87
2485 87
2485 87
2485 87
2485 86
2485 87
2485 86
2485 86
2485 86
2485 87
2485 86
2485 86
2485 86
2485 87
2485 86
2485 87
2485 86
2485 86
2485 87
2485 86
2485 86
2485 87
2485 86
2485 86
2485 86
2485 86
2485 87
2485 87
2485 86
2485 86
2485 86
2485 86
2485 87
2485 86
2485 87
2485 86
2485 87
2485 86
2485 86
2485 86
2485 88
2485 86
2485 86
2485 87
2485 87
2485 87
2485 86
2485 86
2485 87
2485 86
2485 87
2485 86
2485 86
2485 86
2485 86
2485 86
2485 87
2485 86
2485 86
2485 87
2485 86
2485 86
2485 87
2485 86
2485 86
2485 86
2485 87
2485 87
2485 86
2485 86
2485 86
2485 86
2485 86
2485 87
2485 86
2485 86
2485 87
2485 87
2485 87
2485 86
2485 87
2485 86
2485 86
2485 87
2485 86
2485 87
2485 87
2485 86
2485 86
2485 87
2485 87
2485 87
2485 86
2485 87
2485 86
2485 87
2485 86
2485 86
2490 85
2490 85
2490 85
2490 84
2490 84
2490 84
2490 85
2490 83
2490 85
2490 85
2490 85
2490 85
2490 85
2490 85
2490 85
2490 84
2490 85
2490 85
2490 85
2490 84
2490 85
2490 85
2490 85
2490 85
2490 85
2490 84
2490 84
2490 84
2490 86
2490 84
2490 85
2490 85
2490 85
2490 84
2490 85
2490 85
2490 85
2490 85
2490 85
2490 85
2490 85
2490 85
2490 85
2490 84
2490 85
2490 84
2490 85
2490 85
2490 84
2490 84
2490 85
2490 85
2490 85
2490 85
2490 84
2490 85
2490 84
2490 85
2490 85
2490 84
2490 85
2490 85
2490 85
2490 85
2490 85
2490 84
2490 85
2490 85
2490 84
2490 85
2490 84
2490 84
2490 85
2490 84
2490 84
2490 84
2490 85
2490 84
2490 85
2490 85
2490 85
2490 85
2490 85
2490 85
2490 85
2490 84
2490 84
2490 84
2490 84
2490 84
2490 85
2490 84
2490 85
2490 84
2490 84
2490 85
2490 84
2490 84
2490 84
2490 85
2495 82
2495 82
2495 82
2495 82
2495 83
2495 83
2495 82
2495 82
2495 82
2495 82
2495 82
2495 82
2495 82
2495 82
2495 83
2495 82
2495 83
2495 83
2495 82
2495 82
2495 82
2495 82
2495 82
2495 82
2495 82
2495 82
2495 82
2495 82
2495 82
2495 82
2495 82
2495 82
2495 82
2495 82
2495 82
2495 83
2495 82
2495 82
2495 83
2495 82
2495 82
2495 82
2495 82
2495 82
2495 82
2495 83
2495 83
2495 82
2495 83
2495 82
2495 82
2495 82
2495 82
2495 82
2495 82
2495 83
2495 82
2495 82
2495 83
2495 82
2495 82
2495 83
2495 83
2495 82
2495 82
2495 82
2495 83
2495 82
2495 82
2495 82
2495 83
2495 83
2495 82
2495 82
2495 81
2495 82
2495 82
2495 82
2495 82
2495 82
2495 82
2495 83
2495 83
2495 83
2495 83
2495 83
2495 83
2495 82
2495 82
2495 82
2495 82
2495 83
2495 82
2495 82
2495 82
2495 82
2495 82
2495 81
2495 83
2495 83
2500 80
2500 80
2500 81
2500 80
2500 80
2500 80
2500 80
2500 80
2500 81
2500 81
2500 80
2500 80
2500 81
2500 80
2500 81
2500 80
2500 80
2500 80
2500 80
2500 81
2500 80
2500 80
2500 81
2500 81
2500 81
2500 80
2500 80
2500 80
2500 80
2500 80
2500 80
2500 81
2500 80
2500 80
2500 80
2500 80
2500 80
2500 80
2500 80
2500 81
2500 80
2500 81
2500 80
2500 80
2500 80
2500 80
2500 80
2500 80
2500 80
2500 80
2500 81
2500 80
2500 80
2500 80
2500 80
2500 81
2500 80
2500 80
2500 80
2500 80
2500 80
2500 80
2500 80
2500 80
2500 80
2500 80
2500 80
2500 80
2500 80
2500 80
2500 80
2500 81
2500 81
2500 81
2500 80
2500 80
2500 80
2500 80
2500 80
2500 80
2500 80
2500 80
2500 80
2500 80
2500 80
2500 81
2500 81
2500 80
2500 80
2500 80
2500 80
2500 80
2500 80
2500 80
2500 80
2500 80
2500 80
2500 80
2500 80
2505 78
2505 78
2505 78
2505 78
2505 78
2505 78
2505 79
2505 78
2505 79
2505 79
2505 79
2505 77
2505 79
2505 79
2505 79
2505 79
2505 78
2505 79
2505 79
2505 78
2505 78
2505 77
2505 79
2505 78
2505 78
2505 79
2505 79
2505 79
2505 79
2505 78
2505 79
2505 79
2505 79
2505 78
2505 79
2505 78
2505 79
2505 79
2505 79
2505 79
2505 79
2505 78
2505 79
2505 78
2505 78
2505 78
2505 79
2505 79
2505 77
2505 79
2505 78
2505 78
2505 79
2505 78
2505 78
2505 80
2505 78
2505 78
2505 78
2505 79
2505 79
2505 78
2505 78
2505 78
2505 79
2505 79
2505 79
2505 79
2505 79
2505 79
2505 79
2505 79
2505 78
2505 79
2505 78
2505 79
2505 79
2505 79
2505 79
2505 79
2505 78
2505 78
2505 78
2505 79
2505 78
2505 78
2505 78
2505 77
2505 78
2505 79
2505 78
2505 79
2505 79
2505 79
2505 78
2505 79
2505 78
2505 78
2505 79
2505 79
2510 77
2510 77
2510 77
2510 76
2510 77
2510 77
2510 77
2510 77
2510 77
2510 77
2510 77
2510 75
2510 76
2510 77
2510 77
2510 77
2510 77
2510 77
2510 77
2510 77
2510 77
2510 76
2510 76
2510 77
2510 76
2510 77
2510 77
2510 77
2510 77
2510 77
2510 76
2510 76
2510 77
2510 77
2510 77
2510 77
2510 77
2510 77
2510 76
2510 76
2510 77
2510 76
2510 77
2510 76
2510 76
2510 77
2510 77
2510 76
2510 76
2510 76
2510 77
2510 77
2510 77
2510 77
2510 77
2510 77
2510 77
2510 76
2510 77
2510 77
2510 77
2510 77
2510 77
2510 76
2510 77
2510 76
2510 77
2510 77
2510 77
2510 77
2510 76
2510 77
2510 77
2510 77
2510 77
2510 77
2510 76
2510 77
2510 77
2510 76
2510 77
2510 76
2510 77
2510 76
2510 77
2510 77
2510 76
2510 77
2510 77
2510 77
2510 76
2510 77
2510 77
2510 76
2510 76
2510 77
2510 77
2510 77
2510 76
2510 77
2515 74
2515 75
2515 74
2515 75
2515 74
2515 75
2515 75
2515 75
2515 75
2515 75
2515 74
2515 75
2515 75
2515 74
2515 74
2515 75
2515 75
2515 75
2515 75
2515 75
2515 74
2515 75
2515 75
2515 75
2515 75
2515 75
2515 74
2515 74
2515 74
2515 75
2515 74
2515 75
2515 75
2515 75
2515 75
2515 74
2515 75
2515 75
2515 74
2515 75
2515 75
2515 75
2515 75
2515 75
2515 75
2515 74
2515 75
2515 75
2515 75
2515 75
2515 75
2515 75
2515 74
2515 75
2515 75
2515 75
2515 74
2515 74
2515 74
2515 75
2515 75
2515 74
2515 74
2515 75
2515 75
2515 74
2515 75
2515 75
2515 75
2515 75
2515 75
2515 74
2515 74
2515 75
2515 75
2515 75
2515 74
2515 74
2515 74
2515 75
2515 75
2515 74
2515 75
2515 75
2515 75
2515 75
2515 75
2515 75
2515 74
2515 75
2515 74
2515 74
2515 75
2515 75
2515 75
2515 75
2515 74
2515 74
2515 74
2515 75
2520 73
2520 72
2520 71
2520 72
2520 73
2520 73
2520 72
2520 71
2520 72
2520 72
2520 72
2520 71
2520 72
2520 73
2520 72
2520 73
2520 72
2520 72
2520 72
2520 72
2520 72
2520 72
2520 71
2520 72
2520 72
2520 73
2520 72
2520 72
2520 73
2520 72
2520 71
2520 73
2520 72
2520 72
2520 73
2520 71
2520 72
2520 72
2520 71
2520 71
2520 72
2520 72
2520 72
2520 73
2520 73
2520 73
2520 72
2520 72
2520 72
2520 73
2520 73
2520 71
2520 71
2520 73
2520 71
2520 72
2520 72
2520 72
2520 72
2520 71
2520 72
2520 72
2520 72
2520 72
2520 72
2520 71
2520 71
2520 72
2520 72
2520 72
2520 72
2520 71
2520 71
2520 72
2520 72
2520 72
2520 72
2520 72
2520 72
2520 72
2520 72
2520 73
2520 72
2520 72
2520 73
2520 72
2520 72
2520 71
2520 71
2520 72
2520 72
2520 71
2520 72
2520 72
2520 72
2520 72
2520 72
2520 72
2520 72
2520 72
2525 70
2525 69
2525 69
2525 70
2525 70
2525 70
2525 69
2525 69
2525 69
2525 70
2525 69
2525 70
2525 69
2525 70
2525 70
2525 69
2525 70
2525 70
2525 70
2525 70
2525 69
2525 69
2525 70
2525 69
2525 69
2525 70
2525 70
2525 69
2525 69
2525 69
2525 70
2525 69
2525 70
2525 70
2525 69
2525 70
2525 70
2525 69
2525 70
2525 69
2525 70
2525 70
2525 70
2525 69
2525 69
2525 69
2525 70
2525 70
2525 70
2525 69
2525 70
2525 69
2525 69
2525 69
2525 69
2525 70
2525 69
2525 69
2525 69
2525 69
2525 69
2525 70
2525 70
2525 69
2525 70
2525 69
2525 69
2525 69
2525 69
2525 69
2525 69
2525 70
2525 69
2525 70
2525 70
2525 70
2525 70
2525 69
2525 69
2525 69
2525 70
2525 69
2525 69
2525 69
2525 69
2525 69
2525 69
2525 69
2525 69
2525 70
2525 70
2525 70
2525 70
2525 69
2525 70
2525 69
2525 70
2525 69
2525 70
2525 70
2530 68
2530 68
2530 68
2530 68
2530 68
2530 68
2530 68
2530 68
2530 68
2530 68
2530 68
2530 68
2530 67
2530 68
2530 68
2530 68
2530 68
2530 68
2530 68
2530 68
2530 68
2530 68
2530 68
2530 68
2530 68
2530 68
2530 67
2530 68
2530 68
2530 68
2530 68
2530 68
2530 68
2530 68
2530 67
2530 68
2530 68
2530 68
2530 67
2530 67
2530 67
2530 68
2530 67
2530 68
2530 68
2530 68
2530 68
2530 67
2530 68
2530 68
2530 68
2530 68
2530 68
2530 68
2530 68
2530 68
2530 68
2530 68
2530 68
2530 68
2530 67
2530 68
2530 68
2530 68
2530 68
2530 68
2530 68
2530 68
2530 68
2530 68
2530 68
2530 68
2530 67
2530 68
2530 68
2530 67
2530 68
2530 68
2530 68
2530 67
2530 68
2530 68
2530 68
2530 68
2530 68
2530 68
2530 68
2530 68
2530 68
2530 68
2530 68
2530 67
2530 68
2530 68
2530 68
2530 67
2530 68
2530 68
2530 67
2530 68
2535 66
2535 66
2535 66
2535 65
2535 66
2535 64
2535 65
2535 66
2535 65
2535 66
2535 66
2535 66
2535 66
2535 65
2535 66
2535 66
2535 66
2535 66
2535 66
2535 66
2535 66
2535 66
2535 66
2535 66
2535 66
2535 66
2535 65
2535 66
2535 66
2535 65
2535 65
2535 66
2535 66
2535 66
2535 65
2535 65
2535 66
2535 66
2535 65
2535 65
2535 65
2535 65
2535 66
2535 65
2535 65
2535 65
2535 66
2535 65
2535 66
2535 65
2535 65
2535 66
2535 65
2535 66
2535 66
2535 66
2535 66
2535 65
2535 66
2535 66
2535 65
2535 66
2535 65
2535 65
2535 66
2535 66
2535 66
2535 65
2535 66
2535 66
2535 65
2535 66
2535 66
2535 66
2535 66
2535 65
2535 66
2535 65
2535 65
2535 66
2535 66
2535 65
2535 66
2535 66
2535 65
2535 65
2535 66
2535 66
2535 66
2535 66
2535 65
2535 66
2535 66
2535 67
2535 65
2535 66
2535 65
2535 66
2535 66
2535 65
2540 63
2540 64
2540 64
2540 63
2540 63
2540 64
2540 64
2540 63
2540 63
2540 64
2540 63
2540 63
2540 63
2540 64
2540 63
2540 64
2540 64
2540 64
2540 63
2540 64
2540 63
2540 64
2540 64
2540 64
2540 64
2540 63
2540 63
2540 63
2540 63
2540 63
2540 64
2540 64
2540 64
2540 64
2540 64
2540 64
2540 64
2540 63
2540 64
2540 63
2540 64
2540 63
2540 64
2540 64
2540 64
2540 63
2540 64
2540 63
2540 63
2540 63
2540 64
2540 64
2540 64
2540 63
2540 63
2540 63
2540 64
2540 63
2540 64
2540 64
2540 63
2540 63
2540 64
2540 64
2540 64
2540 63
2540 63
2540 63
2540 64
2540 63
2540 63
2540 64
2540 63
2540 64
2540 64
2540 63
2540 63
2540 64
2540 64
2540 63
2540 63
2540 63
2540 63
2540 64
2540 63
2540 64
2540 63
2540 64
2540 64
2540 63
2540 64
2540 64
2540 63
2540 63
2540 63
2540 64
2540 64
2540 63
2540 63
2540 63
2545 62
2545 61
2545 61
2545 61
2545 62
2545 61
2545 62
2545 62
2545 62
2545 60
2545 61
2545 62
2545 62
2545 61
2545 62
2545 62
2545 61
2545 62
2545 62
2545 60
2545 62
2545 61
2545 62
2545 61
2545 61
2545 61
2545 61
2545 62
2545 61
2545 62
2545 62
2545 61
2545 61
2545 62
2545 60
2545 61
2545 61
2545 60
2545 61
2545 62
2545 61
2545 62
2545 61
2545 62
2545 61
2545 62
2545 62
2545 61
2545 62
2545 62
2545 60
2545 61
2545 61
2545 61
2545 62
2545 61
2545 61
2545 62
2545 62
2545 61
2545 61
2545 61
2545 62
2545 61
2545 62
2545 61
2545 61
2545 62
2545 62
2545 61
2545 61
2545 62
2545 61
2545 61
2545 61
2545 61
2545 62
2545 61
2545 61
2545 61
2545 61
2545 61
2545 61
2545 61
2545 61
2545 61
2545 60
2545 60
2545 61
2545 61
2545 62
2545 62
2545 61
2545 62
2545 61
2545 61
2545 61
2545 61
2545 61
2545 62
2550 59
2550 59
2550 59
2550 60
2550 59
2550 59
2550 60
2550 59
2550 59
2550 59
2550 59
2550 60
2550 60
2550 59
2550 59
2550 59
2550 59
2550 59
2550 60
2550 59
2550 59
2550 60
2550 59
2550 59
2550 60
2550 60
2550 59
2550 59
2550 59
2550 59
2550 59
2550 59
2550 59
2550 59
2550 59
2550 58
2550 59
2550 60
2550 59
2550 60
2550 60
2550 60
2550 59
2550 59
2550 59
2550 60
2550 59
2550 59
2550 59
2550 59
2550 59
2550 59
2550 59
2550 59
2550 59
2550 60
2550 59
2550 59
2550 59
2550 59
2550 59
2550 60
2550 59
2550 59
2550 59
2550 60
2550 59
2550 60
2550 59
2550 59
2550 59
2550 59
2550 59
2550 60
2550 59
2550 59
2550 59
2550 59
2550 59
2550 59
2550 60
2550 59
2550 59
2550 60
2550 59
2550 59
2550 59
2550 59
2550 59
2550 59
2550 59
2550 59
2550 59
2550 59
2550 59
2550 60
2550 59
2550 59
2550 59
2550 59
2555 57
2555 57
2555 57
2555 57
2555 57
2555 57
2555 58
2555 57
2555 57
2555 56
2555 57
2555 57
2555 57
2555 57
2555 57
2555 57
2555 57
2555 57
2555 57
2555 57
2555 57
2555 57
2555 57
2555 57
2555 57
2555 57
2555 57
2555 57
2555 57
2555 57
2555 57
2555 57
2555 57
2555 57
2555 57
2555 57
2555 57
2555 57
2555 57
2555 57
2555 57
2555 57
2555 57
2555 57
2555 57
2555 57
2555 57
2555 57
2555 57
2555 57
2555 57
2555 57
2555 57
2555 57
2555 57
2555 57
2555 57
2555 57
2555 56
2555 57
2555 57
2555 57
2555 57
2555 57
2555 57
2555 57
2555 57
2555 57
2555 57
2555 57
2555 57
2555 57
2555 57
2555 57
2555 57
2555 57
2555 58
2555 57
2555 57
2555 57
2555 57
2555 57
2555 57
2555 57
2555 57
2555 57
2555 57
2555 57
2555 58
2555 57
2555 57
2555 57
2555 57
2555 57
2555 57
2555 57
2555 57
2555 58
2555 57
2560 56
2560 56
2560 56
2560 56
2560 56
2560 56
2560 56
2560 56
2560 56
2560 56
2560 56
2560 56
2560 56
2560 56
2560 56
2560 56
2560 56
2560 56
2560 56
2560 56
2560 56
2560 56
2560 56
2560 56
2560 56
2560 56
2560 56
2560 56
2560 56
2560 56
2560 56
2560 55
2560 56
2560 56
2560 56
2560 56
2560 56
2560 56
2560 55
2560 56
2560 55
2560 56
2560 56
2560 56
2560 56
2560 56
2560 56
2560 56
2560 56
2560 56
2560 56
2560 56
2560 56
2560 56
2560 56
2560 56
2560 56
2560 56
2560 55
2560 56
2560 56
2560 55
2560 55
2560 56
2560 56
2560 56
2560 56
2560 56
2560 56
2560 56
2560 56
2560 56
2560 56
2560 56
2560 56
2560 56
2560 56
2560 56
2560 56
2560 56
2560 56
2560 56
2560 56
2560 55
2560 55
2560 56
2560 56
2560 56
2560 56
2560 55
2560 56
2560 56
2560 56
2560 56
2560 56
2560 56
2560 56
2560 55
2560 56
2560 56
2565 54
2565 53
2565 53
2565 54
2565 53
2565 53
2565 54
2565 54
2565 53
2565 54
2565 54
2565 54
2565 54
2565 54
2565 54
2565 54
2565 54
2565 54
2565 54
2565 53
2565 54
2565 54
2565 54
2565 54
2565 54
2565 54
2565 53
2565 53
2565 53
2565 53
2565 54
2565 54
2565 53
2565 54
2565 54
2565 54
2565 54
2565 54
2565 53
2565 53
2565 54
2565 53
2565 53
2565 54
2565 54
2565 53
2565 53
2565 53
2565 54
2565 54
2565 54
2565 54
2565 54
2565 54
2565 54
2565 54
2565 53
2565 53
2565 54
2565 54
2565 53
2565 53
2565 54
2565 53
2565 54
2565 54
2565 54
2565 54
2565 53
2565 53
2565 54
2565 54
2565 54
2565 53
2565 53
2565 54
2565 53
2565 53
2565 54
2565 54
2565 53
2565 53
2565 53
2565 53
2565 53
2565 53
2565 53
2565 53
2565 53
2565 53
2565 54
2565 53
2565 54
2565 54
2565 54
2565 54
2565 54
2565 53
2565 54
2565 53
2570 53
2570 52
2570 52
2570 53
2570 52
2570 51
2570 52
2570 52
2570 53
2570 53
2570 51
2570 52
2570 53
2570 52
2570 52
2570 52
2570 52
2570 52
2570 52
2570 51
2570 52
2570 51
2570 51
2570 51
2570 52
2570 52
2570 52
2570 51
2570 51
2570 51
2570 52
2570 53
2570 52
2570 52
2570 52
2570 52
2570 52
2570 51
2570 51
2570 53
2570 52
2570 51
2570 51
2570 51
2570 52
2570 52
2570 51
2570 52
2570 52
2570 52
2570 52
2570 51
2570 52
2570 53
2570 51
2570 52
2570 51
2570 52
2570 51
2570 52
2570 51
2570 51
2570 52
2570 52
2570 51
2570 51
2570 52
2570 52
2570 51
2570 52
2570 51
2570 51
2570 52
2570 52
2570 51
2570 51
2570 53
2570 51
2570 52
2570 51
2570 52
2570 52
2570 52
2570 52
2570 52
2570 52
2570 51
2570 51
2570 51
2570 52
2570 52
2570 52
2570 52
2570 51
2570 51
2570 52
2570 52
2570 51
2570 51
2570 52
2575 50
2575 50
2575 50
2575 49
2575 49
2575 50
2575 49
2575 49
2575 50
2575 49
2575 49
2575 50
2575 50
2575 50
2575 50
2575 50
2575 50
2575 50
2575 49
2575 49
2575 50
2575 50
2575 49
2575 50
2575 50
2575 50
2575 49
2575 50
2575 50
2575 50
2575 50
2575 50
2575 49
2575 50
2575 50
2575 50
2575 50
2575 49
2575 50
2575 50
2575 50
2575 50
2575 49
2575 49
2575 49
2575 49
2575 49
2575 50
2575 49
2575 49
2575 50
2575 49
2575 50
2575 49
2575 50
2575 50
2575 49
2575 49
2575 49
2575 50
2575 50
2575 50
2575 50
2575 50
2575 49
2575 49
2575 50
2575 49
2575 50
2575 50
2575 50
2575 49
2575 50
2575 49
2575 49
2575 50
2575 49
2575 49
2575 49
2575 50
2575 49
2575 50
2575 50
2575 50
2575 50
2575 49
2575 50
2575 50
2575 50
2575 49
2575 50
2575 50
2575 50
2575 49
2575 50
2575 50
2575 49
2575 50
2575 50
2575 50
2580 48
2580 47
2580 48
2580 47
2580 47
2580 48
2580 47
2580 47
2580 48
2580 48
2580 47
2580 48
2580 47
2580 47
2580 48
2580 48
2580 47
2580 47
2580 48
2580 48
2580 47
2580 48
2580 48
2580 47
2580 47
2580 47
2580 47
2580 48
2580 48
2580 48
2580 47
2580 47
2580 48
2580 48
2580 47
2580 47
2580 47
2580 48
2580 48
2580 47
2580 48
2580 48
2580 48
2580 47
2580 48
2580 47
2580 47
2580 48
2580 47
2580 48
2580 48
2580 48
2580 48
2580 48
2580 48
2580 47
2580 47
2580 48
2580 47
2580 48
2580 47
2580 48
2580 48
2580 47
2580 48
2580 48
2580 47
2580 48
2580 47
2580 47
2580 48
2580 47
2580 48
2580 47
2580 48
2580 47
2580 47
2580 48
2580 47
2580 47
2580 48
2580 48
2580 47
2580 47
2580 47
2580 48
2580 47
2580 47
2580 48
2580 48
2580 48
2580 48
2580 47
2580 47
2580 47
2580 48
2580 47
2580 48
2580 48
2580 47
2585 45
2585 45
2585 45
2585 45
2585 45
2585 45
2585 46
2585 45
2585 45
2585 46
2585 45
2585 45
2585 46
2585 45
2585 45
2585 45
2585 45
2585 45
2585 45
2585 46
2585 45
2585 45
2585 45
2585 46
2585 45
2585 46
2585 46
2585 46
2585 46
2585 45
2585 45
2585 45
2585 45
2585 45
2585 45
2585 45
2585 45
2585 45
2585 46
2585 46
2585 45
2585 46
2585 45
2585 45
2585 45
2585 45
2585 45
2585 46
2585 45
2585 46
2585 45
2585 45
2585 45
2585 45
2585 45
2585 45
2585 45
2585 45
2585 45
2585 45
2585 45
2585 45
2585 45
2585 45
2585 45
2585 45
2585 46
2585 45
2585 45
2585 46
2585 45
2585 46
2585 45
2585 45
2585 45
2585 45
2585 45
2585 45
2585 45
2585 45
2585 46
2585 45
2585 45
2585 45
2585 45
2585 45
2585 45
2585 45
2585 46
2585 46
2585 45
2585 46
2585 45
2585 45
2585 45
2585 46
2585 45
2585 45
2585 46
2585 45
2590 43
2590 43
2590 44
2590 43
2590 44
2590 44
2590 44
2590 43
2590 43
2590 44
2590 43
2590 43
2590 43
2590 44
2590 43
2590 44
2590 44
2590 43
2590 44
2590 43
2590 43
2590 43
2590 44
2590 43
2590 43
2590 43
2590 43
2590 43
2590 43
2590 44
2590 43
2590 44
2590 43
2590 43
2590 44
2590 44
2590 43
2590 43
2590 44
2590 44
2590 43
2590 43
2590 43
2590 43
2590 43
2590 44
2590 43
2590 43
2590 43
2590 44
2590 43
2590 43
2590 44
2590 44
2590 43
2590 43
2590 43
2590 43
2590 44
2590 43
2590 44
2590 43
2590 44
2590 43
2590 43
2590 43
2590 44
2590 44
2590 43
2590 44
2590 43
2590 43
2590 43
2590 43
2590 43
2590 43
2590 43
2590 43
2590 43
2590 43
2590 44
2590 43
2590 43
2590 43
2590 43
2590 43
2590 43
2590 44
2590 43
2590 43
2590 43
2590 43
2590 43
2590 44
2590 43
2590 43
2590 43
2590 43
2590 43
2590 43
2595 42
2595 41
2595 42
2595 41
2595 41
2595 41
2595 42
2595 42
2595 42
2595 41
2595 41
2595 41
2595 42
2595 42
2595 41
2595 41
2595 41
2595 41
2595 41
2595 42
2595 42
2595 42
2595 41
2595 41
2595 42
2595 42
2595 42
2595 42
2595 42
2595 42
2595 42
2595 41
2595 42
2595 41
2595 42
2595 42
2595 41
2595 42
2595 41
2595 42
2595 41
2595 41
2595 41
2595 41
2595 42
2595 42
2595 42
2595 42
2595 41
2595 41
2595 42
2595 42
2595 41
2595 42
2595 41
2595 41
2595 41
2595 41
2595 42
2595 41
2595 41
2595 42
2595 42
2595 42
2595 41
2595 41
2595 41
2595 41
2595 41
2595 42
2595 42
2595 41
2595 42
2595 41
2595 42
2595 42
2595 41
2595 42
2595 42
2595 42
2595 41
2595 41
2595 42
2595 42
2595 41
2595 41
2595 41
2595 41
2595 41
2595 42
2595 41
2595 41
2595 41
2595 42
2595 41
2595 41
2595 42
2595 41
2595 41
2595 42
2600 38
2600 38
2600 38
2600 39
2600 39
2600 39
2600 39
2600 38
2600 39
2600 39
2600 39
2600 39
2600 38
2600 38
2600 38
2600 38
2600 39
2600 39
2600 38
2600 38
2600 38
2600 39
2600 38
2600 39
2600 39
2600 38
2600 38
2600 39
2600 38
2600 39
2600 39
2600 38
2600 37
2600 38
2600 39
2600 38
2600 39
2600 38
2600 38
2600 39
2600 39
2600 39
2600 39
2600 38
2600 39
2600 38
2600 38
2600 38
2600 38
2600 39
2600 38
2600 39
2600 39
2600 38
2600 38
2600 38
2600 38
2600 39
2600 39
2600 38
2600 39
2600 38
2600 39
2600 39
2600 38
2600 38
2600 39
2600 38
2600 39
2600 38
2600 38
2600 39
2600 38
2600 39
2600 38
2600 39
2600 39
2600 39
2600 39
2600 38
2600 39
2600 38
2600 39
2600 38
2600 38
2600 39
2600 38
2600 38
2600 38
2600 37
2600 39
2600 38
2600 39
2600 38
2600 37
2600 38
2600 38
2600 38
2600 38
2605 36
2605 37
2605 37
2605 36
2605 36
2605 36
2605 36
2605 36
2605 36
2605 36
2605 36
2605 36
2605 36
2605 36
2605 36
2605 36
2605 37
2605 37
2605 36
2605 36
2605 37
2605 36
2605 36
2605 37
2605 37
2605 36
2605 36
2605 37
2605 36
2605 36
2605 36
2605 36
2605 36
2605 37
2605 36
2605 36
2605 37
2605 36
2605 36
2605 36
2605 37
2605 36
2605 36
2605 36
2605 36
2605 36
2605 36
2605 36
2605 37
2605 37
2605 36
2605 36
2605 36
2605 37
2605 36
2605 37
2605 36
2605 36
2605 36
2605 37
2605 36
2605 36
2605 36
2605 36
2605 37
2605 36
2605 36
2605 36
2605 36
2605 37
2605 36
2605 36
2605 36
2605 36
2605 36
2605 36
2605 36
2605 37
2605 36
2605 37
2605 36
2605 37
2605 36
2605 36
2605 36
2605 36
2605 36
2605 36
2605 36
2605 36
2605 37
2605 36
2605 36
2605 37
2605 36
2605 36
2605 36
2605 36
2605 36
2605 36
2610 34
2610 34
2610 35
2610 34
2610 34
2610 34
2610 34
2610 35
2610 34
2610 35
2610 34
2610 34
2610 34
2610 35
2610 35
2610 35
2610 35
2610 34
2610 34
2610 33
2610 35
2610 34
2610 34
2610 34
2610 33
2610 35
2610 34
2610 34
2610 35
2610 35
2610 35
2610 34
2610 35
2610 34
2610 34
2610 34
2610 34
2610 34
2610 35
2610 34
2610 35
2610 34
2610 35
2610 34
2610 34
2610 34
2610 34
2610 35
2610 35
2610 34
2610 35
2610 34
2610 35
2610 34
2610 34
2610 35
2610 34
2610 35
2610 34
2610 34
2610 34
2610 34
2610 35
2610 35
2610 34
2610 34
2610 34
2610 34
2610 34
2610 35
2610 34
2610 34
2610 35
2610 35
2610 34
2610 34
2610 33
2610 34
2610 34
2610 34
2610 34
2610 34
2610 34
2610 34
2610 35
2610 35
2610 34
2610 34
2610 35
2610 34
2610 34
2610 35
2610 34
2610 35
2610 34
2610 34
2610 34
2610 34
2610 34
2610 35
2615 32
2615 32
2615 32
2615 32
2615 32
2615 32
2615 33
2615 32
2615 32
2615 32
2615 32
2615 32
2615 32
2615 32
2615 32
2615 32
2615 32
2615 32
2615 32
2615 32
2615 32
2615 32
2615 32
2615 32
2615 32
2615 32
2615 32
2615 32
2615 32
2615 32
2615 32
2615 32
2615 32
2615 32
2615 32
2615 33
2615 32
2615 32
2615 32
2615 32
2615 32
2615 32
2615 32
2615 32
2615 33
2615 32
2615 32
2615 32
2615 32
2615 32
2615 32
2615 32
2615 32
2615 32
2615 32
2615 32
2615 32
2615 32
2615 32
2615 32
2615 32
2615 32
2615 32
2615 32
2615 32
2615 32
2615 32
2615 32
2615 32
2615 32
2615 32
2615 32
2615 32
2615 32
2615 32
2615 32
2615 32
2615 32
2615 32
2615 32
2615 32
2615 32
2615 32
2615 32
2615 32
2615 32
2615 32
2615 32
2615 32
2615 32
2615 32
2615 32
2615 32
2615 32
2615 32
2615 32
2615 32
2615 32
2615 32
2615 32
2620 30
2620 30
2620 30
2620 30
2620 30
2620 30
2620 30
2620 29
2620 31
2620 30
2620 30
2620 30
2620 30
2620 31
2620 30
2620 29
2620 30
2620 30
2620 31
2620 30
2620 30
2620 31
2620 31
2620 30
2620 30
2620 29
2620 30
2620 29
2620 30
2620 30
2620 29
2620 30
2620 31
2620 29
2620 31
2620 31
2620 30
2620 30
2620 30
2620 29
2620 29
2620 30
2620 30
2620 31
2620 31
2620 29
2620 30
2620 31
2620 30
2620 30
2620 30
2620 30
2620 30
2620 29
2620 30
2620 29
2620 31
2620 30
2620 29
2620 30
2620 30
2620 30
2620 31
2620 29
2620 30
2620 30
2620 30
2620 30
2620 30
2620 30
2620 30
2620 30
2620 30
2620 30
2620 30
2620 30
2620 30
2620 30
2620 31
2620 30
2620 30
2620 30
2620 31
2620 30
2620 31
2620 30
2620 31
2620 30
2620 30
2620 30
2620 30
2620 30
2620 29
2620 30
2620 30
2620 30
2620 30
2620 30
2620 31
2620 31
2625 28
2625 28
2625 28
2625 28
2625 28
2625 28
2625 28
2625 28
2625 28
2625 28
2625 28
2625 28
2625 28
2625 27
2625 28
2625 27
2625 28
2625 28
2625 28
2625 27
2625 27
2625 28
2625 27
2625 27
2625 27
2625 28
2625 28
2625 28
2625 28
2625 28
2625 28
2625 28
2625 28
2625 28
2625 27
2625 28
2625 28
2625 28
2625 27
2625 28
2625 27
2625 28
2625 28
2625 28
2625 28
2625 28
2625 28
2625 28
2625 28
2625 28
2625 28
2625 27
2625 28
2625 27
2625 28
2625 28
2625 28
2625 28
2625 28
2625 28
2625 28
2625 28
2625 27
2625 28
2625 27
2625 28
2625 27
2625 28
2625 28
2625 28
2625 28
2625 28
2625 28
2625 28
2625 28
2625 28
2625 28
2625 28
2625 28
2625 28
2625 28
2625 28
2625 28
2625 28
2625 28
2625 28
2625 27
2625 28
2625 28
2625 28
2625 28
2625 28
2625 27
2625 27
2625 28
2625 27
2625 28
2625 28
2625 29
2630 26
2630 25
2630 25
2630 26
2630 26
2630 25
2630 25
2630 25
2630 25
2630 25
2630 26
2630 25
2630 25
2630 27
2630 26
2630 25
2630 25
2630 25
2630 26
2630 26
2630 25
2630 27
2630 26
2630 26
2630 27
2630 25
2630 26
2630 26
2630 26
2630 25
2630 27
2630 25
2630 26
2630 26
2630 25
2630 25
2630 25
2630 26
2630 27
2630 26
2630 27
2630 25
2630 26
2630 25
2630 25
2630 26
2630 26
2630 25
2630 25
2630 25
2630 25
2630 27
2630 25
2630 26
2630 25
2630 26
2630 27
2630 26
2630 26
2630 26
2630 26
2630 26
2630 25
2630 27
2630 25
2630 26
2630 25
2630 26
2630 25
2630 25
2630 26
2630 25
2630 25
2630 25
2630 25
2630 27
2630 26
2630 27
2630 26
2630 25
2630 25
2630 25
2630 25
2630 25
2630 25
2630 25
2630 25
2630 26
2630 26
2630 26
2630 25
2630 25
2630 27
2630 26
2630 25
2630 25
2630 25
2630 27
2630 25
2630 25
2635 24
2635 24
2635 24
2635 24
2635 24
2635 24
2635 24
2635 24
2635 24
2635 24
2635 24
2635 24
2635 24
2635 24
2635 24
2635 24
2635 24
2635 24
2635 24
2635 24
2635 24
2635 24
2635 24
2635 24
2635 24
2635 24
2635 24
2635 24
2635 24
2635 24
2635 24
2635 24
2635 24
2635 24
2635 24
2635 24
2635 24
2635 24
2635 24
2635 24
2635 24
2635 24
2635 24
2635 24
2635 24
2635 24
2635 24
2635 24
2635 24
2635 24
2635 24
2635 24
2635 24
2635 24
2635 24
2635 24
2635 24
2635 24
2635 24
2635 24
2635 24
2635 24
2635 24
2635 24
2635 24
2635 24
2635 24
2635 24
2635 24
2635 24
2635 24
2635 24
2635 24
2635 24
2635 24
2635 24
2635 24
2635 24
2635 24
2635 24
2635 24
2635 24
2635 24
2635 24
2635 24
2635 24
2635 23
2635 24
2635 24
2635 24
2635 24
2635 24
2635 24
2635 24
2635 24
2635 24
2635 24
2635 24
2635 24
2635 24
2640 21
2640 21
2640 21
2640 21
2640 21
2640 21
2640 21
2640 22
2640 22
2640 22
2640 21
2640 22
2640 21
2640 22
2640 21
2640 21
2640 21
2640 21
2640 22
2640 22
2640 21
2640 21
2640 22
2640 22
2640 21
2640 22
2640 21
2640 21
2640 22
2640 22
2640 22
2640 21
2640 21
2640 21
2640 21
2640 21
2640 21
2640 21
2640 21
2640 21
2640 21
2640 21
2640 21
2640 22
2640 22
2640 21
2640 22
2640 21
2640 21
2640 21
2640 21
2640 21
2640 21
2640 22
2640 22
2640 21
2640 21
2640 21
2640 21
2640 21
2640 22
2640 21
2640 21
2640 21
2640 22
2640 21
2640 21
2640 22
2640 21
2640 21
2640 22
2640 21
2640 21
2640 22
2640 22
2640 21
2640 21
2640 22
2640 22
2640 21
2640 20
2640 21
2640 21
2640 21
2640 22
2640 21
2640 21
2640 21
2640 22
2640 21
2640 21
2640 22
2640 21
2640 22
2640 21
2640 21
2640 21
2640 21
2640 21
2645 19
2645 19
2645 19
2645 19
2645 19
2645 19
2645 19
2645 19
2645 20
2645 19
2645 19
2645 19
2645 19
2645 19
2645 19
2645 19
2645 18
2645 19
2645 19
2645 19
2645 18
2645 18
2645 18
2645 19
2645 19
2645 19
2645 19
2645 18
2645 18
2645 19
2645 19
2645 18
2645 19
2645 19
2645 19
2645 18
2645 18
2645 18
2645 18
2645 18
2645 19
2645 19
2645 19
2645 19
2645 19
2645 19
2645 19
2645 19
2645 18
2645 19
2645 19
2645 19
2645 19
2645 19
2645 19
2645 18
2645 18
2645 19
2645 19
2645 19
2645 19
2645 19
2645 18
2645 19
2645 19
2645 19
2645 19
2645 19
2645 19
2645 19
2645 19
2645 19
2645 18
2645 19
2645 19
2645 19
2645 19
2645 18
2645 19
2645 19
2645 19
2645 19
2645 19
2645 19
2645 19
2645 20
2645 19
2645 18
2645 19
2645 19
2645 19
2645 19
2645 19
2645 19
2645 18
2645 20
2645 19
2645 19
2645 19
2645 19
2650 17
2650 17
2650 17
2650 17
2650 17
2650 17
2650 17
2650 17
2650 17
2650 17
2650 17
2650 17
2650 17
2650 17
2650 17
2650 17
2650 17
2650 17
2650 17
2650 17
2650 17
2650 17
2650 17
2650 17
2650 17
2650 17
2650 18
2650 17
2650 17
2650 17
2650 17
2650 17
2650 17
2650 17
2650 17
2650 17
2650 18
2650 18
2650 17
2650 17
2650 17
2650 17
2650 17
2650 17
2650 17
2650 17
2650 17
2650 17
2650 17
2650 17
2650 17
2650 17
2650 17
2650 17
2650 17
2650 17
2650 17
2650 17
2650 17
2650 17
2650 17
2650 17
2650 17
2650 17
2650 17
2650 17
2650 17
2650 18
2650 17
2650 17
2650 17
2650 17
2650 17
2650 17
2650 17
2650 17
2650 17
2650 17
2650 17
2650 17
2650 17
2650 17
2650 17
2650 17
2650 16
2650 17
2650 17
2650 17
2650 17
2650 17
2650 17
2650 17
2650 17
2650 16
2650 17
2650 17
2650 17
2650 17
2650 18
2655 16
2655 15
2655 15
2655 15
2655 16
2655 15
2655 15
2655 15
2655 16
2655 16
2655 15
2655 15
2655 16
2655 15
2655 15
2655 15
2655 15
2655 16
2655 15
2655 15
2655 16
2655 15
2655 16
2655 15
2655 16
2655 16
2655 16
2655 15
2655 15
2655 15
2655 15
2655 15
2655 15
2655 16
2655 15
2655 15
2655 16
2655 16
2655 15
2655 15
2655 16
2655 16
2655 15
2655 15
2655 15
2655 16
2655 15
2655 15
2655 15
2655 15
2655 16
2655 15
2655 15
2655 15
2655 15
2655 15
2655 15
2655 15
2655 15
2655 15
2655 15
2655 15
2655 15
2655 15
2655 16
2655 15
2655 15
2655 16
2655 16
2655 16
2655 15
2655 15
2655 15
2655 16
2655 15
2655 16
2655 16
2655 15
2655 15
2655 15
2655 16
2655 15
2655 16
2655 15
2655 15
2655 15
2655 16
2655 15
2655 15
2655 15
2655 16
2655 15
2655 15
2655 15
2655 15
2655 15
2655 15
2655 16
2655 16
2660 13
2660 13
2660 12
2660 13
2660 12
2660 12
2660 12
2660 12
2660 13
2660 13
2660 13
2660 12
2660 12
2660 12
2660 12
2660 13
2660 13
2660 13
2660 12
2660 13
2660 12
2660 13
2660 12
2660 12
2660 12
2660 12
2660 13
2660 13
2660 12
2660 12
2660 12
2660 12
2660 13
2660 12
2660 12
2660 12
2660 13
2660 12
2660 13
2660 13
2660 12
2660 13
2660 12
2660 12
2660 13
2660 13
2660 12
2660 13
2660 13
2660 13
2660 13
2660 13
2660 13
2660 12
2660 13
2660 12
2660 12
2660 13
2660 13
2660 13
2660 13
2660 13
2660 12
2660 12
2660 12
2660 12
2660 13
2660 13
2660 13
2660 12
2660 12
2660 12
2660 12
2660 12
2660 12
2660 12
2660 12
2660 12
2660 12
2660 12
2660 11
2660 11
2660 12
2660 12
2660 13
2660 12
2660 12
2660 12
2660 12
2660 12
2660 13
2660 12
2660 12
2660 12
2660 13
2660 12
2660 13
2660 12
2660 13
2660 12
2665 11
2665 11
2665 10
2665 10
2665 11
2665 11
2665 10
2665 10
2665 10
2665 11
2665 10
2665 10
2665 10
2665 10
2665 10
2665 10
2665 10
2665 11
2665 11
2665 10
2665 11
2665 10
2665 11
2665 10
2665 11
2665 10
2665 10
2665 11
2665 10
2665 10
2665 10
2665 10
2665 10
2665 10
2665 10
2665 10
2665 10
2665 10
2665 10
2665 10
2665 10
2665 10
2665 10
2665 11
2665 11
2665 10
2665 10
2665 10
2665 10
2665 10
2665 10
2665 11
2665 10
2665 10
2665 11
2665 10
2665 10
2665 10
2665 11
2665 11
2665 11
2665 11
2665 10
2665 10
2665 10
2665 10
2665 10
2665 10
2665 10
2665 11
2665 10
2665 10
2665 10
2665 10
2665 11
2665 10
2665 10
2665 10
2665 10
2665 10
2665 10
2665 10
2665 11
2665 10
2665 10
2665 11
2665 10
2665 10
2665 10
2665 10
2665 10
2665 11
2665 10
2665 10
2665 11
2665 10
2665 10
2665 11
2665 11
2665 10
2670 8
2670 9
2670 8
2670 8
2670 7
2670 8
2670 8
2670 9
2670 9
2670 9
2670 8
2670 8
2670 8
2670 8
2670 8
2670 8
2670 9
2670 8
2670 8
2670 8
2670 8
2670 9
2670 8
2670 8
2670 9
2670 8
2670 9
2670 9
2670 8
2670 8
2670 7
2670 8
2670 9
2670 8
2670 7
2670 8
2670 8
2670 8
2670 9
2670 8
2670 8
2670 8
2670 9
2670 9
2670 8
2670 9
2670 8
2670 7
2670 8
2670 8
2670 7
2670 8
2670 9
2670 9
2670 8
2670 8
2670 8
2670 9
2670 8
2670 8
2670 8
2670 9
2670 8
2670 9
2670 8
2670 9
2670 8
2670 9
2670 9
2670 9
2670 9
2670 8
2670 8
2670 8
2670 8
2670 8
2670 9
2670 8
2670 8
2670 9
2670 8
2670 8
2670 9
2670 8
2670 8
2670 8
2670 8
2670 8
2670 9
2670 7
2670 8
2670 8
2670 8
2670 8
2670 9
2670 9
2670 8
2670 8
2670 8
2670 8
2675 5
2675 5
2675 5
2675 5
2675 5
2675 6
2675 6
2675 6
2675 5
2675 5
2675 5
2675 5
2675 6
2675 5
2675 6
2675 6
2675 5
2675 4
2675 6
2675 5
2675 5
2675 5
2675 5
2675 5
2675 6
2675 5
2675 5
2675 5
2675 5
2675 6
2675 6
2675 5
2675 5
2675 5
2675 5
2675 5
2675 6
2675 5
2675 6
2675 5
2675 5
2675 5
2675 5
2675 6
2675 5
2675 5
2675 5
2675 6
2675 6
2675 5
2675 5
2675 5
2675 5
2675 5
2675 5
2675 5
2675 6
2675 5
2675 5
2675 5
2675 5
2675 5
2675 5
2675 5
2675 5
2675 6
2675 5
2675 6
2675 5
2675 5
2675 5
2675 5
2675 5
2675 5
2675 6
2675 5
2675 5
2675 5
2675 5
2675 5
2675 6
2675 5
2675 5
2675 6
2675 5
2675 5
2675 5
2675 5
2675 5
2675 5
2675 5
2675 5
2675 5
2675 6
2675 6
2675 6
2675 5
2675 5
2675 5
2680 4
2680 3
2680 3
2680 3
2680 6
2680 3
2680 4
2680 4
2680 4
2680 4
2680 5
2680 3
2680 4
2680 3
2680 3
2680 3
2680 3
2680 4
2680 3
2680 4
2680 3
2680 4
2680 4
2680 3
2680 4
2680 3
2680 3
2680 3
2680 3
