TOA measurement vs Delay ---- Mon Jun 15 01:09:07 2020
Pixel = 10
config file = config/asic_config_B4.yml
NofIterations = 100
LSBest = 26.028521655608603
mean value = [  0.           0.           0.           0.           0.
   0.           0.           0.           0.           0.
   0.           0.           0.           0.           0.
   0.         125.03       123.5959596  121.79       119.74747475
 117.45       115.94       114.42424242 112.61616162 109.97
 108.76       106.69       104.76767677 102.6        100.47959184
  98.81        97.06        95.13        93.24        92.3
  90.63636364  87.80808081  85.81        84.58        82.73
  80.32323232  78.39        76.98        75.31        72.74
  70.7         69.06        67.04        65.11111111  63.67
  61.84        60.45454545  58.16161616  56.24        54.51515152
  52.8         50.62        48.8         46.99        45.69
  43.89        41.80808081  40.02        38.69        35.84
  34.23        32.81        31.35        29.          27.41
  25.48484848  24.1         22.03        20.57        18.92
  17.11        14.56        13.16161616  11.97         9.86
   7.83         5.57575758   3.25773196   0.           0.
   0.           0.           0.           0.           0.
   0.           0.           0.           0.           0.
   0.           0.           0.           0.           0.        ]
sigma = [0.         0.         0.         0.         0.         0.
 0.         0.         0.         0.         0.         0.
 0.         0.         0.         0.         1.04519536 1.07350264
 1.02432091 0.95841235 0.93318451 0.96939844 0.93437073 0.96223719
 0.55895736 0.76533217 0.95772299 0.77789255 0.96090235 0.78653107
 0.67619031 0.6478683  0.91456729 0.77828872 0.79582243 0.79873063
 0.87388333 0.71918936 0.76611574 0.70741313 0.93152729 0.70797834
 0.56827224 0.91500455 0.64477386 0.92376043 0.84837099 0.69407012
 0.75228794 0.72417769 0.52700411 0.78364246 0.74984269 0.58799093
 0.78481338 0.60277138 0.72037028 0.53229065 0.57726366 0.5451911
 0.74915508 0.52803749 0.60243949 0.74648063 0.58114829 0.69313298
 0.48706605 0.64096282 0.40414519 0.60434538 0.64335981 0.4163332
 0.55895736 0.65454819 0.39614812 0.44859038 0.57422411 0.46779238
 0.59366096 0.49369356 0.47374395 0.76825802 0.52406062 0.
 0.         0.         0.         0.         0.         0.
 0.         0.         0.         0.         0.         0.
 0.         0.         0.         0.        ]
Pulse delay   TOA 
2200 15
2275 126
2275 126
2275 125
2275 125
2275 126
2275 126
2275 126
2275 126
2275 126
2275 125
2275 125
2275 126
2275 126
2275 126
2275 125
2280 126
2280 125
2280 125
2280 125
2280 125
2280 125
2280 125
2280 125
2280 125
2280 125
2280 125
2280 126
2280 126
2280 126
2280 126
2280 126
2280 126
2280 125
2280 126
2280 123
2280 125
2280 125
2280 125
2280 126
2280 125
2280 126
2280 123
2280 125
2280 126
2280 125
2280 123
2280 126
2280 124
2280 125
2280 126
2280 125
2280 126
2280 126
2280 123
2280 124
2280 126
2280 123
2280 124
2280 126
2280 125
2280 125
2280 126
2280 125
2280 126
2280 124
2280 125
2280 125
2280 125
2280 122
2280 124
2280 124
2280 126
2280 126
2280 125
2280 126
2280 124
2280 124
2280 126
2280 125
2280 125
2280 123
2280 124
2280 124
2280 126
2280 126
2280 126
2280 123
2280 125
2280 125
2280 126
2280 126
2280 125
2280 126
2280 126
2280 126
2280 126
2280 124
2280 126
2280 123
2280 123
2280 124
2280 126
2280 125
2280 125
2280 125
2280 125
2280 126
2280 126
2280 126
2280 124
2280 125
2280 126
2280 123
2280 125
2280 126
2285 123
2285 124
2285 124
2285 124
2285 125
2285 125
2285 121
2285 122
2285 124
2285 125
2285 124
2285 124
2285 124
2285 124
2285 124
2285 124
2285 124
2285 124
2285 123
2285 124
2285 124
2285 124
2285 124
2285 121
2285 124
2285 124
2285 124
2285 124
2285 124
2285 124
2285 124
2285 124
2285 124
2285 124
2285 125
2285 122
2285 124
2285 123
2285 121
2285 122
2285 124
2285 124
2285 124
2285 124
2285 124
2285 122
2285 124
2285 124
2285 124
2285 123
2285 124
2285 124
2285 124
2285 124
2285 124
2285 124
2285 124
2285 124
2285 124
2285 124
2285 124
2285 124
2285 121
2285 121
2285 124
2285 124
2285 125
2285 124
2285 124
2285 124
2285 124
2285 124
2285 124
2285 124
2285 124
2285 124
2285 124
2285 124
2285 124
2285 124
2285 121
2285 124
2285 125
2285 124
2285 121
2285 124
2285 124
2285 124
2285 121
2285 124
2285 123
2285 121
2285 123
2285 124
2285 122
2285 121
2285 124
2285 124
2285 124
2290 122
2290 123
2290 122
2290 122
2290 123
2290 121
2290 120
2290 121
2290 122
2290 120
2290 120
2290 122
2290 120
2290 123
2290 123
2290 123
2290 122
2290 122
2290 123
2290 122
2290 120
2290 120
2290 122
2290 122
2290 122
2290 122
2290 122
2290 121
2290 122
2290 123
2290 122
2290 121
2290 120
2290 122
2290 123
2290 122
2290 120
2290 122
2290 121
2290 122
2290 122
2290 122
2290 122
2290 120
2290 121
2290 122
2290 122
2290 122
2290 122
2290 122
2290 120
2290 122
2290 121
2290 123
2290 120
2290 122
2290 122
2290 122
2290 122
2290 122
2290 122
2290 123
2290 122
2290 123
2290 123
2290 120
2290 123
2290 123
2290 120
2290 123
2290 123
2290 122
2290 122
2290 122
2290 123
2290 122
2290 123
2290 122
2290 121
2290 122
2290 122
2290 122
2290 123
2290 120
2290 123
2290 122
2290 123
2290 122
2290 122
2290 122
2290 122
2290 122
2290 120
2290 121
2290 120
2290 120
2290 123
2290 121
2290 123
2290 122
2295 120
2295 118
2295 120
2295 120
2295 120
2295 118
2295 120
2295 120
2295 118
2295 120
2295 120
2295 120
2295 118
2295 120
2295 120
2295 121
2295 120
2295 118
2295 120
2295 120
2295 120
2295 121
2295 120
2295 121
2295 120
2295 120
2295 121
2295 120
2295 120
2295 120
2295 121
2295 120
2295 120
2295 120
2295 118
2295 120
2295 120
2295 118
2295 118
2295 120
2295 120
2295 120
2295 120
2295 118
2295 117
2295 120
2295 120
2295 120
2295 121
2295 120
2295 120
2295 120
2295 120
2295 118
2295 120
2295 120
2295 117
2295 120
2295 120
2295 120
2295 120
2295 120
2295 120
2295 121
2295 118
2295 120
2295 120
2295 120
2295 118
2295 118
2295 120
2295 120
2295 120
2295 120
2295 121
2295 120
2295 120
2295 120
2295 120
2295 120
2295 120
2295 120
2295 120
2295 120
2295 120
2295 120
2295 121
2295 120
2295 121
2295 120
2295 120
2295 120
2295 121
2295 120
2295 120
2295 120
2295 118
2295 120
2295 118
2300 117
2300 118
2300 117
2300 118
2300 115
2300 118
2300 117
2300 118
2300 117
2300 118
2300 118
2300 117
2300 118
2300 117
2300 115
2300 118
2300 117
2300 118
2300 117
2300 118
2300 118
2300 118
2300 118
2300 118
2300 118
2300 117
2300 118
2300 117
2300 118
2300 115
2300 118
2300 116
2300 118
2300 118
2300 117
2300 118
2300 117
2300 118
2300 118
2300 118
2300 118
2300 118
2300 118
2300 118
2300 117
2300 118
2300 117
2300 117
2300 118
2300 118
2300 118
2300 118
2300 118
2300 116
2300 117
2300 117
2300 118
2300 115
2300 118
2300 116
2300 118
2300 118
2300 117
2300 117
2300 115
2300 118
2300 118
2300 118
2300 118
2300 118
2300 118
2300 118
2300 118
2300 117
2300 118
2300 118
2300 118
2300 118
2300 118
2300 118
2300 118
2300 118
2300 118
2300 118
2300 117
2300 117
2300 118
2300 117
2300 117
2300 118
2300 118
2300 118
2300 117
2300 118
2300 115
2300 118
2300 118
2300 118
2300 115
2300 115
2305 116
2305 116
2305 116
2305 116
2305 116
2305 117
2305 116
2305 116
2305 115
2305 116
2305 114
2305 116
2305 116
2305 117
2305 117
2305 116
2305 117
2305 117
2305 116
2305 117
2305 116
2305 116
2305 117
2305 116
2305 116
2305 117
2305 116
2305 117
2305 116
2305 116
2305 116
2305 116
2305 117
2305 115
2305 114
2305 114
2305 117
2305 115
2305 114
2305 116
2305 117
2305 115
2305 117
2305 116
2305 114
2305 116
2305 117
2305 114
2305 117
2305 115
2305 116
2305 116
2305 117
2305 116
2305 114
2305 116
2305 116
2305 117
2305 116
2305 117
2305 114
2305 114
2305 116
2305 117
2305 117
2305 114
2305 116
2305 116
2305 116
2305 114
2305 117
2305 116
2305 116
2305 116
2305 116
2305 116
2305 117
2305 116
2305 116
2305 116
2305 114
2305 115
2305 117
2305 116
2305 116
2305 117
2305 116
2305 116
2305 116
2305 116
2305 116
2305 116
2305 115
2305 116
2305 117
2305 117
2305 114
2305 116
2305 116
2305 117
2310 115
2310 115
2310 115
2310 115
2310 113
2310 113
2310 115
2310 114
2310 115
2310 112
2310 114
2310 115
2310 113
2310 114
2310 115
2310 115
2310 114
2310 115
2310 112
2310 115
2310 115
2310 114
2310 112
2310 114
2310 115
2310 115
2310 113
2310 115
2310 114
2310 114
2310 115
2310 115
2310 115
2310 114
2310 115
2310 115
2310 115
2310 115
2310 115
2310 114
2310 115
2310 114
2310 115
2310 115
2310 115
2310 114
2310 115
2310 114
2310 115
2310 113
2310 115
2310 114
2310 112
2310 115
2310 115
2310 115
2310 115
2310 115
2310 115
2310 115
2310 114
2310 115
2310 115
2310 115
2310 115
2310 115
2310 115
2310 115
2310 115
2310 114
2310 114
2310 114
2310 115
2310 115
2310 113
2310 112
2310 113
2310 115
2310 115
2310 112
2310 115
2310 115
2310 114
2310 113
2310 115
2310 114
2310 115
2310 115
2310 115
2310 115
2310 115
2310 115
2310 115
2310 115
2310 115
2310 115
2310 114
2310 113
2310 115
2315 113
2315 113
2315 113
2315 113
2315 113
2315 110
2315 113
2315 113
2315 113
2315 113
2315 113
2315 113
2315 113
2315 113
2315 113
2315 113
2315 113
2315 113
2315 113
2315 113
2315 114
2315 113
2315 113
2315 111
2315 113
2315 113
2315 113
2315 110
2315 110
2315 110
2315 113
2315 113
2315 111
2315 113
2315 111
2315 113
2315 112
2315 113
2315 112
2315 113
2315 113
2315 112
2315 113
2315 112
2315 113
2315 113
2315 113
2315 113
2315 113
2315 113
2315 112
2315 113
2315 113
2315 113
2315 113
2315 113
2315 111
2315 113
2315 113
2315 113
2315 110
2315 113
2315 113
2315 113
2315 113
2315 113
2315 113
2315 113
2315 113
2315 112
2315 113
2315 113
2315 113
2315 113
2315 111
2315 113
2315 110
2315 113
2315 113
2315 113
2315 113
2315 113
2315 113
2315 114
2315 113
2315 113
2315 112
2315 113
2315 113
2315 114
2315 113
2315 111
2315 110
2315 113
2315 113
2315 112
2315 113
2315 113
2315 113
2320 110
2320 110
2320 111
2320 110
2320 110
2320 110
2320 110
2320 109
2320 110
2320 109
2320 110
2320 110
2320 110
2320 111
2320 111
2320 110
2320 110
2320 110
2320 110
2320 110
2320 111
2320 111
2320 110
2320 109
2320 110
2320 110
2320 110
2320 110
2320 110
2320 110
2320 110
2320 110
2320 110
2320 109
2320 110
2320 109
2320 110
2320 110
2320 110
2320 111
2320 110
2320 109
2320 109
2320 110
2320 109
2320 109
2320 110
2320 110
2320 110
2320 110
2320 110
2320 110
2320 110
2320 111
2320 110
2320 110
2320 110
2320 110
2320 110
2320 110
2320 110
2320 110
2320 111
2320 110
2320 110
2320 110
2320 110
2320 110
2320 110
2320 109
2320 109
2320 110
2320 110
2320 110
2320 110
2320 109
2320 110
2320 110
2320 110
2320 110
2320 110
2320 111
2320 110
2320 110
2320 110
2320 110
2320 110
2320 109
2320 110
2320 110
2320 110
2320 110
2320 110
2320 110
2320 110
2320 110
2320 110
2320 111
2320 110
2320 110
2325 109
2325 109
2325 109
2325 109
2325 109
2325 109
2325 109
2325 109
2325 109
2325 109
2325 109
2325 109
2325 109
2325 107
2325 107
2325 109
2325 109
2325 109
2325 107
2325 109
2325 109
2325 109
2325 109
2325 109
2325 109
2325 109
2325 109
2325 109
2325 109
2325 109
2325 106
2325 109
2325 109
2325 109
2325 108
2325 107
2325 109
2325 109
2325 109
2325 109
2325 109
2325 109
2325 109
2325 109
2325 109
2325 109
2325 107
2325 107
2325 109
2325 109
2325 109
2325 109
2325 109
2325 109
2325 109
2325 109
2325 109
2325 109
2325 109
2325 109
2325 109
2325 106
2325 109
2325 106
2325 109
2325 109
2325 109
2325 109
2325 109
2325 109
2325 109
2325 109
2325 109
2325 109
2325 109
2325 109
2325 109
2325 109
2325 109
2325 109
2325 109
2325 109
2325 109
2325 109
2325 107
2325 109
2325 109
2325 109
2325 109
2325 109
2325 109
2325 109
2325 109
2325 109
2325 109
2325 109
2325 109
2325 109
2325 109
2325 109
2330 107
2330 108
2330 107
2330 107
2330 107
2330 107
2330 107
2330 107
2330 105
2330 106
2330 107
2330 108
2330 107
2330 107
2330 107
2330 107
2330 107
2330 107
2330 107
2330 107
2330 107
2330 108
2330 107
2330 107
2330 107
2330 107
2330 105
2330 106
2330 107
2330 107
2330 107
2330 105
2330 107
2330 107
2330 107
2330 106
2330 107
2330 107
2330 107
2330 106
2330 105
2330 107
2330 107
2330 107
2330 107
2330 107
2330 106
2330 105
2330 107
2330 107
2330 107
2330 107
2330 107
2330 107
2330 107
2330 108
2330 108
2330 107
2330 107
2330 105
2330 107
2330 108
2330 107
2330 108
2330 107
2330 107
2330 107
2330 107
2330 107
2330 107
2330 107
2330 107
2330 104
2330 105
2330 107
2330 105
2330 107
2330 108
2330 108
2330 105
2330 105
2330 105
2330 107
2330 107
2330 108
2330 107
2330 107
2330 105
2330 105
2330 105
2330 107
2330 107
2330 107
2330 104
2330 105
2330 107
2330 107
2330 107
2330 107
2330 107
2335 105
2335 105
2335 105
2335 105
2335 105
2335 105
2335 103
2335 105
2335 105
2335 105
2335 103
2335 105
2335 105
2335 105
2335 105
2335 105
2335 105
2335 105
2335 106
2335 105
2335 105
2335 105
2335 105
2335 103
2335 105
2335 103
2335 105
2335 103
2335 104
2335 105
2335 103
2335 105
2335 105
2335 106
2335 105
2335 106
2335 105
2335 103
2335 105
2335 104
2335 105
2335 105
2335 105
2335 105
2335 105
2335 105
2335 105
2335 105
2335 105
2335 106
2335 105
2335 105
2335 105
2335 105
2335 103
2335 105
2335 105
2335 105
2335 105
2335 105
2335 105
2335 105
2335 103
2335 105
2335 105
2335 104
2335 103
2335 105
2335 104
2335 105
2335 105
2335 105
2335 106
2335 105
2335 105
2335 104
2335 105
2335 105
2335 104
2335 104
2335 105
2335 105
2335 105
2335 105
2335 103
2335 106
2335 105
2335 105
2335 105
2335 105
2335 105
2335 105
2335 105
2335 105
2335 105
2335 105
2335 105
2335 105
2335 105
2340 103
2340 101
2340 100
2340 103
2340 103
2340 101
2340 100
2340 103
2340 103
2340 103
2340 103
2340 103
2340 103
2340 101
2340 100
2340 103
2340 103
2340 103
2340 103
2340 103
2340 103
2340 103
2340 103
2340 103
2340 101
2340 103
2340 103
2340 103
2340 103
2340 103
2340 103
2340 103
2340 103
2340 103
2340 103
2340 103
2340 103
2340 103
2340 100
2340 103
2340 103
2340 100
2340 103
2340 101
2340 103
2340 104
2340 103
2340 103
2340 103
2340 103
2340 103
2340 103
2340 103
2340 103
2340 103
2340 100
2340 103
2340 101
2340 103
2340 103
2340 103
2340 103
2340 103
2340 103
2340 103
2340 103
2340 101
2340 103
2340 101
2340 103
2340 103
2340 103
2340 103
2340 103
2340 103
2340 103
2340 101
2340 103
2340 103
2340 103
2340 102
2340 101
2340 103
2340 103
2340 103
2340 103
2340 101
2340 103
2340 103
2340 103
2340 103
2340 103
2340 103
2340 103
2340 103
2340 103
2340 103
2340 103
2340 103
2340 103
2345 101
2345 100
2345 101
2345 99
2345 101
2345 101
2345 101
2345 100
2345 101
2345 101
2345 100
2345 101
2345 101
2345 100
2345 101
2345 100
2345 101
2345 100
2345 101
2345 101
2345 100
2345 101
2345 101
2345 100
2345 101
2345 100
2345 101
2345 101
2345 99
2345 99
2345 101
2345 101
2345 101
2345 101
2345 101
2345 101
2345 101
2345 101
2345 101
2345 99
2345 100
2345 99
2345 101
2345 101
2345 100
2345 101
2345 101
2345 99
2345 99
2345 101
2345 99
2345 101
2345 101
2345 100
2345 101
2345 101
2345 101
2345 101
2345 100
2345 101
2345 101
2345 101
2345 101
2345 100
2345 100
2345 101
2345 100
2345 101
2345 101
2345 101
2345 100
2345 100
2345 101
2345 100
2345 99
2345 101
2345 101
2345 100
2345 100
2345 101
2345 101
2345 101
2345 101
2345 100
2345 101
2345 100
2345 101
2345 101
2345 99
2345 101
2345 101
2345 99
2345 101
2345 99
2345 101
2345 101
2345 99
2345 99
2350 99
2350 97
2350 99
2350 99
2350 99
2350 98
2350 99
2350 99
2350 99
2350 99
2350 99
2350 99
2350 99
2350 98
2350 99
2350 98
2350 99
2350 99
2350 99
2350 100
2350 97
2350 99
2350 99
2350 99
2350 99
2350 99
2350 99
2350 99
2350 99
2350 99
2350 99
2350 99
2350 99
2350 99
2350 99
2350 99
2350 99
2350 97
2350 99
2350 99
2350 98
2350 97
2350 99
2350 99
2350 99
2350 99
2350 99
2350 99
2350 99
2350 100
2350 99
2350 99
2350 99
2350 99
2350 99
2350 99
2350 99
2350 99
2350 99
2350 99
2350 99
2350 97
2350 99
2350 99
2350 99
2350 99
2350 99
2350 99
2350 99
2350 99
2350 99
2350 98
2350 97
2350 99
2350 99
2350 99
2350 99
2350 99
2350 99
2350 99
2350 99
2350 99
2350 99
2350 99
2350 99
2350 99
2350 99
2350 98
2350 99
2350 100
2350 99
2350 99
2350 99
2350 97
2350 99
2350 99
2350 97
2350 99
2350 99
2350 99
2355 97
2355 97
2355 97
2355 96
2355 96
2355 98
2355 96
2355 96
2355 97
2355 97
2355 97
2355 97
2355 96
2355 97
2355 98
2355 97
2355 97
2355 98
2355 97
2355 98
2355 97
2355 97
2355 97
2355 98
2355 97
2355 97
2355 97
2355 97
2355 96
2355 97
2355 97
2355 98
2355 98
2355 97
2355 97
2355 97
2355 96
2355 96
2355 97
2355 97
2355 96
2355 96
2355 97
2355 97
2355 97
2355 97
2355 97
2355 97
2355 97
2355 97
2355 97
2355 97
2355 97
2355 97
2355 96
2355 97
2355 98
2355 98
2355 98
2355 97
2355 97
2355 98
2355 97
2355 98
2355 97
2355 97
2355 97
2355 97
2355 96
2355 96
2355 98
2355 97
2355 97
2355 98
2355 97
2355 97
2355 97
2355 97
2355 98
2355 98
2355 97
2355 97
2355 98
2355 97
2355 98
2355 98
2355 97
2355 97
2355 97
2355 97
2355 96
2355 97
2355 97
2355 97
2355 98
2355 97
2355 97
2355 97
2355 97
2355 97
2360 96
2360 94
2360 96
2360 95
2360 96
2360 96
2360 93
2360 96
2360 96
2360 96
2360 96
2360 94
2360 96
2360 95
2360 96
2360 96
2360 95
2360 95
2360 95
2360 95
2360 96
2360 96
2360 96
2360 95
2360 94
2360 94
2360 95
2360 96
2360 96
2360 96
2360 95
2360 96
2360 95
2360 95
2360 95
2360 95
2360 95
2360 93
2360 93
2360 94
2360 96
2360 96
2360 96
2360 93
2360 95
2360 95
2360 96
2360 95
2360 96
2360 95
2360 96
2360 94
2360 95
2360 95
2360 95
2360 95
2360 96
2360 95
2360 95
2360 95
2360 95
2360 96
2360 96
2360 96
2360 96
2360 93
2360 95
2360 95
2360 95
2360 95
2360 95
2360 95
2360 96
2360 96
2360 95
2360 96
2360 96
2360 96
2360 96
2360 95
2360 96
2360 95
2360 95
2360 95
2360 95
2360 95
2360 95
2360 95
2360 93
2360 96
2360 93
2360 95
2360 95
2360 94
2360 93
2360 95
2360 94
2360 95
2360 95
2360 95
2365 94
2365 92
2365 94
2365 94
2365 94
2365 94
2365 93
2365 93
2365 94
2365 92
2365 93
2365 93
2365 91
2365 94
2365 93
2365 93
2365 94
2365 93
2365 93
2365 92
2365 94
2365 93
2365 94
2365 93
2365 92
2365 94
2365 94
2365 94
2365 93
2365 93
2365 93
2365 92
2365 93
2365 93
2365 93
2365 94
2365 94
2365 92
2365 93
2365 94
2365 94
2365 92
2365 92
2365 93
2365 93
2365 93
2365 93
2365 93
2365 94
2365 93
2365 93
2365 94
2365 93
2365 93
2365 94
2365 93
2365 93
2365 93
2365 94
2365 94
2365 94
2365 92
2365 93
2365 93
2365 94
2365 94
2365 94
2365 94
2365 92
2365 93
2365 93
2365 94
2365 94
2365 94
2365 93
2365 92
2365 93
2365 94
2365 93
2365 94
2365 93
2365 94
2365 93
2365 94
2365 94
2365 93
2365 92
2365 94
2365 93
2365 94
2365 92
2365 93
2365 94
2365 94
2365 93
2365 92
2365 93
2365 94
2365 93
2365 93
2370 93
2370 92
2370 93
2370 92
2370 92
2370 93
2370 93
2370 91
2370 91
2370 93
2370 92
2370 93
2370 93
2370 92
2370 93
2370 92
2370 93
2370 92
2370 93
2370 92
2370 92
2370 92
2370 93
2370 93
2370 93
2370 92
2370 92
2370 92
2370 92
2370 93
2370 93
2370 92
2370 92
2370 91
2370 91
2370 93
2370 93
2370 93
2370 93
2370 93
2370 92
2370 92
2370 93
2370 93
2370 93
2370 93
2370 92
2370 92
2370 92
2370 92
2370 90
2370 93
2370 93
2370 92
2370 92
2370 92
2370 93
2370 92
2370 93
2370 93
2370 92
2370 93
2370 92
2370 92
2370 92
2370 93
2370 92
2370 93
2370 90
2370 91
2370 91
2370 92
2370 93
2370 91
2370 93
2370 93
2370 92
2370 91
2370 92
2370 92
2370 91
2370 93
2370 93
2370 93
2370 92
2370 93
2370 92
2370 92
2370 92
2370 92
2370 91
2370 92
2370 93
2370 93
2370 92
2370 93
2370 93
2370 91
2370 93
2370 93
2375 91
2375 91
2375 90
2375 91
2375 89
2375 91
2375 90
2375 91
2375 91
2375 91
2375 91
2375 91
2375 91
2375 89
2375 91
2375 89
2375 88
2375 88
2375 91
2375 91
2375 91
2375 91
2375 91
2375 89
2375 90
2375 91
2375 91
2375 91
2375 91
2375 91
2375 91
2375 91
2375 91
2375 91
2375 91
2375 90
2375 91
2375 91
2375 91
2375 91
2375 91
2375 91
2375 91
2375 91
2375 91
2375 90
2375 91
2375 91
2375 91
2375 91
2375 91
2375 91
2375 91
2375 91
2375 91
2375 91
2375 91
2375 91
2375 89
2375 91
2375 91
2375 90
2375 90
2375 91
2375 90
2375 91
2375 91
2375 91
2375 91
2375 89
2375 89
2375 90
2375 91
2375 91
2375 91
2375 91
2375 91
2375 91
2375 91
2375 91
2375 91
2375 91
2375 91
2375 91
2375 91
2375 89
2375 91
2375 91
2375 91
2375 91
2375 91
2375 91
2375 89
2375 89
2375 90
2375 91
2375 91
2375 91
2375 91
2380 88
2380 89
2380 88
2380 89
2380 89
2380 88
2380 89
2380 88
2380 88
2380 88
2380 86
2380 88
2380 88
2380 88
2380 88
2380 88
2380 88
2380 88
2380 88
2380 89
2380 86
2380 86
2380 88
2380 88
2380 88
2380 88
2380 88
2380 89
2380 88
2380 88
2380 88
2380 88
2380 88
2380 88
2380 88
2380 88
2380 88
2380 86
2380 88
2380 88
2380 88
2380 88
2380 88
2380 88
2380 89
2380 88
2380 88
2380 88
2380 88
2380 88
2380 88
2380 89
2380 88
2380 86
2380 88
2380 86
2380 86
2380 88
2380 88
2380 86
2380 86
2380 86
2380 88
2380 89
2380 88
2380 88
2380 88
2380 86
2380 88
2380 88
2380 88
2380 88
2380 88
2380 88
2380 88
2380 88
2380 88
2380 86
2380 88
2380 88
2380 88
2380 88
2380 89
2380 88
2380 88
2380 88
2380 88
2380 88
2380 88
2380 88
2380 88
2380 88
2380 86
2380 86
2380 88
2380 88
2380 89
2380 88
2380 86
2385 86
2385 86
2385 86
2385 85
2385 85
2385 85
2385 86
2385 86
2385 86
2385 86
2385 86
2385 86
2385 86
2385 86
2385 85
2385 86
2385 86
2385 86
2385 86
2385 86
2385 86
2385 87
2385 86
2385 84
2385 86
2385 86
2385 86
2385 86
2385 86
2385 86
2385 86
2385 86
2385 86
2385 86
2385 86
2385 86
2385 86
2385 86
2385 86
2385 85
2385 85
2385 85
2385 86
2385 86
2385 85
2385 86
2385 85
2385 86
2385 86
2385 86
2385 85
2385 86
2385 86
2385 88
2385 84
2385 84
2385 85
2385 85
2385 86
2385 86
2385 86
2385 86
2385 86
2385 87
2385 84
2385 84
2385 86
2385 86
2385 86
2385 86
2385 86
2385 86
2385 86
2385 86
2385 86
2385 86
2385 84
2385 86
2385 86
2385 86
2385 85
2385 86
2385 86
2385 87
2385 86
2385 86
2385 86
2385 86
2385 86
2385 86
2385 86
2385 86
2385 85
2385 86
2385 86
2385 87
2385 86
2385 87
2385 86
2385 86
2390 85
2390 85
2390 85
2390 85
2390 84
2390 85
2390 83
2390 85
2390 85
2390 84
2390 84
2390 84
2390 85
2390 85
2390 85
2390 85
2390 85
2390 83
2390 85
2390 85
2390 84
2390 85
2390 84
2390 85
2390 83
2390 85
2390 85
2390 85
2390 83
2390 85
2390 85
2390 85
2390 85
2390 83
2390 84
2390 84
2390 83
2390 85
2390 84
2390 84
2390 84
2390 85
2390 83
2390 84
2390 84
2390 83
2390 84
2390 85
2390 85
2390 85
2390 85
2390 85
2390 85
2390 85
2390 85
2390 85
2390 85
2390 85
2390 85
2390 85
2390 85
2390 85
2390 83
2390 85
2390 85
2390 85
2390 85
2390 85
2390 85
2390 85
2390 85
2390 85
2390 83
2390 85
2390 85
2390 84
2390 85
2390 85
2390 85
2390 85
2390 85
2390 85
2390 83
2390 85
2390 85
2390 84
2390 83
2390 85
2390 85
2390 83
2390 85
2390 85
2390 85
2390 85
2390 85
2390 85
2390 85
2390 85
2390 85
2390 85
2395 83
2395 83
2395 83
2395 83
2395 83
2395 83
2395 83
2395 83
2395 83
2395 82
2395 81
2395 83
2395 83
2395 81
2395 83
2395 83
2395 83
2395 83
2395 83
2395 83
2395 83
2395 83
2395 83
2395 83
2395 83
2395 83
2395 83
2395 83
2395 83
2395 83
2395 83
2395 83
2395 83
2395 83
2395 83
2395 83
2395 81
2395 83
2395 83
2395 83
2395 83
2395 83
2395 81
2395 83
2395 83
2395 83
2395 83
2395 83
2395 81
2395 83
2395 82
2395 83
2395 83
2395 83
2395 83
2395 83
2395 83
2395 83
2395 83
2395 81
2395 83
2395 83
2395 83
2395 82
2395 83
2395 83
2395 81
2395 83
2395 83
2395 83
2395 83
2395 83
2395 83
2395 83
2395 83
2395 83
2395 83
2395 81
2395 82
2395 81
2395 83
2395 83
2395 83
2395 83
2395 83
2395 83
2395 83
2395 83
2395 83
2395 81
2395 83
2395 81
2395 83
2395 82
2395 83
2395 83
2395 83
2395 83
2395 83
2395 83
2400 80
2400 81
2400 78
2400 81
2400 78
2400 81
2400 80
2400 81
2400 80
2400 78
2400 81
2400 80
2400 80
2400 81
2400 81
2400 80
2400 81
2400 81
2400 80
2400 81
2400 79
2400 80
2400 79
2400 79
2400 81
2400 79
2400 81
2400 81
2400 80
2400 80
2400 80
2400 79
2400 80
2400 81
2400 81
2400 80
2400 81
2400 81
2400 80
2400 81
2400 79
2400 80
2400 81
2400 78
2400 81
2400 81
2400 81
2400 81
2400 81
2400 81
2400 80
2400 81
2400 79
2400 81
2400 79
2400 79
2400 81
2400 81
2400 81
2400 81
2400 81
2400 80
2400 81
2400 81
2400 81
2400 80
2400 81
2400 80
2400 81
2400 81
2400 81
2400 80
2400 81
2400 81
2400 80
2400 81
2400 79
2400 81
2400 79
2400 81
2400 81
2400 79
2400 80
2400 81
2400 80
2400 81
2400 79
2400 81
2400 81
2400 80
2400 81
2400 81
2400 81
2400 81
2400 80
2400 81
2400 80
2400 78
2400 81
2405 79
2405 78
2405 79
2405 78
2405 79
2405 79
2405 78
2405 78
2405 79
2405 78
2405 78
2405 78
2405 78
2405 77
2405 79
2405 79
2405 79
2405 79
2405 79
2405 77
2405 78
2405 78
2405 78
2405 78
2405 79
2405 78
2405 79
2405 79
2405 78
2405 77
2405 78
2405 78
2405 79
2405 78
2405 79
2405 79
2405 79
2405 78
2405 78
2405 78
2405 79
2405 79
2405 79
2405 78
2405 79
2405 78
2405 79
2405 79
2405 79
2405 77
2405 78
2405 78
2405 79
2405 78
2405 78
2405 79
2405 78
2405 79
2405 78
2405 79
2405 79
2405 79
2405 78
2405 78
2405 77
2405 78
2405 79
2405 78
2405 77
2405 78
2405 78
2405 79
2405 78
2405 79
2405 79
2405 78
2405 77
2405 79
2405 79
2405 79
2405 77
2405 78
2405 79
2405 78
2405 79
2405 79
2405 78
2405 79
2405 79
2405 78
2405 78
2405 79
2405 78
2405 79
2405 79
2405 79
2405 78
2405 77
2405 79
2405 79
2410 77
2410 77
2410 77
2410 78
2410 78
2410 76
2410 78
2410 78
2410 77
2410 76
2410 76
2410 77
2410 77
2410 76
2410 77
2410 77
2410 77
2410 77
2410 77
2410 77
2410 78
2410 77
2410 77
2410 77
2410 78
2410 76
2410 77
2410 77
2410 77
2410 77
2410 76
2410 77
2410 77
2410 77
2410 78
2410 77
2410 77
2410 77
2410 77
2410 77
2410 77
2410 77
2410 77
2410 77
2410 76
2410 77
2410 77
2410 77
2410 77
2410 78
2410 78
2410 77
2410 77
2410 77
2410 77
2410 77
2410 75
2410 77
2410 77
2410 77
2410 77
2410 77
2410 77
2410 77
2410 77
2410 77
2410 77
2410 77
2410 77
2410 77
2410 78
2410 77
2410 77
2410 77
2410 77
2410 77
2410 77
2410 77
2410 77
2410 77
2410 76
2410 77
2410 77
2410 77
2410 77
2410 77
2410 77
2410 77
2410 76
2410 77
2410 77
2410 77
2410 77
2410 77
2410 77
2410 77
2410 77
2410 77
2410 76
2410 77
2415 75
2415 75
2415 74
2415 75
2415 74
2415 75
2415 76
2415 75
2415 76
2415 76
2415 75
2415 74
2415 76
2415 76
2415 76
2415 76
2415 75
2415 76
2415 75
2415 76
2415 76
2415 75
2415 76
2415 77
2415 76
2415 74
2415 73
2415 75
2415 76
2415 74
2415 74
2415 76
2415 76
2415 76
2415 76
2415 74
2415 76
2415 73
2415 76
2415 74
2415 74
2415 75
2415 74
2415 76
2415 76
2415 76
2415 76
2415 76
2415 75
2415 76
2415 76
2415 76
2415 75
2415 76
2415 75
2415 75
2415 76
2415 75
2415 73
2415 74
2415 76
2415 76
2415 75
2415 76
2415 75
2415 76
2415 75
2415 75
2415 74
2415 76
2415 76
2415 75
2415 76
2415 76
2415 75
2415 75
2415 76
2415 74
2415 75
2415 77
2415 75
2415 76
2415 75
2415 76
2415 76
2415 76
2415 75
2415 76
2415 75
2415 76
2415 76
2415 75
2415 76
2415 75
2415 75
2415 75
2415 76
2415 76
2415 73
2415 75
2420 73
2420 73
2420 73
2420 74
2420 73
2420 71
2420 73
2420 73
2420 73
2420 73
2420 72
2420 73
2420 73
2420 73
2420 72
2420 72
2420 72
2420 73
2420 73
2420 73
2420 73
2420 73
2420 73
2420 72
2420 73
2420 73
2420 73
2420 72
2420 73
2420 73
2420 73
2420 73
2420 73
2420 73
2420 73
2420 73
2420 73
2420 73
2420 72
2420 73
2420 73
2420 73
2420 73
2420 73
2420 73
2420 73
2420 73
2420 73
2420 73
2420 72
2420 73
2420 73
2420 72
2420 73
2420 73
2420 73
2420 73
2420 73
2420 72
2420 73
2420 71
2420 73
2420 71
2420 73
2420 72
2420 72
2420 73
2420 73
2420 73
2420 73
2420 73
2420 71
2420 73
2420 72
2420 73
2420 73
2420 73
2420 73
2420 72
2420 73
2420 73
2420 72
2420 73
2420 72
2420 73
2420 73
2420 72
2420 73
2420 72
2420 73
2420 73
2420 73
2420 73
2420 71
2420 73
2420 73
2420 73
2420 74
2420 73
2420 73
2425 71
2425 71
2425 71
2425 71
2425 71
2425 72
2425 71
2425 71
2425 69
2425 71
2425 71
2425 71
2425 69
2425 71
2425 72
2425 71
2425 71
2425 69
2425 71
2425 71
2425 71
2425 71
2425 71
2425 69
2425 71
2425 72
2425 71
2425 71
2425 70
2425 69
2425 72
2425 71
2425 69
2425 69
2425 69
2425 71
2425 71
2425 71
2425 72
2425 71
2425 71
2425 69
2425 71
2425 72
2425 72
2425 69
2425 70
2425 71
2425 71
2425 71
2425 71
2425 71
2425 71
2425 71
2425 71
2425 70
2425 71
2425 71
2425 71
2425 71
2425 69
2425 71
2425 71
2425 71
2425 71
2425 71
2425 71
2425 71
2425 70
2425 71
2425 69
2425 71
2425 71
2425 69
2425 71
2425 72
2425 71
2425 71
2425 71
2425 70
2425 71
2425 72
2425 71
2425 70
2425 69
2425 71
2425 71
2425 71
2425 71
2425 71
2425 69
2425 72
2425 71
2425 72
2425 69
2425 69
2425 71
2425 71
2425 70
2425 71
2430 69
2430 67
2430 69
2430 69
2430 69
2430 71
2430 69
2430 69
2430 70
2430 69
2430 69
2430 69
2430 69
2430 69
2430 70
2430 69
2430 70
2430 70
2430 69
2430 69
2430 69
2430 70
2430 70
2430 69
2430 67
2430 70
2430 68
2430 69
2430 69
2430 68
2430 67
2430 69
2430 70
2430 69
2430 67
2430 69
2430 69
2430 69
2430 69
2430 69
2430 69
2430 69
2430 69
2430 70
2430 69
2430 70
2430 69
2430 68
2430 69
2430 69
2430 68
2430 69
2430 69
2430 70
2430 68
2430 69
2430 69
2430 69
2430 69
2430 69
2430 69
2430 69
2430 69
2430 70
2430 69
2430 69
2430 69
2430 69
2430 69
2430 69
2430 70
2430 69
2430 69
2430 69
2430 69
2430 70
2430 69
2430 68
2430 69
2430 68
2430 69
2430 71
2430 71
2430 68
2430 69
2430 71
2430 69
2430 70
2430 70
2430 69
2430 69
2430 67
2430 69
2430 69
2430 68
2430 68
2430 69
2430 70
2430 70
2430 69
2435 67
2435 67
2435 68
2435 67
2435 67
2435 67
2435 66
2435 67
2435 68
2435 67
2435 67
2435 68
2435 67
2435 67
2435 67
2435 68
2435 66
2435 67
2435 67
2435 67
2435 67
2435 67
2435 66
2435 66
2435 66
2435 66
2435 66
2435 67
2435 68
2435 66
2435 67
2435 67
2435 67
2435 67
2435 67
2435 67
2435 66
2435 67
2435 67
2435 67
2435 67
2435 68
2435 68
2435 67
2435 65
2435 66
2435 68
2435 67
2435 67
2435 68
2435 66
2435 67
2435 67
2435 67
2435 67
2435 67
2435 66
2435 67
2435 67
2435 67
2435 67
2435 67
2435 67
2435 68
2435 67
2435 68
2435 68
2435 68
2435 66
2435 67
2435 67
2435 68
2435 67
2435 67
2435 67
2435 68
2435 67
2435 67
2435 67
2435 67
2435 68
2435 68
2435 67
2435 67
2435 68
2435 67
2435 67
2435 67
2435 66
2435 67
2435 66
2435 67
2435 67
2435 67
2435 68
2435 67
2435 67
2435 68
2435 67
2435 68
2440 66
2440 65
2440 64
2440 65
2440 65
2440 65
2440 66
2440 65
2440 66
2440 64
2440 65
2440 65
2440 65
2440 66
2440 64
2440 66
2440 64
2440 66
2440 66
2440 66
2440 65
2440 66
2440 64
2440 65
2440 66
2440 65
2440 65
2440 65
2440 64
2440 64
2440 65
2440 65
2440 65
2440 66
2440 65
2440 65
2440 66
2440 64
2440 64
2440 65
2440 65
2440 66
2440 65
2440 66
2440 66
2440 66
2440 65
2440 66
2440 65
2440 65
2440 65
2440 65
2440 66
2440 65
2440 64
2440 65
2440 64
2440 65
2440 65
2440 65
2440 65
2440 65
2440 64
2440 65
2440 66
2440 66
2440 65
2440 64
2440 64
2440 65
2440 65
2440 65
2440 65
2440 65
2440 65
2440 66
2440 65
2440 65
2440 64
2440 66
2440 64
2440 65
2440 66
2440 65
2440 65
2440 66
2440 66
2440 65
2440 65
2440 66
2440 64
2440 66
2440 66
2440 64
2440 65
2440 66
2440 66
2440 64
2440 65
2445 64
2445 64
2445 64
2445 64
2445 64
2445 64
2445 62
2445 62
2445 64
2445 64
2445 64
2445 64
2445 64
2445 63
2445 64
2445 64
2445 64
2445 64
2445 64
2445 64
2445 64
2445 63
2445 64
2445 64
2445 62
2445 64
2445 63
2445 62
2445 64
2445 64
2445 64
2445 64
2445 64
2445 64
2445 64
2445 64
2445 64
2445 64
2445 64
2445 64
2445 64
2445 64
2445 64
2445 62
2445 64
2445 64
2445 63
2445 63
2445 64
2445 64
2445 64
2445 64
2445 63
2445 64
2445 64
2445 64
2445 62
2445 64
2445 64
2445 64
2445 62
2445 63
2445 63
2445 64
2445 64
2445 64
2445 64
2445 64
2445 64
2445 62
2445 63
2445 62
2445 64
2445 64
2445 64
2445 64
2445 64
2445 64
2445 64
2445 64
2445 63
2445 63
2445 64
2445 62
2445 64
2445 64
2445 64
2445 64
2445 64
2445 64
2445 64
2445 62
2445 64
2445 64
2445 64
2445 64
2445 64
2445 64
2445 64
2445 64
2450 62
2450 62
2450 61
2450 62
2450 62
2450 62
2450 61
2450 62
2450 62
2450 62
2450 62
2450 62
2450 62
2450 62
2450 62
2450 62
2450 62
2450 62
2450 61
2450 62
2450 62
2450 62
2450 62
2450 62
2450 62
2450 62
2450 63
2450 62
2450 62
2450 62
2450 62
2450 62
2450 61
2450 62
2450 62
2450 61
2450 61
2450 62
2450 62
2450 61
2450 62
2450 63
2450 61
2450 62
2450 61
2450 61
2450 62
2450 62
2450 60
2450 62
2450 62
2450 62
2450 62
2450 62
2450 62
2450 62
2450 62
2450 62
2450 62
2450 62
2450 61
2450 61
2450 62
2450 62
2450 62
2450 62
2450 62
2450 62
2450 62
2450 62
2450 62
2450 62
2450 62
2450 61
2450 61
2450 62
2450 62
2450 62
2450 61
2450 62
2450 62
2450 62
2450 61
2450 62
2450 62
2450 62
2450 62
2450 62
2450 62
2450 62
2450 62
2450 62
2450 62
2450 62
2450 62
2450 62
2450 62
2450 62
2450 62
2450 62
2455 61
2455 61
2455 59
2455 59
2455 61
2455 61
2455 59
2455 60
2455 61
2455 61
2455 61
2455 61
2455 61
2455 61
2455 61
2455 60
2455 61
2455 60
2455 61
2455 60
2455 60
2455 61
2455 60
2455 59
2455 61
2455 61
2455 61
2455 61
2455 61
2455 61
2455 61
2455 60
2455 61
2455 61
2455 59
2455 61
2455 61
2455 61
2455 61
2455 60
2455 60
2455 61
2455 60
2455 59
2455 61
2455 61
2455 61
2455 61
2455 61
2455 61
2455 60
2455 60
2455 61
2455 60
2455 61
2455 61
2455 60
2455 61
2455 61
2455 61
2455 61
2455 60
2455 59
2455 60
2455 61
2455 59
2455 61
2455 60
2455 60
2455 61
2455 61
2455 61
2455 60
2455 59
2455 59
2455 61
2455 61
2455 61
2455 59
2455 59
2455 59
2455 61
2455 60
2455 61
2455 60
2455 60
2455 61
2455 61
2455 60
2455 61
2455 61
2455 61
2455 59
2455 61
2455 60
2455 61
2455 61
2455 60
2455 60
2460 58
2460 59
2460 58
2460 59
2460 59
2460 59
2460 59
2460 58
2460 59
2460 58
2460 57
2460 58
2460 59
2460 59
2460 58
2460 58
2460 57
2460 59
2460 58
2460 58
2460 59
2460 58
2460 58
2460 59
2460 57
2460 59
2460 58
2460 59
2460 59
2460 59
2460 59
2460 58
2460 59
2460 57
2460 59
2460 57
2460 58
2460 58
2460 58
2460 58
2460 59
2460 58
2460 59
2460 58
2460 58
2460 58
2460 58
2460 59
2460 59
2460 58
2460 58
2460 58
2460 58
2460 57
2460 59
2460 59
2460 57
2460 57
2460 57
2460 58
2460 58
2460 58
2460 57
2460 58
2460 57
2460 59
2460 57
2460 59
2460 58
2460 58
2460 58
2460 58
2460 58
2460 57
2460 59
2460 58
2460 57
2460 58
2460 58
2460 58
2460 57
2460 57
2460 58
2460 59
2460 59
2460 57
2460 58
2460 58
2460 58
2460 59
2460 58
2460 59
2460 58
2460 59
2460 58
2460 59
2460 58
2460 58
2460 58
2465 56
2465 56
2465 56
2465 57
2465 56
2465 56
2465 56
2465 56
2465 56
2465 56
2465 57
2465 56
2465 56
2465 56
2465 57
2465 56
2465 56
2465 56
2465 57
2465 56
2465 56
2465 57
2465 56
2465 55
2465 56
2465 56
2465 56
2465 57
2465 57
2465 56
2465 56
2465 57
2465 56
2465 57
2465 57
2465 56
2465 57
2465 56
2465 56
2465 56
2465 57
2465 56
2465 56
2465 56
2465 56
2465 56
2465 56
2465 57
2465 56
2465 57
2465 56
2465 56
2465 56
2465 57
2465 57
2465 56
2465 56
2465 56
2465 56
2465 56
2465 56
2465 56
2465 55
2465 56
2465 57
2465 57
2465 57
2465 55
2465 56
2465 56
2465 56
2465 55
2465 57
2465 57
2465 56
2465 56
2465 56
2465 56
2465 57
2465 56
2465 57
2465 56
2465 56
2465 57
2465 57
2465 56
2465 56
2465 56
2465 56
2465 56
2465 56
2465 56
2465 56
2465 56
2465 57
2465 57
2465 56
2465 56
2465 56
2465 57
2470 55
2470 55
2470 55
2470 55
2470 55
2470 55
2470 55
2470 55
2470 55
2470 54
2470 55
2470 54
2470 55
2470 55
2470 55
2470 53
2470 54
2470 55
2470 54
2470 56
2470 54
2470 54
2470 56
2470 55
2470 54
2470 54
2470 55
2470 55
2470 55
2470 55
2470 54
2470 55
2470 56
2470 54
2470 54
2470 54
2470 55
2470 54
2470 54
2470 55
2470 54
2470 56
2470 54
2470 56
2470 53
2470 54
2470 53
2470 54
2470 54
2470 54
2470 54
2470 53
2470 54
2470 54
2470 53
2470 55
2470 54
2470 54
2470 55
2470 54
2470 54
2470 54
2470 54
2470 54
2470 55
2470 55
2470 54
2470 54
2470 56
2470 54
2470 56
2470 55
2470 55
2470 55
2470 55
2470 55
2470 54
2470 54
2470 55
2470 54
2470 55
2470 55
2470 55
2470 55
2470 55
2470 53
2470 55
2470 55
2470 55
2470 54
2470 55
2470 54
2470 55
2470 54
2470 54
2470 55
2470 55
2470 54
2470 53
2475 53
2475 53
2475 53
2475 53
2475 53
2475 53
2475 53
2475 53
2475 53
2475 53
2475 53
2475 54
2475 53
2475 53
2475 53
2475 52
2475 53
2475 53
2475 53
2475 53
2475 51
2475 53
2475 53
2475 53
2475 53
2475 52
2475 51
2475 53
2475 52
2475 53
2475 53
2475 51
2475 53
2475 53
2475 53
2475 53
2475 53
2475 53
2475 53
2475 53
2475 53
2475 53
2475 53
2475 53
2475 53
2475 53
2475 53
2475 52
2475 53
2475 53
2475 53
2475 52
2475 53
2475 53
2475 52
2475 53
2475 53
2475 53
2475 53
2475 53
2475 52
2475 53
2475 53
2475 53
2475 53
2475 53
2475 53
2475 53
2475 53
2475 53
2475 53
2475 53
2475 52
2475 53
2475 52
2475 53
2475 53
2475 53
2475 53
2475 53
2475 53
2475 53
2475 51
2475 53
2475 53
2475 53
2475 53
2475 53
2475 53
2475 53
2475 53
2475 53
2475 53
2475 52
2475 53
2475 53
2475 53
2475 51
2475 52
2475 53
2480 51
2480 51
2480 49
2480 51
2480 51
2480 51
2480 51
2480 51
2480 51
2480 51
2480 51
2480 51
2480 51
2480 50
2480 51
2480 51
2480 50
2480 51
2480 51
2480 51
2480 51
2480 49
2480 50
2480 51
2480 51
2480 50
2480 51
2480 51
2480 50
2480 50
2480 51
2480 51
2480 51
2480 51
2480 51
2480 50
2480 50
2480 49
2480 50
2480 51
2480 51
2480 51
2480 51
2480 50
2480 50
2480 51
2480 51
2480 51
2480 51
2480 51
2480 49
2480 51
2480 50
2480 51
2480 49
2480 51
2480 50
2480 51
2480 51
2480 51
2480 51
2480 51
2480 49
2480 51
2480 51
2480 51
2480 51
2480 51
2480 51
2480 51
2480 51
2480 51
2480 51
2480 51
2480 51
2480 50
2480 49
2480 51
2480 51
2480 51
2480 51
2480 51
2480 51
2480 51
2480 51
2480 49
2480 51
2480 49
2480 51
2480 50
2480 50
2480 51
2480 50
2480 51
2480 50
2480 51
2480 51
2480 49
2480 51
2480 51
2485 49
2485 48
2485 48
2485 49
2485 49
2485 49
2485 49
2485 49
2485 49
2485 49
2485 49
2485 49
2485 49
2485 48
2485 49
2485 49
2485 48
2485 49
2485 49
2485 49
2485 48
2485 49
2485 49
2485 49
2485 49
2485 49
2485 48
2485 49
2485 49
2485 49
2485 49
2485 49
2485 49
2485 48
2485 49
2485 49
2485 49
2485 49
2485 49
2485 48
2485 48
2485 49
2485 48
2485 49
2485 49
2485 49
2485 49
2485 49
2485 49
2485 49
2485 48
2485 49
2485 49
2485 49
2485 47
2485 49
2485 48
2485 48
2485 49
2485 49
2485 49
2485 49
2485 49
2485 49
2485 49
2485 48
2485 49
2485 48
2485 48
2485 49
2485 49
2485 49
2485 47
2485 49
2485 49
2485 49
2485 49
2485 49
2485 49
2485 49
2485 49
2485 49
2485 49
2485 49
2485 49
2485 49
2485 49
2485 49
2485 49
2485 49
2485 49
2485 49
2485 49
2485 49
2485 49
2485 49
2485 49
2485 49
2485 49
2485 49
2490 48
2490 47
2490 46
2490 47
2490 47
2490 47
2490 46
2490 47
2490 47
2490 48
2490 47
2490 47
2490 48
2490 47
2490 47
2490 47
2490 47
2490 47
2490 47
2490 46
2490 47
2490 47
2490 47
2490 47
2490 47
2490 47
2490 47
2490 47
2490 47
2490 47
2490 47
2490 47
2490 47
2490 47
2490 47
2490 48
2490 48
2490 46
2490 47
2490 47
2490 47
2490 47
2490 47
2490 47
2490 47
2490 46
2490 47
2490 47
2490 47
2490 47
2490 47
2490 47
2490 47
2490 46
2490 47
2490 48
2490 47
2490 47
2490 47
2490 47
2490 48
2490 47
2490 46
2490 46
2490 46
2490 47
2490 47
2490 47
2490 47
2490 47
2490 47
2490 47
2490 47
2490 48
2490 47
2490 47
2490 47
2490 48
2490 47
2490 47
2490 47
2490 47
2490 47
2490 47
2490 47
2490 47
2490 48
2490 48
2490 47
2490 48
2490 47
2490 46
2490 46
2490 46
2490 47
2490 47
2490 47
2490 47
2490 46
2490 47
2495 46
2495 46
2495 45
2495 46
2495 45
2495 46
2495 46
2495 45
2495 45
2495 46
2495 46
2495 46
2495 46
2495 46
2495 45
2495 46
2495 46
2495 46
2495 45
2495 46
2495 45
2495 46
2495 46
2495 46
2495 46
2495 45
2495 46
2495 45
2495 46
2495 46
2495 46
2495 46
2495 46
2495 46
2495 45
2495 45
2495 45
2495 46
2495 45
2495 46
2495 46
2495 46
2495 45
2495 46
2495 46
2495 46
2495 45
2495 46
2495 46
2495 46
2495 45
2495 46
2495 46
2495 46
2495 45
2495 46
2495 45
2495 46
2495 46
2495 46
2495 46
2495 45
2495 45
2495 46
2495 46
2495 45
2495 46
2495 45
2495 46
2495 46
2495 45
2495 46
2495 46
2495 46
2495 46
2495 46
2495 46
2495 46
2495 46
2495 46
2495 46
2495 46
2495 46
2495 46
2495 46
2495 46
2495 45
2495 46
2495 45
2495 45
2495 45
2495 46
2495 46
2495 45
2495 46
2495 46
2495 45
2495 45
2495 45
2495 46
2500 44
2500 44
2500 44
2500 42
2500 44
2500 44
2500 44
2500 44
2500 45
2500 45
2500 44
2500 44
2500 44
2500 44
2500 44
2500 45
2500 43
2500 44
2500 43
2500 43
2500 44
2500 45
2500 43
2500 44
2500 43
2500 44
2500 44
2500 44
2500 44
2500 44
2500 42
2500 44
2500 44
2500 44
2500 42
2500 44
2500 45
2500 43
2500 43
2500 44
2500 44
2500 44
2500 45
2500 44
2500 44
2500 44
2500 44
2500 44
2500 44
2500 45
2500 44
2500 42
2500 45
2500 44
2500 45
2500 44
2500 42
2500 44
2500 44
2500 44
2500 44
2500 44
2500 44
2500 44
2500 45
2500 43
2500 44
2500 44
2500 44
2500 44
2500 44
2500 42
2500 44
2500 45
2500 44
2500 44
2500 44
2500 44
2500 44
2500 44
2500 44
2500 44
2500 44
2500 44
2500 45
2500 44
2500 43
2500 44
2500 45
2500 43
2500 44
2500 44
2500 44
2500 43
2500 44
2500 44
2500 44
2500 44
2500 43
2500 44
2505 42
2505 40
2505 42
2505 42
2505 42
2505 42
2505 41
2505 42
2505 42
2505 42
2505 42
2505 41
2505 42
2505 42
2505 42
2505 42
2505 41
2505 41
2505 42
2505 41
2505 41
2505 42
2505 42
2505 41
2505 42
2505 42
2505 42
2505 41
2505 42
2505 42
2505 41
2505 42
2505 42
2505 42
2505 42
2505 42
2505 41
2505 42
2505 41
2505 42
2505 42
2505 42
2505 42
2505 42
2505 42
2505 42
2505 42
2505 41
2505 42
2505 42
2505 42
2505 42
2505 42
2505 42
2505 42
2505 42
2505 42
2505 42
2505 42
2505 41
2505 42
2505 42
2505 42
2505 42
2505 42
2505 42
2505 42
2505 43
2505 42
2505 42
2505 41
2505 42
2505 42
2505 42
2505 42
2505 42
2505 41
2505 42
2505 42
2505 42
2505 42
2505 42
2505 42
2505 42
2505 42
2505 41
2505 42
2505 41
2505 41
2505 42
2505 42
2505 42
2505 42
2505 42
2505 42
2505 42
2505 42
2505 42
2505 42
2510 40
2510 40
2510 40
2510 40
2510 41
2510 40
2510 40
2510 40
2510 41
2510 41
2510 40
2510 40
2510 40
2510 40
2510 41
2510 41
2510 40
2510 40
2510 39
2510 40
2510 40
2510 39
2510 40
2510 40
2510 40
2510 40
2510 41
2510 40
2510 40
2510 39
2510 40
2510 40
2510 40
2510 40
2510 40
2510 40
2510 40
2510 40
2510 40
2510 41
2510 40
2510 40
2510 40
2510 40
2510 40
2510 40
2510 40
2510 40
2510 40
2510 41
2510 41
2510 40
2510 40
2510 39
2510 39
2510 40
2510 40
2510 40
2510 40
2510 40
2510 40
2510 39
2510 41
2510 40
2510 40
2510 40
2510 41
2510 40
2510 40
2510 40
2510 40
2510 40
2510 39
2510 39
2510 40
2510 41
2510 40
2510 40
2510 40
2510 40
2510 40
2510 39
2510 41
2510 40
2510 39
2510 39
2510 39
2510 39
2510 40
2510 40
2510 40
2510 40
2510 41
2510 40
2510 40
2510 41
2510 40
2510 40
2510 40
2510 40
2515 38
2515 39
2515 39
2515 39
2515 39
2515 39
2515 37
2515 39
2515 39
2515 39
2515 39
2515 39
2515 39
2515 39
2515 39
2515 39
2515 39
2515 37
2515 39
2515 37
2515 37
2515 38
2515 39
2515 39
2515 38
2515 39
2515 39
2515 39
2515 39
2515 39
2515 39
2515 39
2515 39
2515 39
2515 37
2515 39
2515 39
2515 39
2515 39
2515 39
2515 39
2515 37
2515 39
2515 39
2515 37
2515 39
2515 39
2515 37
2515 39
2515 39
2515 39
2515 39
2515 39
2515 39
2515 39
2515 37
2515 39
2515 39
2515 39
2515 39
2515 39
2515 39
2515 39
2515 39
2515 39
2515 39
2515 38
2515 39
2515 39
2515 39
2515 39
2515 39
2515 39
2515 38
2515 39
2515 39
2515 39
2515 39
2515 39
2515 39
2515 39
2515 39
2515 39
2515 39
2515 39
2515 39
2515 37
2515 39
2515 39
2515 39
2515 39
2515 39
2515 39
2515 39
2515 37
2515 39
2515 37
2515 39
2515 37
2515 39
2520 36
2520 36
2520 35
2520 36
2520 36
2520 36
2520 36
2520 35
2520 36
2520 36
2520 36
2520 35
2520 36
2520 35
2520 36
2520 36
2520 36
2520 37
2520 36
2520 36
2520 35
2520 36
2520 36
2520 36
2520 36
2520 36
2520 36
2520 35
2520 35
2520 36
2520 35
2520 35
2520 36
2520 36
2520 36
2520 36
2520 35
2520 36
2520 35
2520 36
2520 35
2520 36
2520 36
2520 36
2520 36
2520 35
2520 36
2520 35
2520 36
2520 36
2520 35
2520 35
2520 36
2520 36
2520 36
2520 36
2520 36
2520 36
2520 37
2520 36
2520 36
2520 36
2520 36
2520 36
2520 35
2520 37
2520 36
2520 35
2520 36
2520 36
2520 35
2520 36
2520 36
2520 37
2520 36
2520 36
2520 36
2520 36
2520 36
2520 35
2520 37
2520 36
2520 36
2520 35
2520 36
2520 36
2520 36
2520 36
2520 36
2520 36
2520 36
2520 36
2520 36
2520 36
2520 36
2520 36
2520 36
2520 36
2520 37
2520 35
2525 35
2525 33
2525 35
2525 34
2525 34
2525 34
2525 34
2525 34
2525 34
2525 34
2525 34
2525 34
2525 34
2525 33
2525 34
2525 35
2525 33
2525 34
2525 34
2525 34
2525 34
2525 33
2525 35
2525 34
2525 34
2525 34
2525 35
2525 33
2525 35
2525 33
2525 34
2525 35
2525 34
2525 34
2525 35
2525 34
2525 35
2525 33
2525 34
2525 35
2525 35
2525 33
2525 33
2525 33
2525 35
2525 35
2525 34
2525 34
2525 35
2525 34
2525 35
2525 35
2525 34
2525 34
2525 34
2525 34
2525 34
2525 34
2525 34
2525 33
2525 34
2525 34
2525 34
2525 35
2525 34
2525 35
2525 35
2525 34
2525 35
2525 34
2525 34
2525 35
2525 35
2525 34
2525 34
2525 35
2525 35
2525 35
2525 34
2525 34
2525 34
2525 34
2525 35
2525 34
2525 35
2525 34
2525 34
2525 35
2525 34
2525 34
2525 35
2525 35
2525 34
2525 34
2525 35
2525 35
2525 34
2525 34
2525 35
2525 35
2530 33
2530 32
2530 33
2530 33
2530 33
2530 33
2530 33
2530 33
2530 33
2530 33
2530 33
2530 33
2530 32
2530 33
2530 32
2530 33
2530 33
2530 32
2530 32
2530 33
2530 32
2530 32
2530 33
2530 33
2530 33
2530 32
2530 33
2530 33
2530 33
2530 33
2530 33
2530 33
2530 33
2530 33
2530 32
2530 33
2530 33
2530 33
2530 33
2530 33
2530 33
2530 33
2530 32
2530 33
2530 33
2530 33
2530 33
2530 33
2530 32
2530 33
2530 33
2530 33
2530 33
2530 32
2530 32
2530 33
2530 33
2530 32
2530 33
2530 33
2530 33
2530 33
2530 33
2530 33
2530 33
2530 33
2530 33
2530 33
2530 33
2530 33
2530 33
2530 33
2530 32
2530 33
2530 33
2530 33
2530 32
2530 32
2530 33
2530 33
2530 33
2530 32
2530 33
2530 33
2530 33
2530 33
2530 33
2530 32
2530 33
2530 33
2530 33
2530 33
2530 33
2530 33
2530 33
2530 33
2530 33
2530 33
2530 33
2530 33
2535 31
2535 32
2535 31
2535 31
2535 32
2535 31
2535 31
2535 31
2535 31
2535 31
2535 31
2535 32
2535 31
2535 31
2535 32
2535 30
2535 30
2535 32
2535 31
2535 30
2535 31
2535 31
2535 32
2535 32
2535 32
2535 31
2535 32
2535 32
2535 32
2535 32
2535 31
2535 31
2535 31
2535 32
2535 31
2535 31
2535 32
2535 32
2535 31
2535 31
2535 32
2535 31
2535 31
2535 31
2535 32
2535 31
2535 32
2535 31
2535 32
2535 31
2535 32
2535 32
2535 31
2535 32
2535 31
2535 31
2535 31
2535 31
2535 31
2535 31
2535 31
2535 32
2535 32
2535 31
2535 31
2535 32
2535 31
2535 31
2535 31
2535 32
2535 32
2535 31
2535 30
2535 31
2535 31
2535 31
2535 31
2535 31
2535 32
2535 32
2535 32
2535 32
2535 32
2535 32
2535 31
2535 31
2535 31
2535 31
2535 31
2535 32
2535 32
2535 30
2535 31
2535 32
2535 32
2535 31
2535 32
2535 32
2535 31
2535 32
2540 29
2540 29
2540 28
2540 29
2540 29
2540 29
2540 29
2540 29
2540 29
2540 29
2540 29
2540 29
2540 29
2540 29
2540 29
2540 29
2540 29
2540 29
2540 29
2540 29
2540 29
2540 29
2540 29
2540 29
2540 29
2540 29
2540 29
2540 28
2540 29
2540 29
2540 29
2540 29
2540 29
2540 29
2540 28
2540 29
2540 29
2540 29
2540 29
2540 29
2540 29
2540 29
2540 29
2540 29
2540 29
2540 29
2540 29
2540 29
2540 29
2540 29
2540 29
2540 30
2540 29
2540 29
2540 29
2540 29
2540 29
2540 29
2540 29
2540 29
2540 30
2540 29
2540 29
2540 29
2540 29
2540 28
2540 29
2540 29
2540 29
2540 29
2540 30
2540 29
2540 29
2540 29
2540 29
2540 29
2540 29
2540 29
2540 29
2540 29
2540 29
2540 30
2540 29
2540 29
2540 29
2540 29
2540 29
2540 29
2540 29
2540 29
2540 29
2540 29
2540 29
2540 29
2540 29
2540 29
2540 29
2540 29
2540 29
2540 29
2545 28
2545 27
2545 28
2545 28
2545 28
2545 27
2545 28
2545 27
2545 27
2545 27
2545 27
2545 28
2545 28
2545 28
2545 27
2545 27
2545 28
2545 27
2545 27
2545 26
2545 27
2545 27
2545 28
2545 28
2545 28
2545 27
2545 28
2545 28
2545 27
2545 27
2545 27
2545 27
2545 27
2545 28
2545 27
2545 27
2545 28
2545 27
2545 28
2545 27
2545 28
2545 28
2545 27
2545 28
2545 27
2545 27
2545 27
2545 28
2545 27
2545 27
2545 27
2545 27
2545 27
2545 28
2545 28
2545 28
2545 27
2545 27
2545 27
2545 27
2545 28
2545 28
2545 28
2545 27
2545 28
2545 28
2545 27
2545 28
2545 28
2545 28
2545 27
2545 27
2545 27
2545 27
2545 27
2545 27
2545 27
2545 28
2545 27
2545 27
2545 27
2545 27
2545 27
2545 27
2545 28
2545 28
2545 28
2545 28
2545 28
2545 27
2545 28
2545 27
2545 28
2545 27
2545 28
2545 28
2545 28
2545 27
2545 26
2545 27
2550 26
2550 26
2550 25
2550 26
2550 25
2550 26
2550 26
2550 26
2550 25
2550 26
2550 25
2550 26
2550 25
2550 27
2550 25
2550 25
2550 25
2550 25
2550 26
2550 25
2550 25
2550 25
2550 26
2550 25
2550 26
2550 26
2550 26
2550 25
2550 26
2550 25
2550 26
2550 26
2550 26
2550 25
2550 26
2550 26
2550 25
2550 25
2550 26
2550 25
2550 25
2550 26
2550 25
2550 25
2550 25
2550 25
2550 25
2550 25
2550 25
2550 26
2550 25
2550 27
2550 25
2550 25
2550 26
2550 25
2550 26
2550 25
2550 25
2550 25
2550 25
2550 25
2550 25
2550 25
2550 26
2550 27
2550 26
2550 25
2550 26
2550 25
2550 25
2550 25
2550 25
2550 25
2550 25
2550 26
2550 26
2550 27
2550 26
2550 25
2550 26
2550 26
2550 25
2550 26
2550 26
2550 25
2550 25
2550 25
2550 26
2550 25
2550 26
2550 25
2550 26
2550 26
2550 25
2550 25
2550 26
2550 26
2550 25
2555 25
2555 24
2555 24
2555 24
2555 25
2555 24
2555 24
2555 24
2555 24
2555 24
2555 24
2555 24
2555 24
2555 24
2555 24
2555 24
2555 24
2555 24
2555 24
2555 24
2555 24
2555 24
2555 25
2555 24
2555 24
2555 24
2555 24
2555 25
2555 24
2555 24
2555 24
2555 24
2555 24
2555 24
2555 24
2555 24
2555 24
2555 24
2555 24
2555 24
2555 24
2555 24
2555 24
2555 24
2555 25
2555 24
2555 24
2555 24
2555 24
2555 24
2555 24
2555 24
2555 24
2555 24
2555 24
2555 24
2555 24
2555 24
2555 24
2555 24
2555 24
2555 24
2555 24
2555 24
2555 24
2555 25
2555 24
2555 24
2555 24
2555 24
2555 24
2555 24
2555 24
2555 24
2555 24
2555 25
2555 24
2555 24
2555 24
2555 24
2555 24
2555 24
2555 24
2555 24
2555 24
2555 24
2555 24
2555 24
2555 24
2555 25
2555 24
2555 24
2555 24
2555 24
2555 25
2555 24
2555 24
2555 24
2555 25
2555 24
2560 22
2560 22
2560 22
2560 22
2560 24
2560 22
2560 22
2560 23
2560 22
2560 22
2560 22
2560 22
2560 23
2560 21
2560 22
2560 23
2560 22
2560 22
2560 23
2560 22
2560 21
2560 22
2560 22
2560 22
2560 22
2560 22
2560 22
2560 22
2560 22
2560 22
2560 22
2560 22
2560 22
2560 22
2560 22
2560 22
2560 22
2560 22
2560 22
2560 22
2560 22
2560 22
2560 22
2560 22
2560 22
2560 22
2560 23
2560 22
2560 22
2560 22
2560 22
2560 21
2560 22
2560 22
2560 22
2560 22
2560 22
2560 23
2560 22
2560 21
2560 22
2560 22
2560 22
2560 22
2560 22
2560 22
2560 22
2560 21
2560 22
2560 22
2560 22
2560 23
2560 22
2560 23
2560 22
2560 22
2560 22
2560 21
2560 22
2560 22
2560 22
2560 22
2560 22
2560 22
2560 22
2560 21
2560 22
2560 21
2560 22
2560 22
2560 23
2560 22
2560 23
2560 22
2560 22
2560 22
2560 22
2560 21
2560 22
2560 22
2565 21
2565 21
2565 21
2565 21
2565 21
2565 20
2565 21
2565 21
2565 21
2565 21
2565 21
2565 20
2565 21
2565 21
2565 21
2565 21
2565 20
2565 19
2565 20
2565 20
2565 21
2565 21
2565 20
2565 20
2565 21
2565 21
2565 21
2565 20
2565 19
2565 20
2565 19
2565 20
2565 21
2565 21
2565 21
2565 20
2565 21
2565 19
2565 20
2565 19
2565 20
2565 20
2565 21
2565 20
2565 21
2565 20
2565 21
2565 20
2565 20
2565 21
2565 21
2565 21
2565 21
2565 21
2565 21
2565 20
2565 21
2565 20
2565 20
2565 21
2565 21
2565 20
2565 21
2565 21
2565 21
2565 20
2565 20
2565 21
2565 21
2565 20
2565 20
2565 20
2565 20
2565 21
2565 21
2565 21
2565 21
2565 21
2565 21
2565 21
2565 21
2565 21
2565 21
2565 21
2565 21
2565 21
2565 20
2565 21
2565 21
2565 20
2565 21
2565 21
2565 20
2565 20
2565 21
2565 21
2565 21
2565 21
2565 21
2565 20
2570 19
2570 19
2570 19
2570 19
2570 19
2570 19
2570 19
2570 19
2570 19
2570 19
2570 19
2570 19
2570 19
2570 19
2570 19
2570 19
2570 19
2570 19
2570 19
2570 18
2570 19
2570 19
2570 19
2570 19
2570 19
2570 19
2570 19
2570 19
2570 19
2570 19
2570 19
2570 19
2570 19
2570 19
2570 19
2570 19
2570 19
2570 19
2570 19
2570 19
2570 19
2570 19
2570 19
2570 19
2570 19
2570 19
2570 18
2570 19
2570 19
2570 19
2570 19
2570 19
2570 19
2570 19
2570 19
2570 19
2570 18
2570 19
2570 19
2570 19
2570 19
2570 19
2570 19
2570 19
2570 19
2570 19
2570 19
2570 19
2570 19
2570 19
2570 19
2570 19
2570 19
2570 19
2570 19
2570 19
2570 19
2570 19
2570 19
2570 18
2570 19
2570 19
2570 19
2570 18
2570 19
2570 19
2570 19
2570 19
2570 18
2570 19
2570 18
2570 19
2570 19
2570 18
2570 19
2570 19
2570 19
2570 19
2570 19
2570 19
2575 17
2575 17
2575 17
2575 17
2575 17
2575 17
2575 17
2575 17
2575 17
2575 17
2575 17
2575 17
2575 17
2575 17
2575 18
2575 17
2575 17
2575 17
2575 17
2575 17
2575 18
2575 17
2575 17
2575 17
2575 17
2575 17
2575 17
2575 17
2575 17
2575 18
2575 17
2575 18
2575 17
2575 17
2575 17
2575 17
2575 17
2575 17
2575 17
2575 18
2575 17
2575 17
2575 18
2575 17
2575 17
2575 16
2575 18
2575 17
2575 17
2575 17
2575 17
2575 17
2575 17
2575 18
2575 18
2575 17
2575 17
2575 17
2575 17
2575 17
2575 18
2575 17
2575 17
2575 17
2575 17
2575 17
2575 17
2575 17
2575 17
2575 17
2575 17
2575 17
2575 17
2575 18
2575 17
2575 17
2575 17
2575 17
2575 17
2575 17
2575 17
2575 17
2575 17
2575 17
2575 17
2575 17
2575 18
2575 17
2575 17
2575 17
2575 17
2575 17
2575 17
2575 17
2575 17
2575 17
2575 17
2575 17
2575 17
2575 17
2580 15
2580 15
2580 15
2580 14
2580 14
2580 15
2580 15
2580 14
2580 14
2580 14
2580 15
2580 14
2580 14
2580 15
2580 15
2580 15
2580 15
2580 14
2580 15
2580 15
2580 15
2580 15
2580 14
2580 14
2580 14
2580 15
2580 15
2580 15
2580 14
2580 14
2580 15
2580 14
2580 15
2580 14
2580 15
2580 14
2580 14
2580 14
2580 15
2580 15
2580 14
2580 15
2580 15
2580 15
2580 15
2580 14
2580 14
2580 14
2580 15
2580 14
2580 15
2580 15
2580 15
2580 15
2580 15
2580 14
2580 14
2580 14
2580 14
2580 15
2580 15
2580 15
2580 15
2580 14
2580 14
2580 15
2580 15
2580 14
2580 15
2580 15
2580 15
2580 14
2580 15
2580 15
2580 15
2580 15
2580 15
2580 15
2580 14
2580 15
2580 15
2580 14
2580 14
2580 15
2580 14
2580 14
2580 14
2580 14
2580 15
2580 14
2580 15
2580 15
2580 15
2580 15
2580 14
2580 14
2580 14
2580 14
2580 15
2580 14
2585 13
2585 13
2585 13
2585 13
2585 13
2585 13
2585 13
2585 13
2585 13
2585 13
2585 13
2585 13
2585 13
2585 13
2585 13
2585 13
2585 14
2585 13
2585 13
2585 14
2585 14
2585 13
2585 13
2585 13
2585 14
2585 13
2585 13
2585 13
2585 13
2585 13
2585 14
2585 14
2585 13
2585 14
2585 13
2585 13
2585 14
2585 13
2585 14
2585 13
2585 13
2585 14
2585 13
2585 13
2585 13
2585 13
2585 13
2585 13
2585 14
2585 13
2585 13
2585 13
2585 13
2585 14
2585 14
2585 13
2585 13
2585 13
2585 13
2585 13
2585 14
2585 13
2585 13
2585 13
2585 13
2585 13
2585 13
2585 13
2585 13
2585 13
2585 13
2585 13
2585 13
2585 13
2585 13
2585 13
2585 13
2585 13
2585 13
2585 13
2585 13
2585 13
2585 13
2585 13
2585 14
2585 13
2585 13
2585 13
2585 13
2585 13
2585 14
2585 13
2585 13
2585 13
2585 13
2585 13
2585 13
2585 13
2585 13
2590 12
2590 12
2590 12
2590 12
2590 11
2590 12
2590 12
2590 12
2590 11
2590 13
2590 13
2590 12
2590 13
2590 11
2590 12
2590 12
2590 12
2590 12
2590 12
2590 11
2590 13
2590 12
2590 11
2590 12
2590 11
2590 12
2590 13
2590 13
2590 12
2590 12
2590 13
2590 12
2590 12
2590 11
2590 12
2590 12
2590 11
2590 12
2590 11
2590 12
2590 13
2590 12
2590 12
2590 12
2590 11
2590 13
2590 12
2590 11
2590 12
2590 11
2590 12
2590 12
2590 12
2590 12
2590 12
2590 11
2590 12
2590 12
2590 12
2590 12
2590 12
2590 12
2590 12
2590 12
2590 12
2590 12
2590 12
2590 12
2590 12
2590 12
2590 12
2590 12
2590 12
2590 12
2590 11
2590 12
2590 12
2590 12
2590 12
2590 12
2590 13
2590 12
2590 12
2590 12
2590 12
2590 12
2590 12
2590 13
2590 12
2590 13
2590 12
2590 12
2590 12
2590 12
2590 12
2590 12
2590 11
2590 12
2590 12
2590 12
2595 10
2595 10
2595 10
2595 10
2595 10
2595 9
2595 10
2595 10
2595 9
2595 9
2595 10
2595 9
2595 10
2595 9
2595 10
2595 10
2595 10
2595 9
2595 10
2595 10
2595 10
2595 10
2595 10
2595 10
2595 9
2595 10
2595 10
2595 10
2595 10
2595 10
2595 10
2595 10
2595 10
2595 10
2595 10
2595 10
2595 11
2595 10
2595 9
2595 9
2595 10
2595 10
2595 9
2595 10
2595 10
2595 10
2595 10
2595 10
2595 10
2595 10
2595 10
2595 10
2595 10
2595 10
2595 10
2595 10
2595 11
2595 10
2595 10
2595 10
2595 10
2595 10
2595 10
2595 10
2595 10
2595 10
2595 10
2595 10
2595 10
2595 10
2595 10
2595 10
2595 10
2595 10
2595 9
2595 10
2595 10
2595 10
2595 10
2595 10
2595 9
2595 10
2595 10
2595 10
2595 10
2595 10
2595 10
2595 10
2595 10
2595 10
2595 10
2595 10
2595 10
2595 10
2595 10
2595 9
2595 9
2595 10
2595 9
2595 9
2600 8
2600 7
2600 8
2600 8
2600 8
2600 8
2600 7
2600 8
2600 7
2600 8
2600 8
2600 8
2600 8
2600 8
2600 8
2600 8
2600 8
2600 7
2600 7
2600 8
2600 8
2600 7
2600 8
2600 7
2600 7
2600 8
2600 8
2600 7
2600 8
2600 8
2600 8
2600 8
2600 8
2600 8
2600 8
2600 8
2600 8
2600 8
2600 8
2600 8
2600 8
2600 8
2600 8
2600 8
2600 8
2600 7
2600 8
2600 8
2600 8
2600 8
2600 8
2600 8
2600 8
2600 8
2600 8
2600 8
2600 8
2600 8
2600 8
2600 8
2600 8
2600 8
2600 8
2600 7
2600 8
2600 8
2600 8
2600 7
2600 8
2600 8
2600 8
2600 8
2600 7
2600 8
2600 7
2600 8
2600 8
2600 8
2600 8
2600 8
2600 8
2600 7
2600 7
2600 8
2600 8
2600 8
2600 8
2600 8
2600 8
2600 8
2600 7
2600 8
2600 8
2600 8
2600 8
2600 8
2600 8
2600 8
2600 8
2600 8
2605 5
2605 5
2605 5
2605 6
2605 6
2605 5
2605 5
2605 6
2605 6
2605 6
2605 6
2605 5
2605 5
2605 5
2605 5
2605 5
2605 6
2605 5
2605 5
2605 6
2605 6
2605 5
2605 6
2605 6
2605 6
2605 5
2605 5
2605 6
2605 7
2605 7
2605 7
2605 5
2605 5
2605 5
2605 6
2605 6
2605 5
2605 5
2605 7
2605 6
2605 5
2605 6
2605 5
2605 5
2605 6
2605 6
2605 5
2605 6
2605 5
2605 5
2605 6
2605 6
2605 7
2605 7
2605 5
2605 6
2605 5
2605 7
2605 5
2605 5
2605 5
2605 6
2605 5
2605 7
2605 5
2605 5
2605 5
2605 6
2605 7
2605 5
2605 5
2605 6
2605 5
2605 6
2605 6
2605 5
2605 5
2605 5
2605 5
2605 7
2605 6
2605 5
2605 7
2605 7
2605 5
2605 5
2605 6
2605 5
2605 5
2605 5
2605 5
2605 5
2605 5
2605 6
2605 5
2605 5
2605 5
2605 5
2605 7
2610 3
2610 3
2610 3
2610 3
2610 3
2610 3
2610 3
2610 4
2610 3
2610 3
2610 3
2610 4
2610 4
2610 4
2610 3
2610 3
2610 3
2610 4
2610 3
2610 3
2610 3
2610 3
2610 3
2610 3
2610 3
2610 3
2610 3
2610 3
2610 3
2610 4
2610 4
2610 3
2610 4
2610 3
2610 3
2610 3
2610 3
2610 4
2610 4
2610 4
2610 3
2610 3
2610 3
2610 3
2610 3
2610 3
2610 3
2610 3
2610 3
2610 3
2610 4
2610 4
2610 3
2610 4
2610 3
2610 3
2610 3
2610 4
2610 3
2610 3
2610 4
2610 3
2610 4
2610 3
2610 4
2610 3
2610 3
2610 4
2610 3
2610 3
2610 3
2610 3
2610 3
2610 3
2610 3
2610 3
2610 3
2610 3
2610 3
2610 3
2610 3
2610 4
2610 3
2610 4
2610 3
2610 3
2610 3
2610 3
2610 3
2610 4
2610 3
2610 4
2610 3
2610 3
2610 3
2610 4
2610 4
