TOA measurement vs Delay ---- Mon Jun 15 00:51:53 2020
Pixel = 14
config file = config/asic_config_B4.yml
NofIterations = 100
LSBest = 24.27773372996487
mean value = [  0.           0.           0.           0.           0.
   0.           0.           0.           0.           0.
   0.           0.           0.           0.           0.
   0.           0.           0.           0.           0.
   0.           0.           0.           0.         124.07142857
 122.17       120.56565657 118.33       115.38       113.73
 112.61616162 110.36       107.90909091 105.93       104.71
 102.47474747  99.84        97.63        96.09        94.84
  92.33        90.42        89.06        86.77        83.73
  82.02        80.79        78.81818182  76.75        74.15151515
  72.88        70.64        67.95        65.86        64.42
  62.89        60.55        58.59        57.29292929  54.96
  52.47        50.77        49.13131313  47.58        45.27
  42.96969697  41.78        39.66        36.82        34.82
  32.94        31.22        29.92        27.93        26.19
  24.36        21.14        19.1         17.48484848  16.03030303
  13.42        11.19191919   9.61         7.42         4.22727273
   0.           0.           0.           0.           0.
   0.           0.           0.           0.           0.
   0.           0.           0.           0.           0.        ]
sigma = [0.         0.         0.         0.         0.         0.
 0.         0.         0.         0.         0.         0.
 0.         0.         0.         0.         0.         0.
 0.         0.         0.         0.         0.         0.
 0.8247861  0.68149346 0.96699698 0.82730486 0.81174709 0.66365151
 0.64872946 0.73057055 1.04655191 0.477947   0.8539516  1.01968934
 0.79858208 0.78513269 0.73839917 0.50767444 0.7644824  0.6833252
 0.84837099 0.99016834 0.67855238 0.7231413  0.60764573 0.77183549
 0.67144124 0.62746301 0.74090035 0.955894   0.68617296 0.73738276
 0.71199251 0.5667745  0.75553513 0.66725807 0.8572628  0.90649508
 0.7296803  0.600361   0.52745749 0.71199251 0.56606831 0.97005202
 0.59576282 0.82929689 0.64104082 0.70066635 0.58286648 0.54307765
 0.6906036  0.75394518 0.52652952 0.83290656 0.73738276 0.54160256
 0.59439531 0.78598257 0.62203966 1.06174782 0.61744096 0.75294975
 0.50887441 0.         0.         0.         0.         0.
 0.         0.         0.         0.         0.         0.
 0.         0.         0.         0.        ]
Pulse delay   TOA 
2315 126
2315 126
2315 124
2315 126
2315 126
2315 126
2315 126
2315 126
2315 126
2315 126
2315 126
2315 126
2315 126
2315 126
2315 126
2315 126
2315 126
2315 126
2315 126
2315 126
2315 126
2315 126
2315 126
2315 126
2315 126
2315 126
2315 124
2315 126
2315 126
2315 126
2315 126
2315 126
2315 126
2320 125
2320 125
2320 125
2320 123
2320 124
2320 122
2320 124
2320 125
2320 125
2320 124
2320 125
2320 124
2320 125
2320 125
2320 125
2320 125
2320 125
2320 124
2320 124
2320 124
2320 124
2320 125
2320 124
2320 125
2320 125
2320 125
2320 123
2320 123
2320 124
2320 124
2320 124
2320 124
2320 124
2320 122
2320 125
2320 125
2320 124
2320 123
2320 124
2320 124
2320 124
2320 125
2320 123
2320 124
2320 124
2320 123
2320 125
2320 125
2320 124
2320 125
2320 124
2320 123
2320 124
2320 122
2320 124
2320 123
2320 123
2320 125
2320 124
2320 123
2320 124
2320 122
2320 123
2320 124
2320 124
2320 125
2320 124
2320 124
2320 124
2320 124
2320 124
2320 124
2320 124
2320 124
2320 124
2320 124
2320 124
2320 124
2320 124
2320 124
2320 124
2320 125
2320 124
2320 124
2320 125
2320 124
2320 125
2320 125
2320 124
2320 125
2320 125
2320 124
2320 123
2320 124
2320 123
2320 123
2320 124
2320 124
2325 122
2325 122
2325 122
2325 122
2325 123
2325 119
2325 122
2325 122
2325 120
2325 122
2325 122
2325 122
2325 122
2325 122
2325 122
2325 122
2325 122
2325 122
2325 122
2325 122
2325 122
2325 122
2325 122
2325 123
2325 123
2325 122
2325 122
2325 122
2325 122
2325 122
2325 122
2325 123
2325 123
2325 122
2325 122
2325 122
2325 122
2325 123
2325 122
2325 123
2325 122
2325 122
2325 122
2325 122
2325 123
2325 122
2325 123
2325 122
2325 123
2325 122
2325 122
2325 122
2325 122
2325 123
2325 122
2325 123
2325 123
2325 122
2325 123
2325 122
2325 122
2325 122
2325 122
2325 122
2325 122
2325 122
2325 123
2325 122
2325 122
2325 122
2325 122
2325 122
2325 122
2325 120
2325 122
2325 122
2325 122
2325 122
2325 122
2325 122
2325 123
2325 123
2325 122
2325 122
2325 122
2325 123
2325 122
2325 123
2325 123
2325 123
2325 122
2325 122
2325 122
2325 122
2325 122
2325 123
2325 123
2325 122
2325 123
2325 122
2330 122
2330 120
2330 121
2330 121
2330 120
2330 120
2330 120
2330 120
2330 121
2330 120
2330 122
2330 121
2330 121
2330 122
2330 120
2330 120
2330 122
2330 121
2330 122
2330 122
2330 120
2330 120
2330 121
2330 120
2330 120
2330 122
2330 122
2330 121
2330 120
2330 121
2330 118
2330 121
2330 122
2330 120
2330 120
2330 121
2330 118
2330 120
2330 122
2330 122
2330 120
2330 120
2330 120
2330 122
2330 119
2330 121
2330 120
2330 120
2330 122
2330 121
2330 121
2330 121
2330 120
2330 121
2330 121
2330 120
2330 120
2330 121
2330 119
2330 120
2330 121
2330 121
2330 121
2330 122
2330 120
2330 120
2330 120
2330 120
2330 117
2330 120
2330 120
2330 121
2330 120
2330 120
2330 122
2330 121
2330 120
2330 121
2330 120
2330 121
2330 120
2330 121
2330 120
2330 121
2330 120
2330 121
2330 121
2330 120
2330 120
2330 121
2330 121
2330 121
2330 120
2330 120
2330 120
2330 121
2330 120
2330 120
2330 122
2335 118
2335 118
2335 119
2335 118
2335 119
2335 118
2335 118
2335 118
2335 119
2335 119
2335 118
2335 118
2335 118
2335 118
2335 118
2335 119
2335 118
2335 119
2335 118
2335 120
2335 119
2335 118
2335 118
2335 117
2335 119
2335 118
2335 118
2335 115
2335 118
2335 119
2335 119
2335 118
2335 119
2335 117
2335 118
2335 119
2335 120
2335 119
2335 118
2335 118
2335 118
2335 118
2335 118
2335 119
2335 120
2335 118
2335 117
2335 119
2335 118
2335 119
2335 118
2335 118
2335 119
2335 116
2335 119
2335 118
2335 118
2335 120
2335 118
2335 118
2335 118
2335 119
2335 119
2335 118
2335 118
2335 119
2335 117
2335 118
2335 119
2335 118
2335 118
2335 118
2335 118
2335 118
2335 118
2335 118
2335 119
2335 118
2335 118
2335 118
2335 119
2335 118
2335 119
2335 119
2335 118
2335 117
2335 118
2335 119
2335 119
2335 118
2335 119
2335 119
2335 119
2335 118
2335 118
2335 118
2335 119
2335 118
2335 120
2335 119
2340 116
2340 114
2340 115
2340 116
2340 115
2340 115
2340 115
2340 116
2340 115
2340 116
2340 116
2340 115
2340 115
2340 115
2340 115
2340 116
2340 116
2340 115
2340 115
2340 115
2340 115
2340 115
2340 115
2340 115
2340 116
2340 117
2340 115
2340 115
2340 116
2340 115
2340 116
2340 115
2340 115
2340 116
2340 115
2340 115
2340 115
2340 115
2340 115
2340 115
2340 115
2340 115
2340 115
2340 116
2340 113
2340 116
2340 116
2340 117
2340 115
2340 116
2340 117
2340 116
2340 115
2340 116
2340 116
2340 115
2340 115
2340 116
2340 116
2340 116
2340 115
2340 115
2340 115
2340 116
2340 116
2340 116
2340 115
2340 113
2340 113
2340 115
2340 115
2340 114
2340 115
2340 117
2340 117
2340 115
2340 115
2340 115
2340 116
2340 115
2340 116
2340 116
2340 115
2340 116
2340 115
2340 116
2340 115
2340 115
2340 115
2340 116
2340 116
2340 116
2340 114
2340 115
2340 116
2340 116
2340 116
2340 116
2340 115
2340 116
2345 114
2345 113
2345 113
2345 113
2345 114
2345 113
2345 114
2345 114
2345 114
2345 115
2345 114
2345 113
2345 113
2345 113
2345 115
2345 113
2345 113
2345 114
2345 113
2345 114
2345 113
2345 114
2345 114
2345 114
2345 114
2345 113
2345 113
2345 114
2345 114
2345 114
2345 114
2345 114
2345 114
2345 114
2345 115
2345 114
2345 113
2345 114
2345 113
2345 113
2345 114
2345 114
2345 114
2345 114
2345 114
2345 115
2345 114
2345 113
2345 114
2345 113
2345 113
2345 114
2345 114
2345 114
2345 114
2345 113
2345 115
2345 114
2345 114
2345 113
2345 114
2345 113
2345 114
2345 113
2345 114
2345 114
2345 114
2345 114
2345 114
2345 113
2345 113
2345 114
2345 114
2345 113
2345 114
2345 114
2345 114
2345 114
2345 113
2345 114
2345 114
2345 114
2345 113
2345 114
2345 113
2345 113
2345 114
2345 113
2345 114
2345 113
2345 114
2345 115
2345 115
2345 113
2345 114
2345 114
2345 115
2345 113
2345 113
2345 114
2350 111
2350 113
2350 113
2350 113
2350 113
2350 112
2350 113
2350 113
2350 113
2350 111
2350 113
2350 113
2350 112
2350 113
2350 113
2350 113
2350 113
2350 113
2350 113
2350 113
2350 113
2350 113
2350 112
2350 113
2350 112
2350 113
2350 112
2350 113
2350 113
2350 112
2350 113
2350 113
2350 112
2350 113
2350 113
2350 113
2350 113
2350 112
2350 113
2350 112
2350 113
2350 112
2350 113
2350 113
2350 113
2350 113
2350 113
2350 112
2350 113
2350 112
2350 112
2350 112
2350 113
2350 113
2350 112
2350 113
2350 113
2350 113
2350 113
2350 113
2350 112
2350 113
2350 113
2350 113
2350 113
2350 113
2350 113
2350 112
2350 113
2350 112
2350 113
2350 113
2350 113
2350 113
2350 113
2350 112
2350 113
2350 112
2350 113
2350 112
2350 112
2350 113
2350 110
2350 112
2350 112
2350 113
2350 113
2350 112
2350 112
2350 113
2350 112
2350 113
2350 112
2350 113
2350 113
2350 112
2350 112
2350 113
2350 112
2355 111
2355 111
2355 111
2355 111
2355 110
2355 110
2355 111
2355 111
2355 110
2355 110
2355 111
2355 111
2355 110
2355 110
2355 110
2355 111
2355 110
2355 109
2355 111
2355 110
2355 110
2355 110
2355 111
2355 110
2355 110
2355 110
2355 110
2355 111
2355 111
2355 110
2355 110
2355 110
2355 110
2355 109
2355 110
2355 109
2355 110
2355 111
2355 111
2355 111
2355 111
2355 111
2355 110
2355 111
2355 111
2355 111
2355 110
2355 110
2355 111
2355 111
2355 111
2355 110
2355 110
2355 111
2355 110
2355 111
2355 111
2355 110
2355 111
2355 110
2355 111
2355 110
2355 111
2355 110
2355 110
2355 110
2355 111
2355 110
2355 110
2355 111
2355 110
2355 111
2355 110
2355 111
2355 110
2355 109
2355 110
2355 111
2355 108
2355 110
2355 110
2355 111
2355 109
2355 111
2355 112
2355 111
2355 110
2355 111
2355 111
2355 111
2355 111
2355 109
2355 110
2355 109
2355 110
2355 111
2355 110
2355 110
2355 110
2355 110
2360 107
2360 107
2360 108
2360 109
2360 108
2360 108
2360 108
2360 107
2360 108
2360 107
2360 109
2360 109
2360 109
2360 107
2360 109
2360 106
2360 108
2360 108
2360 109
2360 108
2360 107
2360 109
2360 109
2360 108
2360 109
2360 108
2360 109
2360 109
2360 108
2360 107
2360 109
2360 108
2360 109
2360 107
2360 108
2360 109
2360 108
2360 109
2360 106
2360 107
2360 107
2360 108
2360 108
2360 107
2360 108
2360 106
2360 107
2360 107
2360 109
2360 107
2360 108
2360 109
2360 107
2360 107
2360 109
2360 109
2360 108
2360 109
2360 109
2360 108
2360 108
2360 108
2360 107
2360 108
2360 109
2360 106
2360 107
2360 109
2360 108
2360 109
2360 109
2360 109
2360 107
2360 107
2360 109
2360 105
2360 109
2360 106
2360 109
2360 107
2360 107
2360 109
2360 109
2360 108
2360 109
2360 106
2360 107
2360 109
2360 109
2360 108
2360 109
2360 107
2360 107
2360 107
2360 106
2360 109
2360 107
2360 108
2360 107
2365 106
2365 106
2365 106
2365 106
2365 106
2365 106
2365 104
2365 106
2365 106
2365 106
2365 106
2365 106
2365 106
2365 106
2365 106
2365 106
2365 106
2365 106
2365 106
2365 106
2365 106
2365 106
2365 106
2365 104
2365 106
2365 106
2365 106
2365 105
2365 106
2365 106
2365 104
2365 106
2365 106
2365 106
2365 106
2365 106
2365 106
2365 106
2365 106
2365 106
2365 106
2365 106
2365 106
2365 106
2365 106
2365 106
2365 106
2365 106
2365 106
2365 106
2365 106
2365 106
2365 106
2365 106
2365 106
2365 106
2365 106
2365 106
2365 106
2365 106
2365 106
2365 106
2365 106
2365 106
2365 106
2365 105
2365 106
2365 106
2365 106
2365 106
2365 106
2365 106
2365 106
2365 106
2365 106
2365 106
2365 106
2365 106
2365 106
2365 106
2365 106
2365 106
2365 106
2365 106
2365 106
2365 106
2365 106
2365 106
2365 106
2365 106
2365 107
2365 106
2365 106
2365 106
2365 106
2365 106
2365 106
2365 106
2365 106
2365 106
2370 105
2370 104
2370 105
2370 104
2370 105
2370 104
2370 106
2370 104
2370 105
2370 105
2370 106
2370 105
2370 103
2370 105
2370 106
2370 104
2370 105
2370 105
2370 106
2370 105
2370 106
2370 105
2370 104
2370 105
2370 104
2370 104
2370 105
2370 103
2370 105
2370 104
2370 105
2370 105
2370 105
2370 106
2370 105
2370 105
2370 103
2370 104
2370 105
2370 105
2370 105
2370 104
2370 105
2370 104
2370 104
2370 105
2370 105
2370 106
2370 105
2370 104
2370 102
2370 105
2370 105
2370 103
2370 106
2370 104
2370 105
2370 105
2370 104
2370 105
2370 105
2370 106
2370 104
2370 105
2370 106
2370 105
2370 104
2370 104
2370 104
2370 105
2370 106
2370 105
2370 105
2370 105
2370 104
2370 104
2370 104
2370 105
2370 105
2370 104
2370 104
2370 104
2370 105
2370 105
2370 105
2370 105
2370 104
2370 106
2370 106
2370 104
2370 103
2370 105
2370 105
2370 105
2370 105
2370 105
2370 104
2370 106
2370 105
2370 104
2375 103
2375 101
2375 103
2375 103
2375 102
2375 101
2375 103
2375 103
2375 104
2375 102
2375 100
2375 103
2375 102
2375 103
2375 101
2375 103
2375 103
2375 102
2375 101
2375 103
2375 103
2375 101
2375 103
2375 103
2375 103
2375 103
2375 101
2375 103
2375 103
2375 103
2375 103
2375 103
2375 103
2375 103
2375 102
2375 101
2375 100
2375 103
2375 104
2375 101
2375 103
2375 103
2375 103
2375 103
2375 103
2375 99
2375 103
2375 103
2375 103
2375 101
2375 101
2375 100
2375 104
2375 102
2375 101
2375 102
2375 103
2375 103
2375 102
2375 104
2375 102
2375 104
2375 103
2375 102
2375 101
2375 102
2375 103
2375 103
2375 103
2375 103
2375 102
2375 103
2375 103
2375 103
2375 103
2375 103
2375 103
2375 102
2375 103
2375 103
2375 103
2375 104
2375 103
2375 102
2375 102
2375 103
2375 103
2375 103
2375 103
2375 103
2375 101
2375 101
2375 103
2375 103
2375 102
2375 103
2375 103
2375 102
2375 103
2380 98
2380 99
2380 100
2380 100
2380 99
2380 101
2380 101
2380 100
2380 100
2380 101
2380 100
2380 101
2380 100
2380 99
2380 99
2380 100
2380 100
2380 101
2380 100
2380 100
2380 100
2380 100
2380 100
2380 101
2380 100
2380 100
2380 100
2380 99
2380 100
2380 100
2380 101
2380 100
2380 100
2380 100
2380 100
2380 100
2380 100
2380 100
2380 99
2380 100
2380 101
2380 99
2380 99
2380 100
2380 100
2380 100
2380 100
2380 100
2380 99
2380 100
2380 99
2380 100
2380 100
2380 99
2380 100
2380 100
2380 100
2380 100
2380 100
2380 100
2380 100
2380 99
2380 100
2380 100
2380 100
2380 100
2380 100
2380 100
2380 100
2380 100
2380 100
2380 99
2380 101
2380 100
2380 101
2380 100
2380 100
2380 100
2380 101
2380 97
2380 100
2380 100
2380 100
2380 100
2380 100
2380 99
2380 100
2380 100
2380 100
2380 97
2380 100
2380 99
2380 99
2380 97
2380 100
2380 100
2380 100
2380 100
2380 100
2380 100
2385 98
2385 99
2385 97
2385 97
2385 99
2385 99
2385 97
2385 98
2385 98
2385 97
2385 98
2385 98
2385 96
2385 98
2385 97
2385 97
2385 98
2385 97
2385 97
2385 97
2385 98
2385 98
2385 98
2385 98
2385 98
2385 97
2385 97
2385 98
2385 97
2385 95
2385 98
2385 97
2385 97
2385 97
2385 97
2385 97
2385 98
2385 99
2385 98
2385 98
2385 98
2385 99
2385 98
2385 99
2385 97
2385 98
2385 97
2385 97
2385 98
2385 98
2385 97
2385 98
2385 97
2385 97
2385 97
2385 98
2385 97
2385 98
2385 99
2385 98
2385 97
2385 97
2385 98
2385 98
2385 97
2385 96
2385 98
2385 98
2385 98
2385 98
2385 99
2385 98
2385 98
2385 97
2385 98
2385 97
2385 98
2385 97
2385 98
2385 97
2385 97
2385 97
2385 98
2385 98
2385 98
2385 97
2385 98
2385 96
2385 98
2385 97
2385 98
2385 98
2385 99
2385 98
2385 97
2385 98
2385 98
2385 98
2385 98
2385 98
2390 97
2390 96
2390 97
2390 96
2390 96
2390 96
2390 97
2390 96
2390 96
2390 95
2390 94
2390 96
2390 96
2390 97
2390 97
2390 95
2390 97
2390 96
2390 96
2390 96
2390 96
2390 96
2390 97
2390 96
2390 97
2390 96
2390 96
2390 95
2390 96
2390 97
2390 96
2390 96
2390 96
2390 97
2390 96
2390 96
2390 96
2390 97
2390 95
2390 95
2390 97
2390 96
2390 95
2390 96
2390 97
2390 97
2390 95
2390 96
2390 96
2390 97
2390 95
2390 96
2390 97
2390 96
2390 95
2390 95
2390 96
2390 96
2390 96
2390 96
2390 96
2390 95
2390 97
2390 96
2390 96
2390 97
2390 97
2390 96
2390 96
2390 96
2390 96
2390 97
2390 95
2390 96
2390 96
2390 96
2390 96
2390 96
2390 97
2390 95
2390 96
2390 96
2390 97
2390 96
2390 97
2390 96
2390 96
2390 97
2390 96
2390 96
2390 95
2390 97
2390 96
2390 96
2390 97
2390 96
2390 96
2390 97
2390 95
2390 95
2395 95
2395 95
2395 95
2395 95
2395 95
2395 95
2395 95
2395 95
2395 95
2395 95
2395 95
2395 95
2395 95
2395 95
2395 94
2395 95
2395 95
2395 95
2395 95
2395 95
2395 95
2395 94
2395 95
2395 95
2395 93
2395 95
2395 93
2395 95
2395 94
2395 95
2395 95
2395 95
2395 95
2395 94
2395 95
2395 95
2395 95
2395 95
2395 95
2395 95
2395 95
2395 95
2395 95
2395 95
2395 94
2395 95
2395 95
2395 95
2395 95
2395 95
2395 95
2395 94
2395 95
2395 95
2395 95
2395 95
2395 94
2395 95
2395 95
2395 94
2395 94
2395 95
2395 95
2395 95
2395 95
2395 95
2395 95
2395 95
2395 95
2395 95
2395 95
2395 95
2395 94
2395 95
2395 94
2395 95
2395 95
2395 94
2395 95
2395 95
2395 95
2395 95
2395 95
2395 95
2395 95
2395 95
2395 95
2395 95
2395 95
2395 95
2395 95
2395 95
2395 95
2395 95
2395 95
2395 95
2395 95
2395 95
2395 95
2395 95
2400 92
2400 93
2400 93
2400 92
2400 92
2400 92
2400 91
2400 93
2400 93
2400 92
2400 93
2400 93
2400 92
2400 93
2400 92
2400 93
2400 92
2400 92
2400 90
2400 93
2400 92
2400 93
2400 92
2400 93
2400 93
2400 93
2400 93
2400 93
2400 92
2400 91
2400 93
2400 92
2400 93
2400 92
2400 93
2400 91
2400 93
2400 93
2400 93
2400 93
2400 93
2400 92
2400 92
2400 92
2400 92
2400 93
2400 92
2400 92
2400 93
2400 93
2400 93
2400 93
2400 93
2400 91
2400 93
2400 91
2400 93
2400 91
2400 93
2400 92
2400 92
2400 92
2400 92
2400 92
2400 92
2400 91
2400 93
2400 92
2400 92
2400 93
2400 92
2400 91
2400 93
2400 91
2400 93
2400 93
2400 93
2400 93
2400 92
2400 92
2400 92
2400 93
2400 92
2400 93
2400 92
2400 93
2400 92
2400 93
2400 92
2400 93
2400 91
2400 92
2400 92
2400 92
2400 91
2400 92
2400 93
2400 92
2400 93
2400 92
2405 91
2405 91
2405 91
2405 90
2405 90
2405 90
2405 88
2405 91
2405 90
2405 90
2405 90
2405 90
2405 90
2405 91
2405 90
2405 90
2405 91
2405 90
2405 90
2405 90
2405 91
2405 91
2405 91
2405 90
2405 90
2405 90
2405 90
2405 90
2405 90
2405 90
2405 90
2405 90
2405 90
2405 91
2405 91
2405 91
2405 90
2405 91
2405 90
2405 91
2405 90
2405 90
2405 90
2405 91
2405 91
2405 90
2405 90
2405 90
2405 91
2405 91
2405 91
2405 90
2405 90
2405 90
2405 91
2405 90
2405 91
2405 91
2405 91
2405 91
2405 90
2405 90
2405 92
2405 91
2405 90
2405 91
2405 91
2405 91
2405 91
2405 91
2405 91
2405 91
2405 90
2405 91
2405 91
2405 90
2405 91
2405 90
2405 91
2405 90
2405 91
2405 89
2405 90
2405 90
2405 91
2405 89
2405 91
2405 91
2405 90
2405 90
2405 91
2405 90
2405 90
2405 91
2405 91
2405 91
2405 91
2405 90
2405 90
2405 89
2410 89
2410 89
2410 90
2410 88
2410 90
2410 90
2410 88
2410 90
2410 89
2410 88
2410 89
2410 90
2410 90
2410 89
2410 90
2410 88
2410 89
2410 89
2410 90
2410 89
2410 89
2410 88
2410 89
2410 89
2410 88
2410 89
2410 90
2410 89
2410 89
2410 88
2410 90
2410 89
2410 89
2410 90
2410 89
2410 90
2410 88
2410 89
2410 89
2410 88
2410 88
2410 89
2410 89
2410 88
2410 88
2410 90
2410 88
2410 90
2410 89
2410 89
2410 89
2410 89
2410 88
2410 90
2410 90
2410 89
2410 90
2410 88
2410 89
2410 88
2410 89
2410 90
2410 89
2410 90
2410 88
2410 89
2410 90
2410 88
2410 89
2410 89
2410 89
2410 89
2410 86
2410 88
2410 90
2410 90
2410 90
2410 89
2410 89
2410 90
2410 90
2410 88
2410 90
2410 90
2410 89
2410 88
2410 89
2410 90
2410 89
2410 90
2410 89
2410 89
2410 89
2410 89
2410 89
2410 90
2410 90
2410 90
2410 88
2410 88
2415 88
2415 87
2415 86
2415 88
2415 87
2415 85
2415 88
2415 87
2415 87
2415 86
2415 87
2415 87
2415 87
2415 86
2415 87
2415 86
2415 85
2415 87
2415 87
2415 87
2415 86
2415 87
2415 87
2415 85
2415 86
2415 88
2415 88
2415 86
2415 87
2415 86
2415 85
2415 87
2415 88
2415 88
2415 88
2415 88
2415 87
2415 88
2415 88
2415 88
2415 88
2415 86
2415 86
2415 88
2415 85
2415 87
2415 84
2415 86
2415 87
2415 88
2415 87
2415 86
2415 84
2415 86
2415 87
2415 87
2415 88
2415 87
2415 88
2415 87
2415 87
2415 86
2415 88
2415 87
2415 86
2415 88
2415 86
2415 88
2415 86
2415 86
2415 87
2415 87
2415 88
2415 86
2415 87
2415 86
2415 86
2415 87
2415 87
2415 86
2415 87
2415 87
2415 88
2415 86
2415 86
2415 87
2415 86
2415 86
2415 86
2415 88
2415 88
2415 87
2415 86
2415 87
2415 86
2415 87
2415 88
2415 86
2415 86
2415 86
2420 84
2420 83
2420 83
2420 84
2420 84
2420 83
2420 83
2420 83
2420 83
2420 84
2420 83
2420 84
2420 83
2420 84
2420 83
2420 85
2420 84
2420 83
2420 83
2420 84
2420 84
2420 83
2420 82
2420 84
2420 83
2420 84
2420 84
2420 84
2420 84
2420 83
2420 84
2420 83
2420 84
2420 84
2420 84
2420 85
2420 84
2420 85
2420 84
2420 84
2420 84
2420 85
2420 84
2420 83
2420 85
2420 84
2420 84
2420 84
2420 84
2420 85
2420 84
2420 83
2420 84
2420 84
2420 83
2420 84
2420 84
2420 84
2420 84
2420 83
2420 84
2420 84
2420 84
2420 83
2420 84
2420 84
2420 84
2420 84
2420 83
2420 84
2420 84
2420 83
2420 84
2420 83
2420 84
2420 85
2420 83
2420 84
2420 83
2420 83
2420 84
2420 84
2420 84
2420 83
2420 84
2420 83
2420 85
2420 84
2420 83
2420 84
2420 83
2420 83
2420 84
2420 84
2420 84
2420 84
2420 84
2420 84
2420 83
2420 83
2425 82
2425 82
2425 82
2425 82
2425 82
2425 82
2425 83
2425 82
2425 82
2425 83
2425 81
2425 82
2425 82
2425 82
2425 82
2425 82
2425 82
2425 82
2425 81
2425 81
2425 82
2425 82
2425 82
2425 80
2425 82
2425 82
2425 82
2425 82
2425 81
2425 83
2425 82
2425 82
2425 82
2425 83
2425 82
2425 83
2425 83
2425 83
2425 82
2425 81
2425 81
2425 81
2425 82
2425 82
2425 83
2425 82
2425 82
2425 81
2425 82
2425 81
2425 81
2425 82
2425 81
2425 83
2425 82
2425 83
2425 81
2425 83
2425 83
2425 82
2425 82
2425 83
2425 82
2425 82
2425 83
2425 83
2425 82
2425 82
2425 82
2425 82
2425 82
2425 82
2425 82
2425 83
2425 81
2425 81
2425 82
2425 81
2425 81
2425 82
2425 82
2425 83
2425 81
2425 82
2425 82
2425 82
2425 83
2425 83
2425 82
2425 82
2425 82
2425 82
2425 82
2425 81
2425 82
2425 82
2425 83
2425 83
2425 82
2425 83
2430 81
2430 81
2430 81
2430 81
2430 80
2430 81
2430 81
2430 81
2430 80
2430 81
2430 80
2430 81
2430 79
2430 81
2430 81
2430 81
2430 81
2430 81
2430 81
2430 80
2430 81
2430 81
2430 81
2430 81
2430 81
2430 80
2430 81
2430 81
2430 81
2430 81
2430 81
2430 81
2430 80
2430 81
2430 81
2430 81
2430 80
2430 81
2430 80
2430 81
2430 80
2430 81
2430 81
2430 81
2430 81
2430 81
2430 81
2430 81
2430 81
2430 80
2430 81
2430 79
2430 81
2430 81
2430 81
2430 81
2430 81
2430 81
2430 81
2430 81
2430 81
2430 81
2430 79
2430 81
2430 79
2430 81
2430 81
2430 81
2430 81
2430 81
2430 81
2430 81
2430 81
2430 81
2430 81
2430 81
2430 81
2430 81
2430 81
2430 81
2430 81
2430 80
2430 81
2430 80
2430 81
2430 79
2430 81
2430 81
2430 81
2430 81
2430 82
2430 81
2430 81
2430 81
2430 81
2430 81
2430 81
2430 81
2430 81
2430 81
2435 79
2435 79
2435 80
2435 79
2435 79
2435 80
2435 79
2435 79
2435 79
2435 79
2435 79
2435 79
2435 80
2435 78
2435 78
2435 80
2435 78
2435 78
2435 79
2435 79
2435 79
2435 80
2435 78
2435 79
2435 77
2435 79
2435 79
2435 78
2435 79
2435 79
2435 79
2435 79
2435 79
2435 79
2435 77
2435 79
2435 78
2435 79
2435 79
2435 80
2435 79
2435 79
2435 79
2435 79
2435 77
2435 78
2435 78
2435 79
2435 80
2435 79
2435 78
2435 80
2435 78
2435 79
2435 79
2435 79
2435 79
2435 79
2435 80
2435 78
2435 79
2435 79
2435 80
2435 79
2435 79
2435 77
2435 80
2435 79
2435 78
2435 78
2435 79
2435 79
2435 79
2435 79
2435 79
2435 79
2435 78
2435 79
2435 79
2435 79
2435 78
2435 79
2435 79
2435 78
2435 78
2435 80
2435 79
2435 77
2435 78
2435 79
2435 79
2435 79
2435 79
2435 78
2435 79
2435 79
2435 78
2435 80
2435 79
2440 77
2440 76
2440 77
2440 77
2440 77
2440 77
2440 76
2440 77
2440 77
2440 75
2440 77
2440 76
2440 75
2440 77
2440 77
2440 76
2440 77
2440 76
2440 77
2440 76
2440 76
2440 77
2440 77
2440 77
2440 77
2440 77
2440 77
2440 77
2440 77
2440 77
2440 77
2440 76
2440 77
2440 77
2440 77
2440 75
2440 77
2440 76
2440 77
2440 77
2440 77
2440 77
2440 76
2440 77
2440 77
2440 77
2440 77
2440 77
2440 77
2440 77
2440 77
2440 77
2440 77
2440 76
2440 77
2440 78
2440 77
2440 77
2440 77
2440 77
2440 77
2440 76
2440 76
2440 77
2440 77
2440 77
2440 76
2440 77
2440 77
2440 77
2440 77
2440 77
2440 77
2440 77
2440 77
2440 77
2440 77
2440 77
2440 76
2440 77
2440 77
2440 77
2440 77
2440 77
2440 77
2440 77
2440 77
2440 74
2440 77
2440 77
2440 77
2440 77
2440 77
2440 77
2440 77
2440 78
2440 77
2440 75
2440 76
2440 77
2445 74
2445 75
2445 74
2445 74
2445 75
2445 74
2445 72
2445 75
2445 74
2445 74
2445 74
2445 74
2445 74
2445 75
2445 74
2445 74
2445 75
2445 74
2445 74
2445 75
2445 74
2445 74
2445 75
2445 74
2445 74
2445 75
2445 74
2445 74
2445 74
2445 74
2445 74
2445 74
2445 74
2445 74
2445 74
2445 74
2445 75
2445 74
2445 74
2445 74
2445 74
2445 75
2445 74
2445 74
2445 74
2445 75
2445 74
2445 74
2445 74
2445 74
2445 74
2445 74
2445 74
2445 75
2445 74
2445 73
2445 74
2445 74
2445 74
2445 74
2445 74
2445 73
2445 74
2445 74
2445 75
2445 74
2445 74
2445 74
2445 74
2445 75
2445 74
2445 76
2445 75
2445 74
2445 75
2445 74
2445 74
2445 74
2445 74
2445 74
2445 74
2445 74
2445 74
2445 74
2445 74
2445 74
2445 74
2445 74
2445 74
2445 74
2445 72
2445 74
2445 74
2445 75
2445 74
2445 74
2445 74
2445 75
2445 75
2450 73
2450 73
2450 73
2450 73
2450 73
2450 74
2450 73
2450 73
2450 72
2450 73
2450 73
2450 72
2450 73
2450 74
2450 71
2450 73
2450 73
2450 72
2450 73
2450 73
2450 74
2450 74
2450 73
2450 73
2450 73
2450 74
2450 73
2450 73
2450 73
2450 72
2450 72
2450 73
2450 73
2450 72
2450 73
2450 72
2450 73
2450 73
2450 73
2450 73
2450 73
2450 72
2450 73
2450 72
2450 73
2450 72
2450 71
2450 74
2450 73
2450 73
2450 72
2450 73
2450 73
2450 74
2450 72
2450 74
2450 73
2450 73
2450 73
2450 72
2450 73
2450 74
2450 73
2450 73
2450 72
2450 71
2450 74
2450 73
2450 73
2450 72
2450 73
2450 73
2450 73
2450 73
2450 73
2450 72
2450 74
2450 72
2450 73
2450 72
2450 72
2450 74
2450 74
2450 73
2450 74
2450 74
2450 73
2450 73
2450 72
2450 73
2450 73
2450 73
2450 73
2450 73
2450 73
2450 73
2450 73
2450 73
2450 72
2450 73
2455 71
2455 71
2455 69
2455 70
2455 70
2455 72
2455 70
2455 71
2455 71
2455 71
2455 71
2455 72
2455 68
2455 71
2455 71
2455 70
2455 69
2455 72
2455 72
2455 71
2455 71
2455 70
2455 71
2455 71
2455 69
2455 71
2455 71
2455 69
2455 71
2455 71
2455 72
2455 69
2455 70
2455 71
2455 71
2455 71
2455 71
2455 71
2455 69
2455 71
2455 71
2455 71
2455 71
2455 71
2455 70
2455 71
2455 71
2455 70
2455 69
2455 71
2455 71
2455 68
2455 72
2455 71
2455 72
2455 69
2455 71
2455 71
2455 70
2455 71
2455 70
2455 71
2455 71
2455 72
2455 71
2455 71
2455 71
2455 70
2455 71
2455 69
2455 71
2455 68
2455 71
2455 71
2455 71
2455 72
2455 71
2455 71
2455 71
2455 71
2455 71
2455 69
2455 71
2455 70
2455 70
2455 71
2455 71
2455 71
2455 71
2455 71
2455 72
2455 71
2455 70
2455 69
2455 71
2455 71
2455 70
2455 71
2455 71
2455 71
2460 68
2460 68
2460 67
2460 68
2460 67
2460 68
2460 67
2460 68
2460 69
2460 68
2460 68
2460 68
2460 68
2460 69
2460 67
2460 67
2460 68
2460 68
2460 68
2460 68
2460 68
2460 68
2460 68
2460 68
2460 68
2460 67
2460 68
2460 68
2460 68
2460 68
2460 68
2460 67
2460 68
2460 68
2460 68
2460 67
2460 68
2460 68
2460 66
2460 69
2460 67
2460 68
2460 68
2460 68
2460 68
2460 67
2460 68
2460 68
2460 68
2460 68
2460 68
2460 68
2460 69
2460 68
2460 69
2460 68
2460 68
2460 68
2460 67
2460 68
2460 68
2460 68
2460 68
2460 69
2460 69
2460 68
2460 69
2460 68
2460 68
2460 68
2460 67
2460 68
2460 68
2460 68
2460 70
2460 67
2460 68
2460 67
2460 68
2460 69
2460 68
2460 67
2460 68
2460 68
2460 66
2460 68
2460 69
2460 69
2460 68
2460 68
2460 68
2460 68
2460 68
2460 68
2460 68
2460 68
2460 68
2460 69
2460 68
2460 68
2465 67
2465 65
2465 65
2465 65
2465 66
2465 66
2465 67
2465 66
2465 66
2465 66
2465 66
2465 66
2465 66
2465 66
2465 67
2465 67
2465 66
2465 66
2465 65
2465 66
2465 66
2465 66
2465 66
2465 66
2465 67
2465 65
2465 66
2465 65
2465 67
2465 66
2465 66
2465 65
2465 67
2465 66
2465 66
2465 66
2465 65
2465 66
2465 65
2465 66
2465 66
2465 66
2465 65
2465 67
2465 66
2465 65
2465 66
2465 66
2465 67
2465 67
2465 66
2465 66
2465 65
2465 66
2465 67
2465 66
2465 64
2465 66
2465 65
2465 66
2465 66
2465 65
2465 66
2465 65
2465 66
2465 66
2465 65
2465 66
2465 66
2465 66
2465 65
2465 65
2465 66
2465 66
2465 67
2465 66
2465 65
2465 66
2465 67
2465 66
2465 66
2465 65
2465 67
2465 66
2465 66
2465 66
2465 67
2465 65
2465 65
2465 65
2465 65
2465 65
2465 65
2465 66
2465 65
2465 67
2465 66
2465 66
2465 66
2465 65
2470 66
2470 65
2470 65
2470 64
2470 65
2470 65
2470 64
2470 64
2470 65
2470 65
2470 65
2470 65
2470 64
2470 65
2470 64
2470 64
2470 65
2470 65
2470 65
2470 65
2470 64
2470 65
2470 65
2470 64
2470 65
2470 63
2470 63
2470 65
2470 65
2470 64
2470 64
2470 65
2470 64
2470 64
2470 64
2470 64
2470 65
2470 64
2470 64
2470 65
2470 64
2470 65
2470 65
2470 65
2470 65
2470 65
2470 64
2470 65
2470 64
2470 65
2470 65
2470 63
2470 65
2470 64
2470 65
2470 64
2470 63
2470 65
2470 65
2470 65
2470 65
2470 65
2470 65
2470 64
2470 65
2470 64
2470 64
2470 64
2470 64
2470 64
2470 65
2470 65
2470 64
2470 64
2470 64
2470 65
2470 63
2470 64
2470 64
2470 64
2470 64
2470 64
2470 65
2470 65
2470 65
2470 65
2470 64
2470 64
2470 65
2470 63
2470 64
2470 64
2470 63
2470 64
2470 65
2470 64
2470 63
2470 64
2470 65
2470 64
2475 63
2475 61
2475 63
2475 63
2475 63
2475 63
2475 63
2475 63
2475 62
2475 63
2475 63
2475 63
2475 63
2475 62
2475 63
2475 63
2475 63
2475 63
2475 63
2475 62
2475 62
2475 64
2475 63
2475 63
2475 63
2475 62
2475 63
2475 63
2475 63
2475 63
2475 63
2475 63
2475 63
2475 64
2475 63
2475 63
2475 64
2475 63
2475 63
2475 63
2475 63
2475 63
2475 63
2475 63
2475 63
2475 63
2475 62
2475 63
2475 63
2475 63
2475 63
2475 63
2475 63
2475 63
2475 63
2475 63
2475 63
2475 63
2475 63
2475 63
2475 63
2475 63
2475 63
2475 63
2475 63
2475 63
2475 63
2475 63
2475 63
2475 63
2475 63
2475 63
2475 63
2475 61
2475 63
2475 63
2475 63
2475 62
2475 63
2475 62
2475 63
2475 62
2475 63
2475 63
2475 63
2475 63
2475 63
2475 61
2475 63
2475 63
2475 63
2475 63
2475 63
2475 63
2475 63
2475 64
2475 63
2475 63
2475 63
2475 63
2480 61
2480 61
2480 60
2480 61
2480 61
2480 61
2480 61
2480 61
2480 59
2480 60
2480 61
2480 60
2480 60
2480 59
2480 60
2480 62
2480 61
2480 61
2480 61
2480 61
2480 60
2480 60
2480 62
2480 60
2480 60
2480 61
2480 62
2480 59
2480 61
2480 61
2480 60
2480 59
2480 61
2480 60
2480 60
2480 60
2480 61
2480 61
2480 61
2480 61
2480 60
2480 60
2480 60
2480 60
2480 61
2480 61
2480 60
2480 60
2480 61
2480 61
2480 62
2480 61
2480 60
2480 61
2480 61
2480 60
2480 61
2480 60
2480 61
2480 60
2480 61
2480 60
2480 61
2480 61
2480 61
2480 61
2480 61
2480 60
2480 61
2480 60
2480 60
2480 62
2480 60
2480 61
2480 61
2480 60
2480 62
2480 61
2480 59
2480 60
2480 60
2480 61
2480 61
2480 61
2480 60
2480 61
2480 61
2480 61
2480 61
2480 60
2480 61
2480 59
2480 60
2480 61
2480 60
2480 60
2480 60
2480 60
2480 60
2480 61
2485 59
2485 59
2485 59
2485 59
2485 59
2485 59
2485 58
2485 59
2485 58
2485 60
2485 59
2485 59
2485 59
2485 57
2485 59
2485 58
2485 59
2485 58
2485 59
2485 58
2485 59
2485 59
2485 59
2485 58
2485 58
2485 58
2485 59
2485 59
2485 59
2485 58
2485 58
2485 58
2485 58
2485 58
2485 59
2485 59
2485 59
2485 58
2485 58
2485 58
2485 58
2485 59
2485 58
2485 59
2485 59
2485 58
2485 58
2485 58
2485 59
2485 59
2485 59
2485 59
2485 59
2485 59
2485 58
2485 59
2485 59
2485 58
2485 59
2485 58
2485 59
2485 59
2485 60
2485 59
2485 58
2485 58
2485 58
2485 58
2485 59
2485 59
2485 59
2485 58
2485 60
2485 58
2485 59
2485 58
2485 59
2485 58
2485 59
2485 58
2485 58
2485 59
2485 59
2485 59
2485 59
2485 59
2485 59
2485 59
2485 58
2485 58
2485 58
2485 59
2485 58
2485 58
2485 60
2485 58
2485 59
2485 58
2485 59
2485 57
2490 57
2490 57
2490 57
2490 58
2490 58
2490 57
2490 58
2490 57
2490 56
2490 56
2490 57
2490 58
2490 57
2490 58
2490 57
2490 58
2490 57
2490 58
2490 57
2490 56
2490 58
2490 58
2490 57
2490 56
2490 57
2490 58
2490 57
2490 57
2490 58
2490 58
2490 57
2490 57
2490 57
2490 57
2490 58
2490 58
2490 57
2490 58
2490 57
2490 57
2490 57
2490 58
2490 58
2490 58
2490 58
2490 58
2490 58
2490 57
2490 57
2490 58
2490 58
2490 58
2490 57
2490 58
2490 58
2490 56
2490 58
2490 56
2490 57
2490 56
2490 57
2490 56
2490 57
2490 58
2490 57
2490 58
2490 57
2490 58
2490 58
2490 57
2490 56
2490 58
2490 57
2490 57
2490 57
2490 57
2490 58
2490 58
2490 58
2490 58
2490 57
2490 56
2490 58
2490 54
2490 57
2490 57
2490 55
2490 58
2490 58
2490 55
2490 58
2490 58
2490 58
2490 58
2490 57
2490 58
2490 58
2490 58
2490 57
2495 55
2495 54
2495 55
2495 54
2495 55
2495 54
2495 55
2495 55
2495 55
2495 54
2495 55
2495 56
2495 55
2495 57
2495 55
2495 54
2495 55
2495 54
2495 55
2495 56
2495 56
2495 54
2495 56
2495 56
2495 56
2495 55
2495 56
2495 55
2495 55
2495 55
2495 55
2495 55
2495 54
2495 56
2495 55
2495 54
2495 54
2495 55
2495 55
2495 55
2495 54
2495 56
2495 56
2495 55
2495 56
2495 56
2495 54
2495 55
2495 55
2495 54
2495 55
2495 54
2495 54
2495 56
2495 56
2495 56
2495 53
2495 56
2495 56
2495 54
2495 55
2495 54
2495 54
2495 55
2495 56
2495 56
2495 56
2495 56
2495 56
2495 53
2495 54
2495 55
2495 55
2495 56
2495 55
2495 54
2495 56
2495 55
2495 55
2495 56
2495 53
2495 56
2495 54
2495 56
2495 54
2495 54
2495 55
2495 54
2495 54
2495 54
2495 55
2495 56
2495 55
2495 56
2495 55
2495 54
2495 55
2495 54
2495 55
2495 54
2500 52
2500 51
2500 52
2500 52
2500 52
2500 53
2500 53
2500 52
2500 53
2500 53
2500 52
2500 52
2500 53
2500 52
2500 51
2500 52
2500 52
2500 52
2500 52
2500 53
2500 53
2500 53
2500 52
2500 53
2500 53
2500 53
2500 53
2500 52
2500 52
2500 51
2500 53
2500 53
2500 53
2500 53
2500 53
2500 52
2500 53
2500 54
2500 53
2500 53
2500 52
2500 52
2500 53
2500 52
2500 52
2500 52
2500 53
2500 52
2500 52
2500 53
2500 52
2500 52
2500 52
2500 51
2500 53
2500 53
2500 52
2500 53
2500 53
2500 53
2500 53
2500 52
2500 53
2500 53
2500 53
2500 54
2500 53
2500 52
2500 53
2500 53
2500 52
2500 53
2500 53
2500 52
2500 52
2500 52
2500 52
2500 53
2500 52
2500 53
2500 52
2500 52
2500 51
2500 51
2500 53
2500 52
2500 54
2500 52
2500 52
2500 53
2500 53
2500 52
2500 52
2500 52
2500 54
2500 53
2500 52
2500 53
2500 53
2500 52
2505 51
2505 51
2505 51
2505 51
2505 51
2505 52
2505 51
2505 51
2505 51
2505 50
2505 51
2505 49
2505 51
2505 50
2505 51
2505 51
2505 51
2505 51
2505 52
2505 52
2505 51
2505 51
2505 51
2505 50
2505 50
2505 50
2505 51
2505 51
2505 51
2505 51
2505 51
2505 50
2505 51
2505 50
2505 51
2505 51
2505 50
2505 50
2505 51
2505 50
2505 51
2505 51
2505 51
2505 51
2505 49
2505 51
2505 50
2505 50
2505 51
2505 51
2505 51
2505 51
2505 51
2505 51
2505 51
2505 50
2505 51
2505 51
2505 51
2505 51
2505 50
2505 51
2505 51
2505 51
2505 51
2505 51
2505 50
2505 51
2505 51
2505 51
2505 50
2505 51
2505 50
2505 51
2505 50
2505 51
2505 50
2505 51
2505 51
2505 51
2505 51
2505 51
2505 51
2505 50
2505 51
2505 51
2505 51
2505 51
2505 51
2505 51
2505 51
2505 51
2505 51
2505 51
2505 51
2505 51
2505 51
2505 51
2505 50
2505 50
2510 49
2510 49
2510 48
2510 49
2510 49
2510 49
2510 49
2510 49
2510 49
2510 49
2510 49
2510 50
2510 49
2510 49
2510 49
2510 49
2510 48
2510 49
2510 49
2510 49
2510 49
2510 49
2510 49
2510 49
2510 49
2510 49
2510 50
2510 49
2510 49
2510 49
2510 49
2510 49
2510 49
2510 49
2510 49
2510 49
2510 50
2510 49
2510 49
2510 49
2510 49
2510 49
2510 49
2510 50
2510 49
2510 49
2510 49
2510 49
2510 49
2510 49
2510 50
2510 49
2510 49
2510 50
2510 49
2510 49
2510 49
2510 50
2510 49
2510 50
2510 49
2510 49
2510 49
2510 49
2510 49
2510 49
2510 48
2510 49
2510 49
2510 49
2510 49
2510 49
2510 49
2510 50
2510 49
2510 50
2510 49
2510 49
2510 49
2510 50
2510 49
2510 49
2510 49
2510 49
2510 49
2510 50
2510 49
2510 49
2510 50
2510 49
2510 50
2510 49
2510 49
2510 50
2510 48
2510 50
2510 49
2510 50
2510 49
2515 47
2515 47
2515 47
2515 47
2515 47
2515 48
2515 48
2515 48
2515 47
2515 47
2515 49
2515 47
2515 49
2515 48
2515 47
2515 47
2515 48
2515 49
2515 48
2515 47
2515 48
2515 48
2515 48
2515 48
2515 47
2515 48
2515 48
2515 48
2515 48
2515 47
2515 47
2515 48
2515 47
2515 48
2515 48
2515 48
2515 47
2515 47
2515 48
2515 48
2515 48
2515 47
2515 49
2515 47
2515 48
2515 48
2515 48
2515 46
2515 47
2515 49
2515 48
2515 48
2515 47
2515 47
2515 49
2515 48
2515 48
2515 47
2515 47
2515 47
2515 48
2515 47
2515 48
2515 47
2515 48
2515 47
2515 48
2515 47
2515 47
2515 47
2515 48
2515 48
2515 47
2515 48
2515 48
2515 47
2515 47
2515 48
2515 47
2515 48
2515 49
2515 48
2515 48
2515 46
2515 48
2515 48
2515 47
2515 47
2515 47
2515 48
2515 47
2515 48
2515 47
2515 47
2515 48
2515 47
2515 47
2515 47
2515 47
2515 48
2520 45
2520 45
2520 46
2520 45
2520 46
2520 45
2520 45
2520 46
2520 45
2520 45
2520 46
2520 46
2520 45
2520 45
2520 46
2520 45
2520 45
2520 46
2520 46
2520 45
2520 45
2520 46
2520 45
2520 45
2520 45
2520 45
2520 45
2520 45
2520 45
2520 45
2520 46
2520 45
2520 45
2520 45
2520 45
2520 45
2520 46
2520 46
2520 45
2520 45
2520 45
2520 45
2520 45
2520 45
2520 45
2520 46
2520 44
2520 45
2520 46
2520 45
2520 45
2520 45
2520 45
2520 45
2520 45
2520 45
2520 46
2520 45
2520 46
2520 45
2520 46
2520 45
2520 45
2520 45
2520 46
2520 45
2520 45
2520 46
2520 45
2520 46
2520 45
2520 45
2520 45
2520 45
2520 45
2520 46
2520 45
2520 45
2520 45
2520 45
2520 45
2520 45
2520 46
2520 45
2520 45
2520 46
2520 46
2520 45
2520 45
2520 47
2520 45
2520 45
2520 45
2520 45
2520 45
2520 45
2520 46
2520 45
2520 46
2520 45
2525 44
2525 42
2525 43
2525 42
2525 42
2525 43
2525 44
2525 43
2525 43
2525 44
2525 42
2525 43
2525 44
2525 42
2525 44
2525 42
2525 42
2525 45
2525 43
2525 45
2525 45
2525 42
2525 43
2525 45
2525 43
2525 43
2525 44
2525 44
2525 44
2525 44
2525 42
2525 42
2525 43
2525 44
2525 42
2525 43
2525 42
2525 43
2525 43
2525 42
2525 42
2525 44
2525 43
2525 42
2525 43
2525 43
2525 42
2525 44
2525 43
2525 43
2525 43
2525 45
2525 43
2525 42
2525 42
2525 43
2525 42
2525 44
2525 42
2525 42
2525 43
2525 42
2525 44
2525 43
2525 43
2525 43
2525 44
2525 42
2525 43
2525 42
2525 42
2525 42
2525 43
2525 43
2525 44
2525 43
2525 44
2525 42
2525 44
2525 43
2525 42
2525 45
2525 42
2525 43
2525 41
2525 43
2525 42
2525 44
2525 43
2525 42
2525 44
2525 42
2525 44
2525 44
2525 42
2525 42
2525 43
2525 43
2525 42
2530 42
2530 41
2530 42
2530 42
2530 42
2530 42
2530 42
2530 42
2530 42
2530 41
2530 42
2530 42
2530 42
2530 42
2530 41
2530 42
2530 42
2530 42
2530 42
2530 41
2530 42
2530 40
2530 42
2530 41
2530 42
2530 42
2530 42
2530 42
2530 41
2530 42
2530 41
2530 42
2530 42
2530 42
2530 42
2530 42
2530 42
2530 42
2530 42
2530 42
2530 42
2530 42
2530 41
2530 42
2530 42
2530 42
2530 42
2530 42
2530 42
2530 42
2530 42
2530 42
2530 43
2530 42
2530 42
2530 42
2530 42
2530 42
2530 42
2530 41
2530 41
2530 42
2530 42
2530 42
2530 42
2530 42
2530 40
2530 42
2530 42
2530 42
2530 42
2530 42
2530 42
2530 42
2530 41
2530 41
2530 42
2530 42
2530 42
2530 42
2530 42
2530 42
2530 40
2530 41
2530 42
2530 42
2530 42
2530 41
2530 40
2530 42
2530 42
2530 42
2530 42
2530 42
2530 42
2530 42
2530 42
2530 42
2530 42
2530 41
2535 40
2535 40
2535 42
2535 39
2535 40
2535 38
2535 40
2535 39
2535 39
2535 40
2535 39
2535 40
2535 40
2535 40
2535 40
2535 40
2535 39
2535 39
2535 39
2535 40
2535 39
2535 40
2535 39
2535 39
2535 39
2535 39
2535 40
2535 39
2535 39
2535 39
2535 40
2535 39
2535 39
2535 40
2535 39
2535 39
2535 40
2535 42
2535 40
2535 39
2535 39
2535 40
2535 40
2535 39
2535 40
2535 40
2535 40
2535 41
2535 40
2535 40
2535 40
2535 40
2535 41
2535 40
2535 40
2535 40
2535 39
2535 40
2535 40
2535 42
2535 40
2535 39
2535 41
2535 40
2535 39
2535 40
2535 39
2535 40
2535 39
2535 40
2535 40
2535 40
2535 39
2535 40
2535 40
2535 39
2535 38
2535 41
2535 37
2535 40
2535 41
2535 40
2535 40
2535 40
2535 40
2535 39
2535 39
2535 39
2535 39
2535 40
2535 39
2535 40
2535 40
2535 39
2535 40
2535 39
2535 39
2535 39
2535 40
2535 40
2540 37
2540 37
2540 37
2540 36
2540 36
2540 36
2540 36
2540 37
2540 37
2540 37
2540 37
2540 36
2540 37
2540 37
2540 39
2540 37
2540 36
2540 37
2540 37
2540 37
2540 37
2540 37
2540 37
2540 36
2540 37
2540 37
2540 37
2540 37
2540 37
2540 36
2540 37
2540 37
2540 37
2540 36
2540 37
2540 37
2540 37
2540 36
2540 37
2540 37
2540 37
2540 36
2540 37
2540 39
2540 37
2540 36
2540 37
2540 36
2540 37
2540 37
2540 37
2540 36
2540 37
2540 36
2540 37
2540 37
2540 37
2540 37
2540 37
2540 38
2540 37
2540 37
2540 37
2540 37
2540 37
2540 37
2540 37
2540 37
2540 37
2540 37
2540 37
2540 37
2540 37
2540 37
2540 36
2540 36
2540 37
2540 37
2540 36
2540 37
2540 37
2540 37
2540 37
2540 37
2540 37
2540 37
2540 37
2540 37
2540 37
2540 37
2540 35
2540 36
2540 37
2540 38
2540 37
2540 37
2540 36
2540 36
2540 37
2540 36
2545 35
2545 34
2545 35
2545 35
2545 34
2545 35
2545 35
2545 35
2545 35
2545 35
2545 34
2545 36
2545 35
2545 35
2545 35
2545 35
2545 35
2545 34
2545 35
2545 35
2545 35
2545 36
2545 34
2545 35
2545 35
2545 35
2545 34
2545 35
2545 35
2545 34
2545 34
2545 35
2545 34
2545 35
2545 35
2545 34
2545 35
2545 35
2545 35
2545 34
2545 35
2545 36
2545 36
2545 34
2545 34
2545 34
2545 34
2545 35
2545 34
2545 34
2545 35
2545 35
2545 34
2545 34
2545 35
2545 35
2545 36
2545 35
2545 35
2545 36
2545 35
2545 36
2545 36
2545 36
2545 35
2545 35
2545 35
2545 36
2545 35
2545 34
2545 34
2545 34
2545 35
2545 35
2545 35
2545 35
2545 35
2545 34
2545 34
2545 34
2545 35
2545 35
2545 35
2545 35
2545 34
2545 36
2545 35
2545 34
2545 35
2545 35
2545 36
2545 34
2545 34
2545 34
2545 34
2545 35
2545 35
2545 35
2545 35
2545 36
2550 33
2550 33
2550 33
2550 32
2550 33
2550 34
2550 32
2550 33
2550 33
2550 33
2550 32
2550 33
2550 33
2550 33
2550 33
2550 34
2550 35
2550 32
2550 33
2550 33
2550 33
2550 32
2550 33
2550 33
2550 33
2550 32
2550 33
2550 33
2550 33
2550 33
2550 33
2550 33
2550 33
2550 33
2550 33
2550 33
2550 33
2550 33
2550 32
2550 33
2550 33
2550 33
2550 32
2550 33
2550 34
2550 33
2550 33
2550 33
2550 33
2550 33
2550 33
2550 33
2550 33
2550 33
2550 33
2550 33
2550 33
2550 33
2550 32
2550 34
2550 33
2550 33
2550 33
2550 33
2550 33
2550 33
2550 33
2550 33
2550 33
2550 33
2550 33
2550 33
2550 33
2550 32
2550 33
2550 33
2550 33
2550 33
2550 33
2550 33
2550 33
2550 32
2550 33
2550 33
2550 34
2550 33
2550 33
2550 31
2550 33
2550 33
2550 33
2550 33
2550 33
2550 33
2550 32
2550 33
2550 34
2550 33
2550 33
2550 33
2555 31
2555 31
2555 32
2555 32
2555 32
2555 31
2555 31
2555 31
2555 32
2555 31
2555 31
2555 32
2555 31
2555 31
2555 32
2555 31
2555 31
2555 31
2555 30
2555 31
2555 31
2555 31
2555 32
2555 32
2555 31
2555 31
2555 31
2555 32
2555 31
2555 32
2555 32
2555 31
2555 32
2555 32
2555 32
2555 32
2555 31
2555 31
2555 31
2555 31
2555 31
2555 31
2555 32
2555 31
2555 32
2555 31
2555 31
2555 31
2555 32
2555 31
2555 31
2555 31
2555 31
2555 31
2555 31
2555 32
2555 30
2555 31
2555 31
2555 31
2555 31
2555 32
2555 31
2555 31
2555 31
2555 31
2555 32
2555 31
2555 31
2555 31
2555 31
2555 31
2555 31
2555 31
2555 31
2555 32
2555 31
2555 31
2555 31
2555 31
2555 31
2555 31
2555 31
2555 31
2555 31
2555 31
2555 31
2555 31
2555 31
2555 31
2555 31
2555 32
2555 32
2555 31
2555 31
2555 31
2555 31
2555 31
2555 31
2555 31
2560 30
2560 29
2560 30
2560 30
2560 30
2560 31
2560 30
2560 29
2560 29
2560 30
2560 29
2560 29
2560 30
2560 29
2560 30
2560 31
2560 30
2560 30
2560 30
2560 31
2560 30
2560 31
2560 31
2560 29
2560 29
2560 30
2560 30
2560 31
2560 31
2560 29
2560 30
2560 30
2560 30
2560 30
2560 30
2560 30
2560 29
2560 30
2560 30
2560 30
2560 29
2560 30
2560 31
2560 30
2560 30
2560 30
2560 29
2560 30
2560 30
2560 30
2560 29
2560 29
2560 30
2560 30
2560 30
2560 30
2560 30
2560 29
2560 30
2560 30
2560 30
2560 29
2560 30
2560 29
2560 30
2560 31
2560 30
2560 30
2560 31
2560 29
2560 29
2560 30
2560 31
2560 30
2560 31
2560 29
2560 29
2560 30
2560 30
2560 30
2560 30
2560 29
2560 30
2560 30
2560 30
2560 31
2560 30
2560 29
2560 31
2560 30
2560 29
2560 30
2560 30
2560 31
2560 30
2560 31
2560 30
2560 30
2560 30
2560 30
2565 28
2565 28
2565 27
2565 28
2565 29
2565 28
2565 28
2565 27
2565 28
2565 28
2565 28
2565 28
2565 28
2565 28
2565 29
2565 27
2565 28
2565 28
2565 28
2565 27
2565 29
2565 27
2565 27
2565 29
2565 28
2565 27
2565 29
2565 28
2565 27
2565 27
2565 27
2565 28
2565 28
2565 28
2565 28
2565 29
2565 28
2565 27
2565 29
2565 27
2565 28
2565 29
2565 28
2565 28
2565 27
2565 27
2565 29
2565 28
2565 29
2565 28
2565 28
2565 28
2565 28
2565 28
2565 28
2565 28
2565 28
2565 28
2565 29
2565 28
2565 27
2565 28
2565 28
2565 28
2565 28
2565 28
2565 29
2565 28
2565 29
2565 29
2565 28
2565 27
2565 27
2565 27
2565 27
2565 27
2565 29
2565 28
2565 28
2565 27
2565 28
2565 27
2565 28
2565 27
2565 29
2565 28
2565 29
2565 28
2565 28
2565 28
2565 27
2565 27
2565 28
2565 29
2565 27
2565 29
2565 27
2565 27
2565 29
2565 29
2570 27
2570 26
2570 26
2570 26
2570 26
2570 26
2570 26
2570 26
2570 26
2570 26
2570 26
2570 26
2570 27
2570 26
2570 26
2570 26
2570 26
2570 26
2570 26
2570 26
2570 26
2570 26
2570 26
2570 26
2570 26
2570 27
2570 25
2570 27
2570 25
2570 26
2570 26
2570 26
2570 26
2570 26
2570 27
2570 27
2570 26
2570 26
2570 26
2570 26
2570 27
2570 26
2570 26
2570 26
2570 26
2570 26
2570 26
2570 27
2570 26
2570 26
2570 27
2570 26
2570 27
2570 26
2570 27
2570 27
2570 26
2570 26
2570 26
2570 27
2570 26
2570 26
2570 26
2570 26
2570 26
2570 27
2570 26
2570 27
2570 26
2570 26
2570 27
2570 26
2570 27
2570 26
2570 26
2570 26
2570 26
2570 26
2570 26
2570 26
2570 26
2570 26
2570 26
2570 26
2570 27
2570 26
2570 26
2570 26
2570 26
2570 26
2570 26
2570 26
2570 27
2570 26
2570 26
2570 26
2570 26
2570 26
2570 27
2570 27
2575 25
2575 24
2575 25
2575 24
2575 26
2575 24
2575 24
2575 25
2575 24
2575 24
2575 24
2575 24
2575 24
2575 23
2575 26
2575 24
2575 25
2575 24
2575 24
2575 24
2575 25
2575 24
2575 24
2575 26
2575 25
2575 25
2575 24
2575 24
2575 24
2575 24
2575 24
2575 24
2575 24
2575 23
2575 24
2575 25
2575 25
2575 24
2575 24
2575 25
2575 24
2575 24
2575 24
2575 24
2575 25
2575 25
2575 24
2575 25
2575 25
2575 24
2575 26
2575 25
2575 25
2575 24
2575 25
2575 24
2575 24
2575 25
2575 26
2575 24
2575 22
2575 23
2575 24
2575 24
2575 25
2575 24
2575 24
2575 24
2575 24
2575 24
2575 25
2575 24
2575 24
2575 24
2575 24
2575 24
2575 24
2575 23
2575 24
2575 24
2575 26
2575 24
2575 23
2575 25
2575 23
2575 26
2575 26
2575 24
2575 24
2575 24
2575 24
2575 25
2575 25
2575 26
2575 24
2575 24
2575 25
2575 26
2575 24
2575 24
2580 22
2580 21
2580 21
2580 21
2580 22
2580 20
2580 21
2580 22
2580 22
2580 21
2580 22
2580 20
2580 21
2580 22
2580 21
2580 21
2580 21
2580 22
2580 21
2580 21
2580 22
2580 21
2580 21
2580 21
2580 22
2580 22
2580 21
2580 21
2580 21
2580 21
2580 21
2580 21
2580 20
2580 20
2580 21
2580 21
2580 21
2580 22
2580 20
2580 21
2580 21
2580 21
2580 21
2580 21
2580 21
2580 22
2580 21
2580 22
2580 22
2580 22
2580 20
2580 21
2580 21
2580 22
2580 21
2580 20
2580 20
2580 20
2580 20
2580 21
2580 21
2580 22
2580 20
2580 22
2580 21
2580 22
2580 22
2580 22
2580 22
2580 21
2580 21
2580 21
2580 22
2580 21
2580 22
2580 22
2580 21
2580 22
2580 22
2580 21
2580 22
2580 21
2580 20
2580 21
2580 20
2580 22
2580 21
2580 20
2580 22
2580 21
2580 21
2580 20
2580 20
2580 20
2580 21
2580 21
2580 21
2580 22
2580 21
2580 21
2585 19
2585 19
2585 20
2585 20
2585 20
2585 19
2585 20
2585 20
2585 19
2585 19
2585 20
2585 19
2585 19
2585 18
2585 19
2585 19
2585 19
2585 19
2585 19
2585 19
2585 19
2585 19
2585 19
2585 18
2585 19
2585 19
2585 19
2585 19
2585 20
2585 19
2585 19
2585 19
2585 19
2585 18
2585 19
2585 19
2585 19
2585 19
2585 20
2585 19
2585 19
2585 20
2585 19
2585 19
2585 19
2585 19
2585 19
2585 19
2585 19
2585 19
2585 19
2585 19
2585 19
2585 19
2585 20
2585 19
2585 19
2585 19
2585 19
2585 19
2585 19
2585 19
2585 19
2585 20
2585 19
2585 19
2585 19
2585 19
2585 19
2585 19
2585 19
2585 20
2585 19
2585 19
2585 18
2585 19
2585 19
2585 19
2585 19
2585 19
2585 19
2585 19
2585 20
2585 20
2585 18
2585 19
2585 19
2585 19
2585 19
2585 19
2585 19
2585 19
2585 20
2585 19
2585 19
2585 20
2585 19
2585 19
2585 18
2585 19
2590 17
2590 18
2590 18
2590 17
2590 18
2590 17
2590 18
2590 18
2590 18
2590 17
2590 17
2590 17
2590 18
2590 17
2590 18
2590 17
2590 18
2590 17
2590 17
2590 17
2590 17
2590 18
2590 18
2590 18
2590 17
2590 18
2590 17
2590 17
2590 17
2590 17
2590 18
2590 18
2590 17
2590 18
2590 18
2590 17
2590 17
2590 18
2590 17
2590 17
2590 17
2590 18
2590 18
2590 18
2590 18
2590 17
2590 18
2590 18
2590 17
2590 18
2590 17
2590 17
2590 18
2590 17
2590 17
2590 18
2590 17
2590 17
2590 18
2590 17
2590 18
2590 18
2590 18
2590 17
2590 18
2590 16
2590 18
2590 18
2590 18
2590 17
2590 18
2590 18
2590 18
2590 18
2590 17
2590 18
2590 18
2590 18
2590 18
2590 17
2590 17
2590 17
2590 17
2590 17
2590 18
2590 18
2590 17
2590 17
2590 17
2590 18
2590 18
2590 17
2590 17
2590 17
2590 18
2590 18
2590 17
2590 17
2590 17
2595 16
2595 16
2595 17
2595 17
2595 15
2595 16
2595 17
2595 15
2595 16
2595 15
2595 17
2595 15
2595 17
2595 16
2595 17
2595 16
2595 16
2595 16
2595 15
2595 15
2595 16
2595 17
2595 16
2595 15
2595 15
2595 16
2595 16
2595 17
2595 15
2595 16
2595 15
2595 15
2595 16
2595 17
2595 16
2595 15
2595 17
2595 16
2595 17
2595 17
2595 16
2595 17
2595 16
2595 15
2595 16
2595 16
2595 15
2595 17
2595 15
2595 17
2595 16
2595 16
2595 15
2595 16
2595 16
2595 17
2595 16
2595 15
2595 15
2595 17
2595 17
2595 16
2595 16
2595 16
2595 17
2595 16
2595 16
2595 16
2595 16
2595 17
2595 16
2595 16
2595 16
2595 15
2595 15
2595 17
2595 16
2595 17
2595 15
2595 16
2595 17
2595 16
2595 16
2595 16
2595 17
2595 16
2595 15
2595 16
2595 17
2595 16
2595 15
2595 15
2595 15
2595 17
2595 16
2595 16
2595 17
2595 16
2595 17
2600 13
2600 14
2600 15
2600 13
2600 13
2600 14
2600 13
2600 13
2600 14
2600 13
2600 14
2600 14
2600 13
2600 13
2600 13
2600 14
2600 13
2600 13
2600 14
2600 14
2600 14
2600 14
2600 13
2600 13
2600 14
2600 14
2600 13
2600 14
2600 14
2600 13
2600 14
2600 13
2600 13
2600 13
2600 13
2600 13
2600 13
2600 13
2600 13
2600 13
2600 13
2600 13
2600 14
2600 13
2600 13
2600 13
2600 14
2600 13
2600 14
2600 13
2600 13
2600 13
2600 14
2600 14
2600 12
2600 14
2600 14
2600 13
2600 14
2600 14
2600 13
2600 13
2600 14
2600 14
2600 15
2600 13
2600 14
2600 13
2600 14
2600 13
2600 13
2600 14
2600 13
2600 14
2600 13
2600 13
2600 13
2600 13
2600 14
2600 13
2600 13
2600 14
2600 13
2600 13
2600 14
2600 14
2600 13
2600 13
2600 14
2600 13
2600 13
2600 14
2600 14
2600 13
2600 13
2600 14
2600 13
2600 13
2600 14
2600 13
2605 10
2605 10
2605 11
2605 12
2605 10
2605 11
2605 10
2605 11
2605 10
2605 11
2605 12
2605 11
2605 11
2605 11
2605 12
2605 13
2605 13
2605 11
2605 12
2605 12
2605 10
2605 10
2605 11
2605 12
2605 11
2605 12
2605 11
2605 11
2605 10
2605 12
2605 13
2605 11
2605 11
2605 11
2605 11
2605 11
2605 12
2605 11
2605 12
2605 11
2605 11
2605 11
2605 11
2605 11
2605 11
2605 13
2605 10
2605 12
2605 13
2605 13
2605 12
2605 10
2605 13
2605 10
2605 13
2605 11
2605 10
2605 12
2605 10
2605 10
2605 10
2605 10
2605 13
2605 13
2605 11
2605 10
2605 11
2605 11
2605 11
2605 13
2605 10
2605 13
2605 12
2605 11
2605 12
2605 10
2605 11
2605 10
2605 10
2605 10
2605 13
2605 11
2605 13
2605 10
2605 11
2605 13
2605 12
2605 12
2605 10
2605 10
2605 11
2605 10
2605 10
2605 11
2605 10
2605 11
2605 12
2605 10
2605 11
2610 9
2610 10
2610 9
2610 10
2610 10
2610 10
2610 10
2610 10
2610 10
2610 9
2610 9
2610 10
2610 9
2610 9
2610 10
2610 9
2610 9
2610 10
2610 10
2610 10
2610 10
2610 8
2610 9
2610 10
2610 10
2610 10
2610 10
2610 9
2610 9
2610 9
2610 10
2610 10
2610 9
2610 9
2610 9
2610 10
2610 10
2610 10
2610 9
2610 10
2610 9
2610 10
2610 10
2610 10
2610 8
2610 9
2610 9
2610 9
2610 9
2610 10
2610 10
2610 10
2610 10
2610 9
2610 10
2610 10
2610 10
2610 10
2610 9
2610 9
2610 10
2610 10
2610 10
2610 10
2610 10
2610 10
2610 10
2610 8
2610 10
2610 10
2610 10
2610 9
2610 10
2610 10
2610 10
2610 10
2610 10
2610 10
2610 10
2610 10
2610 10
2610 9
2610 9
2610 10
2610 9
2610 10
2610 10
2610 10
2610 9
2610 9
2610 10
2610 10
2610 10
2610 10
2610 9
2610 10
2610 9
2610 10
2610 10
2610 9
2615 8
2615 7
2615 8
2615 8
2615 7
2615 9
2615 7
2615 8
2615 7
2615 7
2615 7
2615 7
2615 5
2615 8
2615 8
2615 8
2615 8
2615 7
2615 7
2615 7
2615 8
2615 8
2615 7
2615 8
2615 7
2615 8
2615 7
2615 5
2615 7
2615 7
2615 9
2615 7
2615 8
2615 7
2615 8
2615 8
2615 9
2615 7
2615 7
2615 8
2615 8
2615 7
2615 7
2615 7
2615 8
2615 7
2615 8
2615 8
2615 7
2615 7
2615 8
2615 7
2615 7
2615 7
2615 8
2615 8
2615 8
2615 6
2615 6
2615 8
2615 7
2615 8
2615 8
2615 8
2615 8
2615 7
2615 7
2615 7
2615 8
2615 9
2615 7
2615 7
2615 7
2615 7
2615 7
2615 7
2615 7
2615 8
2615 7
2615 7
2615 7
2615 8
2615 7
2615 8
2615 8
2615 7
2615 8
2615 7
2615 8
2615 8
2615 7
2615 7
2615 7
2615 7
2615 7
2615 7
2615 8
2615 8
2615 8
2615 7
2620 5
2620 5
2620 4
2620 4
2620 4
2620 4
2620 4
2620 4
2620 4
2620 4
2620 4
2620 4
2620 4
2620 4
2620 4
2620 4
2620 4
2620 5
2620 4
2620 4
2620 5
2620 4
2620 4
2620 5
2620 4
2620 4
2620 4
2620 5
2620 5
2620 5
2620 4
2620 4
2620 4
2620 5
2620 4
2620 4
2620 4
2620 4
2620 4
2620 4
2620 4
2620 4
2620 4
2620 5
2620 4
2620 4
2620 4
2620 4
2620 4
2620 5
2620 4
2620 4
2620 5
2620 4
2620 4
2620 4
2620 4
2620 5
2620 5
2620 4
2620 4
2620 4
2620 4
2620 5
2620 5
2620 4
2620 5
2620 5
2620 4
2620 4
2620 4
2620 5
2620 4
2620 4
2620 4
2620 4
2620 4
2620 5
2620 4
2620 4
2620 4
2620 4
2620 4
2620 4
2620 4
2620 4
2620 4
2620 4
2625 5
2625 4
2625 4
