TOA measurement vs Delay ---- Mon Jun 15 00:39:23 2020
Pixel = 9
config file = config/asic_config_B4.yml
NofIterations = 100
LSBest = 22.493459221109795
mean value = [  0.           0.           0.           0.           0.
   0.           0.           0.           0.           0.
   0.           0.           0.           0.           0.
   0.           0.           0.           0.         123.74025974
 121.29292929 119.9        117.78       115.57       112.61
 111.36       109.06       107.33333333 104.36       102.33
 100.26262626  97.63636364  95.24        93.59        91.41
  89.78787879  87.41414141  85.49        83.19        81.6122449
  78.92929293  76.66        75.09        73.09090909  70.
  67.85858586  65.71        64.28        61.68        59.71
  57.38383838  55.3         52.92        50.84        49.16
  47.23        44.79591837  42.57142857  41.32        38.5
  36.21        34.07        32.          30.35        27.57
  25.35        23.92        21.90909091  19.44        17.57
  15.6         13.4040404   12.09         9.55         7.69387755
   5.88421053   0.           0.           0.           0.
   0.           0.           0.           0.           0.
   0.           0.           0.           0.           0.
   0.           0.           0.           0.           0.
   0.           0.           0.           0.           0.        ]
sigma = [0.         0.         0.         0.         0.         0.
 0.         0.         0.         0.         0.         0.
 0.         0.         0.         0.         0.         0.
 0.         1.63254984 1.90892389 1.8036999  2.15752945 1.6150645
 1.74963806 1.64125968 1.89201832 2.10398852 2.01834916 2.20554604
 2.02365236 1.97754845 1.91982638 2.15991512 1.69859746 1.82240671
 1.544852   1.82571447 2.23544925 1.75961491 1.8498022  1.92034719
 1.7847222  1.84344818 2.17480987 1.84847795 1.87862538 1.60154092
 2.04961785 1.8839409  2.02924114 1.73589554 1.91753314 1.85949814
 1.77136482 1.9132259  2.11429786 2.02576936 1.99522764 2.07203604
 1.98726781 1.98202758 1.8982448  1.89494943 2.05144664 2.09543154
 2.14404602 1.82139867 2.23824336 1.9048447  2.02566861 2.07945307
 1.8987452  1.85764187 1.98201864 1.79368184 0.         0.
 0.         0.         0.         0.         0.         0.
 0.         0.         0.         0.         0.         0.
 0.         0.         0.         0.         0.         0.
 0.         0.         0.         0.        ]
Pulse delay   TOA 
2230 24
2235 21
2240 21
2245 17
2250 17
2255 125
2260 125
2280 126
2280 125
2280 124
2285 125
2285 126
2285 124
2285 126
2285 126
2285 126
2285 124
2285 126
2285 126
2285 124
2285 125
2285 126
2285 126
2285 126
2290 126
2290 125
2290 126
2290 126
2290 123
2290 125
2290 126
2290 125
2290 124
2290 124
2290 126
2290 126
2290 121
2290 126
2290 124
2290 126
2290 126
2290 125
2290 126
2290 124
2290 126
2290 125
2290 124
2290 122
2290 124
2290 125
2290 124
2290 126
2290 125
2290 126
2290 126
2290 125
2290 126
2290 123
2290 121
2290 123
2290 126
2290 126
2290 124
2290 121
2290 124
2290 126
2295 126
2295 124
2295 123
2295 125
2295 121
2295 124
2295 124
2295 124
2295 124
2295 121
2295 124
2295 126
2295 125
2295 121
2295 124
2295 124
2295 124
2295 121
2295 124
2295 123
2295 124
2295 121
2295 124
2295 126
2295 123
2295 125
2295 126
2295 126
2295 123
2295 126
2295 126
2295 120
2295 124
2295 123
2295 122
2295 124
2295 125
2295 124
2295 124
2295 126
2295 125
2295 125
2295 122
2295 126
2295 122
2295 124
2295 124
2295 123
2295 125
2295 126
2295 123
2295 125
2295 120
2295 124
2295 125
2295 123
2295 125
2295 124
2295 122
2295 121
2295 125
2295 124
2295 125
2295 126
2295 123
2295 124
2295 124
2295 121
2295 124
2295 123
2295 124
2295 121
2295 126
2295 121
2295 123
2295 124
2295 122
2300 121
2300 123
2300 121
2300 120
2300 118
2300 123
2300 121
2300 123
2300 123
2300 125
2300 120
2300 120
2300 123
2300 123
2300 123
2300 118
2300 120
2300 121
2300 120
2300 122
2300 123
2300 123
2300 120
2300 120
2300 121
2300 120
2300 118
2300 121
2300 123
2300 123
2300 123
2300 122
2300 120
2300 120
2300 121
2300 124
2300 121
2300 118
2300 120
2300 124
2300 123
2300 120
2300 121
2300 125
2300 124
2300 119
2300 121
2300 123
2300 121
2300 120
2300 120
2300 120
2300 122
2300 123
2300 120
2300 123
2300 122
2300 121
2300 121
2300 121
2300 124
2300 117
2300 118
2300 122
2300 123
2300 124
2300 120
2300 123
2300 115
2300 121
2300 121
2300 121
2300 123
2300 120
2300 122
2300 122
2300 124
2300 123
2300 122
2300 121
2300 123
2300 122
2300 122
2300 122
2300 122
2300 117
2300 124
2300 121
2300 120
2300 122
2300 124
2300 119
2300 117
2300 122
2300 120
2300 120
2300 120
2300 121
2300 121
2305 119
2305 120
2305 120
2305 119
2305 118
2305 115
2305 118
2305 120
2305 120
2305 120
2305 121
2305 123
2305 120
2305 121
2305 118
2305 120
2305 120
2305 120
2305 121
2305 119
2305 121
2305 117
2305 121
2305 121
2305 121
2305 121
2305 122
2305 119
2305 122
2305 120
2305 121
2305 123
2305 118
2305 123
2305 119
2305 123
2305 122
2305 121
2305 118
2305 121
2305 123
2305 121
2305 118
2305 120
2305 120
2305 116
2305 121
2305 117
2305 120
2305 120
2305 121
2305 119
2305 121
2305 118
2305 119
2305 119
2305 119
2305 119
2305 120
2305 123
2305 123
2305 121
2305 120
2305 120
2305 122
2305 118
2305 121
2305 116
2305 120
2305 120
2305 120
2305 119
2305 119
2305 120
2305 120
2305 121
2305 116
2305 120
2305 121
2305 115
2305 121
2305 117
2305 120
2305 120
2305 118
2305 121
2305 120
2305 115
2305 120
2305 120
2305 121
2305 122
2305 122
2305 122
2305 120
2305 119
2305 121
2305 118
2305 120
2305 121
2310 116
2310 117
2310 119
2310 114
2310 115
2310 114
2310 117
2310 119
2310 120
2310 118
2310 118
2310 119
2310 117
2310 120
2310 115
2310 117
2310 118
2310 115
2310 118
2310 120
2310 118
2310 117
2310 120
2310 119
2310 120
2310 117
2310 117
2310 122
2310 121
2310 118
2310 118
2310 120
2310 120
2310 115
2310 117
2310 117
2310 118
2310 120
2310 122
2310 117
2310 118
2310 120
2310 119
2310 120
2310 119
2310 114
2310 116
2310 118
2310 115
2310 116
2310 116
2310 115
2310 115
2310 118
2310 120
2310 117
2310 116
2310 121
2310 117
2310 117
2310 120
2310 116
2310 120
2310 117
2310 120
2310 121
2310 118
2310 118
2310 120
2310 116
2310 115
2310 119
2310 119
2310 121
2310 117
2310 116
2310 118
2310 115
2310 120
2310 118
2310 118
2310 117
2310 118
2310 113
2310 113
2310 119
2310 118
2310 112
2310 117
2310 121
2310 115
2310 120
2310 116
2310 120
2310 118
2310 118
2310 121
2310 115
2310 118
2310 121
2315 116
2315 117
2315 112
2315 117
2315 118
2315 115
2315 115
2315 113
2315 115
2315 113
2315 117
2315 116
2315 114
2315 117
2315 115
2315 117
2315 114
2315 112
2315 114
2315 115
2315 117
2315 117
2315 116
2315 114
2315 115
2315 114
2315 114
2315 117
2315 115
2315 116
2315 117
2315 112
2315 116
2315 116
2315 118
2315 114
2315 115
2315 114
2315 116
2315 115
2315 118
2315 118
2315 114
2315 116
2315 115
2315 118
2315 117
2315 112
2315 117
2315 115
2315 115
2315 115
2315 118
2315 117
2315 115
2315 115
2315 117
2315 115
2315 117
2315 118
2315 113
2315 116
2315 115
2315 116
2315 115
2315 116
2315 117
2315 117
2315 115
2315 116
2315 113
2315 115
2315 113
2315 116
2315 115
2315 116
2315 116
2315 118
2315 114
2315 114
2315 116
2315 118
2315 118
2315 113
2315 116
2315 116
2315 116
2315 118
2315 115
2315 113
2315 118
2315 115
2315 117
2315 115
2315 118
2315 114
2315 117
2315 115
2315 116
2315 115
2320 116
2320 113
2320 111
2320 113
2320 113
2320 110
2320 112
2320 109
2320 113
2320 113
2320 109
2320 110
2320 110
2320 112
2320 113
2320 114
2320 112
2320 109
2320 113
2320 115
2320 112
2320 111
2320 111
2320 116
2320 115
2320 111
2320 112
2320 113
2320 111
2320 111
2320 114
2320 112
2320 110
2320 110
2320 113
2320 112
2320 111
2320 114
2320 114
2320 114
2320 113
2320 108
2320 111
2320 113
2320 113
2320 114
2320 114
2320 112
2320 115
2320 112
2320 113
2320 113
2320 113
2320 117
2320 112
2320 112
2320 109
2320 115
2320 112
2320 112
2320 111
2320 112
2320 113
2320 112
2320 114
2320 113
2320 115
2320 111
2320 115
2320 113
2320 113
2320 116
2320 111
2320 113
2320 115
2320 112
2320 113
2320 114
2320 115
2320 112
2320 113
2320 112
2320 113
2320 114
2320 116
2320 112
2320 111
2320 114
2320 110
2320 114
2320 114
2320 113
2320 112
2320 113
2320 113
2320 111
2320 114
2320 113
2320 113
2320 113
2325 112
2325 107
2325 108
2325 113
2325 112
2325 112
2325 110
2325 113
2325 112
2325 113
2325 113
2325 112
2325 112
2325 112
2325 111
2325 113
2325 109
2325 109
2325 114
2325 112
2325 112
2325 109
2325 111
2325 115
2325 112
2325 113
2325 110
2325 110
2325 109
2325 111
2325 110
2325 109
2325 110
2325 111
2325 112
2325 113
2325 110
2325 108
2325 112
2325 113
2325 112
2325 111
2325 112
2325 112
2325 109
2325 111
2325 112
2325 106
2325 112
2325 110
2325 113
2325 113
2325 112
2325 113
2325 111
2325 111
2325 111
2325 109
2325 113
2325 111
2325 109
2325 113
2325 112
2325 110
2325 112
2325 113
2325 110
2325 112
2325 113
2325 112
2325 111
2325 112
2325 111
2325 111
2325 112
2325 112
2325 108
2325 112
2325 111
2325 112
2325 114
2325 111
2325 111
2325 113
2325 111
2325 112
2325 114
2325 112
2325 111
2325 109
2325 111
2325 113
2325 113
2325 112
2325 113
2325 112
2325 111
2325 108
2325 112
2325 112
2330 107
2330 110
2330 109
2330 107
2330 109
2330 110
2330 109
2330 111
2330 109
2330 108
2330 112
2330 109
2330 109
2330 109
2330 111
2330 109
2330 111
2330 112
2330 112
2330 109
2330 109
2330 112
2330 107
2330 110
2330 111
2330 107
2330 109
2330 109
2330 108
2330 110
2330 106
2330 111
2330 110
2330 109
2330 105
2330 109
2330 109
2330 109
2330 108
2330 110
2330 111
2330 111
2330 109
2330 108
2330 111
2330 112
2330 110
2330 109
2330 110
2330 106
2330 112
2330 111
2330 109
2330 109
2330 104
2330 108
2330 109
2330 106
2330 107
2330 111
2330 110
2330 107
2330 109
2330 109
2330 110
2330 109
2330 107
2330 109
2330 112
2330 111
2330 109
2330 106
2330 111
2330 109
2330 110
2330 109
2330 107
2330 107
2330 110
2330 110
2330 108
2330 109
2330 109
2330 110
2330 104
2330 113
2330 105
2330 112
2330 108
2330 107
2330 109
2330 108
2330 109
2330 112
2330 109
2330 109
2330 107
2330 105
2330 111
2330 108
2335 108
2335 105
2335 105
2335 112
2335 107
2335 104
2335 108
2335 109
2335 107
2335 111
2335 106
2335 109
2335 110
2335 109
2335 107
2335 108
2335 109
2335 108
2335 109
2335 108
2335 103
2335 108
2335 106
2335 106
2335 109
2335 107
2335 109
2335 103
2335 109
2335 109
2335 109
2335 105
2335 104
2335 107
2335 107
2335 100
2335 106
2335 109
2335 110
2335 109
2335 108
2335 105
2335 102
2335 111
2335 109
2335 104
2335 107
2335 107
2335 107
2335 108
2335 107
2335 105
2335 107
2335 108
2335 111
2335 105
2335 108
2335 108
2335 107
2335 107
2335 104
2335 108
2335 106
2335 105
2335 107
2335 107
2335 108
2335 111
2335 104
2335 107
2335 105
2335 107
2335 109
2335 106
2335 107
2335 106
2335 106
2335 108
2335 111
2335 108
2335 107
2335 109
2335 109
2335 107
2335 104
2335 108
2335 107
2335 109
2335 108
2335 106
2335 108
2335 106
2335 109
2335 109
2335 109
2335 108
2335 109
2335 109
2335 110
2340 102
2340 103
2340 105
2340 103
2340 106
2340 101
2340 106
2340 101
2340 102
2340 107
2340 103
2340 104
2340 101
2340 107
2340 106
2340 104
2340 108
2340 102
2340 108
2340 104
2340 107
2340 106
2340 105
2340 106
2340 105
2340 101
2340 102
2340 106
2340 102
2340 105
2340 104
2340 101
2340 104
2340 106
2340 104
2340 104
2340 106
2340 106
2340 101
2340 105
2340 105
2340 106
2340 107
2340 107
2340 105
2340 107
2340 101
2340 103
2340 103
2340 102
2340 104
2340 106
2340 103
2340 102
2340 104
2340 102
2340 102
2340 105
2340 100
2340 106
2340 105
2340 101
2340 105
2340 105
2340 103
2340 105
2340 101
2340 106
2340 107
2340 99
2340 105
2340 105
2340 107
2340 105
2340 107
2340 105
2340 103
2340 106
2340 105
2340 105
2340 104
2340 107
2340 104
2340 105
2340 102
2340 105
2340 107
2340 106
2340 105
2340 105
2340 107
2340 104
2340 105
2340 106
2340 105
2340 104
2340 107
2340 104
2340 103
2340 102
2345 103
2345 104
2345 101
2345 104
2345 100
2345 104
2345 102
2345 98
2345 101
2345 105
2345 106
2345 101
2345 101
2345 101
2345 104
2345 102
2345 100
2345 104
2345 103
2345 102
2345 101
2345 103
2345 101
2345 105
2345 106
2345 103
2345 104
2345 102
2345 102
2345 103
2345 103
2345 102
2345 107
2345 101
2345 96
2345 105
2345 107
2345 105
2345 103
2345 103
2345 101
2345 103
2345 101
2345 106
2345 106
2345 104
2345 104
2345 100
2345 104
2345 102
2345 99
2345 102
2345 102
2345 101
2345 104
2345 101
2345 100
2345 105
2345 99
2345 102
2345 103
2345 105
2345 103
2345 100
2345 105
2345 100
2345 100
2345 105
2345 101
2345 103
2345 103
2345 101
2345 101
2345 99
2345 105
2345 100
2345 96
2345 103
2345 99
2345 103
2345 100
2345 103
2345 101
2345 104
2345 98
2345 104
2345 103
2345 103
2345 101
2345 104
2345 101
2345 101
2345 102
2345 100
2345 104
2345 105
2345 104
2345 100
2345 102
2345 104
2350 103
2350 100
2350 97
2350 99
2350 100
2350 99
2350 102
2350 98
2350 100
2350 100
2350 98
2350 105
2350 103
2350 98
2350 97
2350 100
2350 100
2350 98
2350 95
2350 103
2350 101
2350 105
2350 100
2350 96
2350 100
2350 101
2350 105
2350 100
2350 101
2350 99
2350 101
2350 101
2350 101
2350 102
2350 102
2350 101
2350 101
2350 98
2350 103
2350 100
2350 102
2350 99
2350 104
2350 100
2350 100
2350 100
2350 101
2350 101
2350 102
2350 98
2350 98
2350 102
2350 101
2350 101
2350 98
2350 101
2350 101
2350 99
2350 99
2350 99
2350 99
2350 100
2350 101
2350 105
2350 100
2350 101
2350 99
2350 100
2350 100
2350 99
2350 99
2350 99
2350 97
2350 96
2350 104
2350 101
2350 100
2350 102
2350 103
2350 99
2350 100
2350 99
2350 100
2350 101
2350 100
2350 96
2350 99
2350 100
2350 103
2350 99
2350 103
2350 101
2350 102
2350 100
2350 102
2350 99
2350 98
2350 101
2350 100
2355 102
2355 98
2355 96
2355 97
2355 98
2355 97
2355 99
2355 98
2355 98
2355 97
2355 96
2355 98
2355 94
2355 98
2355 96
2355 99
2355 97
2355 96
2355 98
2355 97
2355 97
2355 99
2355 96
2355 97
2355 101
2355 97
2355 98
2355 96
2355 101
2355 99
2355 99
2355 99
2355 102
2355 100
2355 99
2355 94
2355 102
2355 98
2355 98
2355 96
2355 97
2355 98
2355 99
2355 94
2355 100
2355 100
2355 98
2355 98
2355 96
2355 100
2355 98
2355 96
2355 96
2355 96
2355 97
2355 98
2355 96
2355 96
2355 98
2355 100
2355 96
2355 96
2355 100
2355 95
2355 99
2355 96
2355 100
2355 99
2355 95
2355 100
2355 95
2355 96
2355 97
2355 97
2355 99
2355 96
2355 99
2355 96
2355 92
2355 96
2355 96
2355 95
2355 100
2355 98
2355 94
2355 96
2355 97
2355 101
2355 100
2355 98
2355 96
2355 97
2355 100
2355 95
2355 99
2355 100
2355 100
2355 99
2355 98
2360 94
2360 92
2360 96
2360 92
2360 95
2360 96
2360 91
2360 96
2360 95
2360 92
2360 96
2360 95
2360 95
2360 97
2360 95
2360 100
2360 95
2360 97
2360 96
2360 95
2360 95
2360 95
2360 96
2360 95
2360 96
2360 97
2360 95
2360 96
2360 93
2360 96
2360 94
2360 93
2360 98
2360 96
2360 95
2360 89
2360 95
2360 95
2360 92
2360 95
2360 95
2360 94
2360 96
2360 92
2360 95
2360 96
2360 96
2360 94
2360 99
2360 96
2360 99
2360 96
2360 96
2360 94
2360 94
2360 97
2360 97
2360 98
2360 92
2360 96
2360 92
2360 95
2360 96
2360 96
2360 95
2360 95
2360 96
2360 95
2360 98
2360 97
2360 95
2360 96
2360 95
2360 96
2360 97
2360 95
2360 97
2360 92
2360 95
2360 92
2360 94
2360 93
2360 96
2360 96
2360 95
2360 95
2360 97
2360 96
2360 96
2360 99
2360 95
2360 98
2360 96
2360 96
2360 96
2360 96
2360 96
2360 96
2360 89
2360 96
2365 90
2365 94
2365 92
2365 93
2365 91
2365 92
2365 87
2365 96
2365 94
2365 92
2365 93
2365 93
2365 91
2365 94
2365 92
2365 95
2365 91
2365 95
2365 95
2365 92
2365 92
2365 95
2365 94
2365 94
2365 89
2365 95
2365 93
2365 93
2365 95
2365 95
2365 91
2365 95
2365 92
2365 95
2365 96
2365 96
2365 94
2365 96
2365 95
2365 96
2365 96
2365 94
2365 93
2365 95
2365 98
2365 92
2365 96
2365 95
2365 95
2365 96
2365 92
2365 96
2365 97
2365 96
2365 96
2365 95
2365 93
2365 95
2365 95
2365 95
2365 95
2365 96
2365 94
2365 89
2365 94
2365 92
2365 93
2365 92
2365 91
2365 95
2365 93
2365 94
2365 96
2365 92
2365 95
2365 97
2365 95
2365 94
2365 89
2365 90
2365 95
2365 92
2365 96
2365 91
2365 95
2365 91
2365 93
2365 89
2365 96
2365 95
2365 96
2365 95
2365 91
2365 92
2365 95
2365 93
2365 92
2365 91
2365 91
2365 91
2370 88
2370 89
2370 93
2370 90
2370 92
2370 95
2370 91
2370 91
2370 92
2370 93
2370 91
2370 91
2370 89
2370 93
2370 92
2370 89
2370 89
2370 91
2370 89
2370 89
2370 89
2370 93
2370 94
2370 94
2370 93
2370 91
2370 93
2370 91
2370 94
2370 92
2370 91
2370 90
2370 93
2370 91
2370 92
2370 94
2370 92
2370 89
2370 89
2370 90
2370 92
2370 91
2370 92
2370 91
2370 92
2370 94
2370 92
2370 92
2370 92
2370 94
2370 92
2370 91
2370 94
2370 93
2370 92
2370 92
2370 91
2370 92
2370 89
2370 89
2370 91
2370 92
2370 91
2370 90
2370 93
2370 91
2370 88
2370 91
2370 92
2370 95
2370 91
2370 95
2370 90
2370 90
2370 95
2370 91
2370 92
2370 89
2370 90
2370 93
2370 91
2370 91
2370 89
2370 89
2370 94
2370 92
2370 91
2370 91
2370 89
2370 91
2370 90
2370 91
2370 92
2370 89
2370 91
2370 92
2370 91
2370 93
2370 93
2370 92
2375 88
2375 92
2375 90
2375 92
2375 91
2375 89
2375 90
2375 88
2375 91
2375 88
2375 88
2375 91
2375 85
2375 95
2375 88
2375 92
2375 90
2375 89
2375 92
2375 91
2375 91
2375 89
2375 89
2375 90
2375 92
2375 91
2375 89
2375 88
2375 89
2375 91
2375 89
2375 89
2375 89
2375 88
2375 89
2375 93
2375 91
2375 92
2375 91
2375 89
2375 91
2375 91
2375 92
2375 89
2375 89
2375 89
2375 92
2375 89
2375 88
2375 91
2375 91
2375 87
2375 91
2375 91
2375 90
2375 85
2375 88
2375 91
2375 91
2375 92
2375 89
2375 90
2375 92
2375 91
2375 88
2375 90
2375 90
2375 89
2375 87
2375 92
2375 91
2375 88
2375 89
2375 92
2375 91
2375 91
2375 86
2375 89
2375 88
2375 89
2375 91
2375 89
2375 90
2375 89
2375 91
2375 85
2375 90
2375 92
2375 90
2375 89
2375 92
2375 91
2375 91
2375 89
2375 86
2375 88
2375 88
2375 88
2375 91
2380 86
2380 88
2380 86
2380 89
2380 86
2380 88
2380 88
2380 88
2380 87
2380 88
2380 86
2380 88
2380 88
2380 88
2380 88
2380 85
2380 88
2380 87
2380 86
2380 82
2380 91
2380 88
2380 88
2380 88
2380 88
2380 88
2380 86
2380 88
2380 86
2380 88
2380 91
2380 88
2380 88
2380 86
2380 88
2380 89
2380 89
2380 88
2380 85
2380 90
2380 85
2380 91
2380 87
2380 87
2380 87
2380 86
2380 88
2380 86
2380 88
2380 85
2380 89
2380 86
2380 88
2380 88
2380 88
2380 87
2380 89
2380 87
2380 86
2380 88
2380 84
2380 87
2380 88
2380 89
2380 86
2380 88
2380 88
2380 88
2380 86
2380 89
2380 89
2380 88
2380 85
2380 91
2380 88
2380 88
2380 85
2380 87
2380 85
2380 87
2380 88
2380 88
2380 87
2380 88
2380 86
2380 88
2380 89
2380 89
2380 86
2380 86
2380 88
2380 88
2380 88
2380 85
2380 89
2380 86
2380 86
2380 88
2380 88
2385 87
2385 88
2385 87
2385 87
2385 87
2385 85
2385 88
2385 87
2385 86
2385 86
2385 84
2385 85
2385 88
2385 88
2385 86
2385 87
2385 85
2385 85
2385 84
2385 88
2385 86
2385 86
2385 82
2385 86
2385 85
2385 85
2385 87
2385 86
2385 82
2385 87
2385 89
2385 85
2385 85
2385 85
2385 85
2385 88
2385 86
2385 85
2385 83
2385 85
2385 83
2385 86
2385 86
2385 85
2385 83
2385 84
2385 85
2385 84
2385 88
2385 88
2385 89
2385 87
2385 85
2385 86
2385 83
2385 85
2385 85
2385 86
2385 80
2385 86
2385 86
2385 86
2385 85
2385 84
2385 88
2385 82
2385 83
2385 83
2385 88
2385 85
2385 85
2385 83
2385 87
2385 89
2385 83
2385 87
2385 86
2385 86
2385 84
2385 84
2385 85
2385 85
2385 88
2385 84
2385 85
2385 85
2385 84
2385 84
2385 84
2385 83
2385 86
2385 85
2385 86
2385 87
2385 83
2385 86
2385 88
2385 88
2385 82
2385 87
2390 85
2390 86
2390 81
2390 85
2390 83
2390 88
2390 80
2390 82
2390 86
2390 78
2390 83
2390 85
2390 85
2390 80
2390 83
2390 83
2390 82
2390 83
2390 82
2390 81
2390 86
2390 75
2390 83
2390 83
2390 84
2390 81
2390 82
2390 84
2390 82
2390 84
2390 86
2390 83
2390 80
2390 83
2390 80
2390 85
2390 83
2390 80
2390 86
2390 84
2390 87
2390 81
2390 85
2390 86
2390 82
2390 87
2390 85
2390 85
2390 83
2390 83
2390 82
2390 85
2390 82
2390 85
2390 85
2390 82
2390 83
2390 85
2390 84
2390 81
2390 83
2390 83
2390 84
2390 81
2390 84
2390 84
2390 80
2390 83
2390 87
2390 84
2390 84
2390 81
2390 83
2390 84
2390 83
2390 85
2390 83
2390 82
2390 79
2390 80
2390 84
2390 86
2390 86
2390 85
2390 86
2390 87
2390 82
2390 84
2390 81
2390 81
2390 83
2390 85
2390 79
2390 82
2390 82
2390 87
2390 82
2390 82
2390 83
2390 82
2395 81
2395 80
2395 78
2395 83
2395 83
2395 82
2395 81
2395 79
2395 81
2395 79
2395 82
2395 81
2395 84
2395 84
2395 83
2395 81
2395 81
2395 81
2395 81
2395 83
2395 82
2395 81
2395 80
2395 80
2395 82
2395 80
2395 85
2395 82
2395 81
2395 82
2395 82
2395 85
2395 81
2395 78
2395 85
2395 82
2395 80
2395 85
2395 83
2395 84
2395 84
2395 80
2395 83
2395 82
2395 80
2395 83
2395 82
2395 81
2395 82
2395 79
2395 80
2395 82
2395 85
2395 79
2395 80
2395 82
2395 81
2395 81
2395 80
2395 80
2395 82
2395 83
2395 81
2395 85
2395 80
2395 81
2395 84
2395 81
2395 85
2395 79
2395 81
2395 82
2395 83
2395 82
2395 84
2395 85
2395 82
2395 81
2395 81
2395 82
2395 81
2395 81
2395 81
2395 79
2395 82
2395 82
2395 82
2395 85
2395 81
2395 82
2395 83
2395 79
2395 78
2395 82
2395 81
2395 81
2395 79
2395 81
2400 75
2400 80
2400 80
2400 77
2400 79
2400 82
2400 76
2400 81
2400 77
2400 75
2400 80
2400 80
2400 80
2400 79
2400 78
2400 80
2400 80
2400 77
2400 81
2400 81
2400 78
2400 83
2400 77
2400 80
2400 80
2400 80
2400 79
2400 80
2400 76
2400 80
2400 82
2400 80
2400 79
2400 79
2400 80
2400 79
2400 77
2400 78
2400 80
2400 77
2400 80
2400 80
2400 77
2400 81
2400 77
2400 82
2400 79
2400 79
2400 81
2400 78
2400 77
2400 80
2400 80
2400 80
2400 81
2400 81
2400 80
2400 79
2400 77
2400 80
2400 78
2400 81
2400 80
2400 78
2400 77
2400 82
2400 78
2400 80
2400 79
2400 77
2400 79
2400 76
2400 79
2400 79
2400 77
2400 80
2400 77
2400 80
2400 79
2400 76
2400 79
2400 81
2400 79
2400 80
2400 78
2400 79
2400 82
2400 79
2400 79
2400 80
2400 78
2400 78
2400 78
2400 75
2400 75
2400 80
2400 73
2400 78
2400 80
2405 76
2405 76
2405 78
2405 76
2405 77
2405 75
2405 77
2405 75
2405 81
2405 77
2405 79
2405 80
2405 75
2405 79
2405 77
2405 78
2405 79
2405 77
2405 73
2405 79
2405 77
2405 75
2405 76
2405 76
2405 77
2405 74
2405 74
2405 76
2405 75
2405 78
2405 78
2405 79
2405 75
2405 78
2405 77
2405 75
2405 76
2405 75
2405 73
2405 75
2405 74
2405 78
2405 77
2405 77
2405 77
2405 77
2405 77
2405 79
2405 77
2405 75
2405 77
2405 77
2405 78
2405 79
2405 78
2405 78
2405 74
2405 77
2405 70
2405 73
2405 80
2405 75
2405 77
2405 75
2405 77
2405 78
2405 78
2405 77
2405 75
2405 78
2405 76
2405 78
2405 77
2405 75
2405 74
2405 77
2405 75
2405 77
2405 80
2405 76
2405 79
2405 79
2405 73
2405 79
2405 76
2405 77
2405 78
2405 76
2405 77
2405 77
2405 78
2405 81
2405 76
2405 75
2405 77
2405 76
2405 75
2405 74
2405 76
2405 80
2410 76
2410 79
2410 75
2410 72
2410 73
2410 77
2410 70
2410 75
2410 77
2410 77
2410 76
2410 75
2410 74
2410 74
2410 75
2410 75
2410 74
2410 75
2410 73
2410 76
2410 74
2410 73
2410 71
2410 78
2410 76
2410 75
2410 74
2410 75
2410 77
2410 75
2410 76
2410 75
2410 72
2410 75
2410 75
2410 70
2410 75
2410 75
2410 75
2410 75
2410 74
2410 75
2410 75
2410 76
2410 73
2410 75
2410 77
2410 76
2410 75
2410 74
2410 74
2410 74
2410 75
2410 75
2410 75
2410 78
2410 77
2410 77
2410 75
2410 75
2410 77
2410 78
2410 76
2410 75
2410 75
2410 73
2410 77
2410 75
2410 76
2410 75
2410 76
2410 73
2410 77
2410 72
2410 77
2410 74
2410 75
2410 75
2410 78
2410 75
2410 73
2410 78
2410 78
2410 75
2410 75
2410 74
2410 75
2410 75
2410 76
2410 73
2410 73
2410 73
2410 75
2410 75
2410 77
2410 73
2410 77
2410 80
2410 77
2410 74
2415 77
2415 74
2415 74
2415 68
2415 72
2415 72
2415 72
2415 72
2415 75
2415 71
2415 74
2415 73
2415 73
2415 75
2415 73
2415 74
2415 72
2415 71
2415 71
2415 74
2415 75
2415 73
2415 75
2415 73
2415 74
2415 75
2415 74
2415 72
2415 77
2415 72
2415 70
2415 74
2415 73
2415 72
2415 74
2415 74
2415 74
2415 72
2415 74
2415 73
2415 74
2415 70
2415 75
2415 72
2415 74
2415 75
2415 73
2415 74
2415 72
2415 73
2415 76
2415 77
2415 74
2415 77
2415 72
2415 71
2415 71
2415 74
2415 74
2415 73
2415 73
2415 75
2415 70
2415 70
2415 69
2415 71
2415 73
2415 73
2415 73
2415 74
2415 74
2415 72
2415 71
2415 73
2415 74
2415 74
2415 70
2415 70
2415 75
2415 73
2415 74
2415 74
2415 72
2415 74
2415 76
2415 74
2415 75
2415 70
2415 75
2415 74
2415 71
2415 69
2415 73
2415 75
2415 74
2415 74
2415 73
2415 71
2415 73
2420 69
2420 71
2420 68
2420 69
2420 71
2420 72
2420 72
2420 67
2420 71
2420 72
2420 70
2420 71
2420 67
2420 71
2420 69
2420 68
2420 70
2420 69
2420 68
2420 70
2420 71
2420 71
2420 73
2420 72
2420 68
2420 69
2420 71
2420 67
2420 74
2420 68
2420 71
2420 70
2420 71
2420 67
2420 69
2420 71
2420 74
2420 71
2420 67
2420 69
2420 68
2420 70
2420 71
2420 73
2420 68
2420 68
2420 69
2420 70
2420 66
2420 69
2420 70
2420 72
2420 68
2420 69
2420 73
2420 73
2420 73
2420 70
2420 67
2420 69
2420 71
2420 65
2420 69
2420 73
2420 70
2420 71
2420 71
2420 75
2420 73
2420 67
2420 74
2420 70
2420 67
2420 69
2420 71
2420 68
2420 73
2420 69
2420 70
2420 68
2420 63
2420 71
2420 69
2420 72
2420 73
2420 72
2420 69
2420 69
2420 72
2420 68
2420 71
2420 71
2420 70
2420 69
2420 69
2420 68
2420 72
2420 69
2420 74
2425 68
2425 68
2425 68
2425 66
2425 67
2425 69
2425 68
2425 66
2425 68
2425 71
2425 69
2425 69
2425 69
2425 66
2425 64
2425 64
2425 67
2425 65
2425 71
2425 68
2425 64
2425 69
2425 68
2425 68
2425 68
2425 67
2425 68
2425 68
2425 70
2425 68
2425 69
2425 71
2425 69
2425 69
2425 73
2425 70
2425 73
2425 66
2425 68
2425 69
2425 69
2425 68
2425 69
2425 64
2425 65
2425 69
2425 67
2425 66
2425 66
2425 67
2425 71
2425 69
2425 68
2425 68
2425 71
2425 69
2425 68
2425 66
2425 68
2425 65
2425 68
2425 64
2425 68
2425 68
2425 67
2425 69
2425 68
2425 67
2425 68
2425 65
2425 69
2425 69
2425 67
2425 64
2425 68
2425 71
2425 68
2425 69
2425 68
2425 66
2425 68
2425 69
2425 70
2425 67
2425 68
2425 67
2425 69
2425 69
2425 66
2425 67
2425 70
2425 68
2425 67
2425 66
2425 67
2425 66
2425 68
2425 69
2425 67
2430 69
2430 65
2430 67
2430 67
2430 64
2430 64
2430 65
2430 65
2430 65
2430 64
2430 65
2430 68
2430 64
2430 64
2430 67
2430 64
2430 64
2430 66
2430 67
2430 65
2430 66
2430 64
2430 66
2430 68
2430 66
2430 64
2430 66
2430 65
2430 67
2430 63
2430 67
2430 65
2430 63
2430 65
2430 67
2430 67
2430 62
2430 65
2430 64
2430 64
2430 67
2430 64
2430 69
2430 66
2430 66
2430 62
2430 65
2430 69
2430 68
2430 69
2430 67
2430 64
2430 65
2430 65
2430 60
2430 67
2430 64
2430 66
2430 64
2430 65
2430 66
2430 63
2430 67
2430 67
2430 65
2430 65
2430 64
2430 68
2430 65
2430 65
2430 67
2430 66
2430 68
2430 69
2430 68
2430 68
2430 68
2430 63
2430 71
2430 64
2430 64
2430 64
2430 64
2430 65
2430 68
2430 65
2430 66
2430 68
2430 66
2430 66
2430 67
2430 64
2430 67
2430 66
2430 69
2430 65
2430 68
2430 66
2430 64
2430 67
2435 64
2435 63
2435 63
2435 63
2435 67
2435 65
2435 62
2435 64
2435 65
2435 64
2435 66
2435 66
2435 65
2435 64
2435 63
2435 65
2435 63
2435 65
2435 67
2435 67
2435 67
2435 63
2435 64
2435 64
2435 64
2435 64
2435 64
2435 63
2435 63
2435 63
2435 65
2435 64
2435 65
2435 66
2435 64
2435 67
2435 66
2435 66
2435 64
2435 64
2435 62
2435 63
2435 64
2435 67
2435 66
2435 62
2435 68
2435 65
2435 65
2435 66
2435 65
2435 66
2435 63
2435 68
2435 64
2435 67
2435 63
2435 65
2435 64
2435 62
2435 63
2435 65
2435 63
2435 63
2435 64
2435 66
2435 64
2435 64
2435 63
2435 68
2435 63
2435 64
2435 64
2435 64
2435 64
2435 63
2435 63
2435 62
2435 60
2435 65
2435 63
2435 64
2435 65
2435 64
2435 65
2435 63
2435 64
2435 63
2435 64
2435 66
2435 65
2435 65
2435 63
2435 65
2435 63
2435 64
2435 64
2435 63
2435 65
2435 59
2440 60
2440 63
2440 64
2440 60
2440 60
2440 61
2440 62
2440 63
2440 57
2440 63
2440 64
2440 63
2440 62
2440 63
2440 63
2440 62
2440 62
2440 62
2440 62
2440 62
2440 63
2440 57
2440 63
2440 62
2440 61
2440 64
2440 60
2440 64
2440 63
2440 60
2440 59
2440 57
2440 60
2440 64
2440 62
2440 60
2440 60
2440 63
2440 61
2440 63
2440 60
2440 64
2440 61
2440 63
2440 63
2440 64
2440 64
2440 63
2440 60
2440 63
2440 62
2440 64
2440 60
2440 64
2440 66
2440 63
2440 63
2440 64
2440 63
2440 64
2440 64
2440 60
2440 60
2440 64
2440 60
2440 63
2440 62
2440 59
2440 62
2440 59
2440 63
2440 60
2440 59
2440 60
2440 60
2440 61
2440 63
2440 60
2440 63
2440 60
2440 60
2440 60
2440 63
2440 60
2440 63
2440 64
2440 61
2440 57
2440 59
2440 60
2440 60
2440 64
2440 63
2440 64
2440 55
2440 64
2440 60
2440 60
2440 63
2440 64
2445 62
2445 61
2445 59
2445 59
2445 57
2445 59
2445 60
2445 60
2445 60
2445 60
2445 60
2445 60
2445 61
2445 60
2445 61
2445 61
2445 60
2445 62
2445 58
2445 59
2445 59
2445 61
2445 62
2445 62
2445 57
2445 62
2445 59
2445 59
2445 61
2445 59
2445 59
2445 60
2445 60
2445 57
2445 60
2445 57
2445 61
2445 60
2445 56
2445 60
2445 61
2445 58
2445 61
2445 62
2445 56
2445 63
2445 63
2445 62
2445 57
2445 61
2445 62
2445 62
2445 57
2445 57
2445 60
2445 61
2445 61
2445 63
2445 60
2445 57
2445 56
2445 59
2445 62
2445 59
2445 60
2445 59
2445 57
2445 59
2445 61
2445 62
2445 57
2445 60
2445 57
2445 63
2445 59
2445 62
2445 59
2445 56
2445 57
2445 59
2445 59
2445 57
2445 62
2445 60
2445 60
2445 58
2445 58
2445 62
2445 60
2445 63
2445 58
2445 60
2445 62
2445 60
2445 61
2445 59
2445 56
2445 60
2445 60
2445 59
2450 56
2450 55
2450 57
2450 59
2450 60
2450 58
2450 59
2450 58
2450 56
2450 59
2450 59
2450 55
2450 60
2450 54
2450 59
2450 59
2450 57
2450 57
2450 55
2450 57
2450 59
2450 59
2450 59
2450 58
2450 59
2450 56
2450 56
2450 56
2450 55
2450 57
2450 56
2450 57
2450 56
2450 57
2450 59
2450 58
2450 54
2450 57
2450 57
2450 59
2450 56
2450 57
2450 58
2450 59
2450 51
2450 59
2450 56
2450 58
2450 63
2450 54
2450 56
2450 56
2450 63
2450 54
2450 58
2450 57
2450 59
2450 54
2450 57
2450 60
2450 59
2450 58
2450 60
2450 60
2450 56
2450 57
2450 57
2450 60
2450 59
2450 56
2450 56
2450 56
2450 56
2450 57
2450 57
2450 59
2450 57
2450 59
2450 57
2450 60
2450 60
2450 58
2450 56
2450 58
2450 59
2450 58
2450 53
2450 60
2450 56
2450 57
2450 56
2450 54
2450 56
2450 59
2450 56
2450 58
2450 59
2450 54
2450 60
2455 52
2455 56
2455 56
2455 59
2455 53
2455 54
2455 57
2455 56
2455 56
2455 56
2455 56
2455 56
2455 51
2455 56
2455 58
2455 54
2455 53
2455 56
2455 56
2455 54
2455 56
2455 56
2455 56
2455 56
2455 56
2455 52
2455 50
2455 55
2455 58
2455 57
2455 56
2455 58
2455 57
2455 56
2455 55
2455 55
2455 57
2455 53
2455 56
2455 56
2455 54
2455 56
2455 56
2455 51
2455 57
2455 57
2455 53
2455 56
2455 55
2455 57
2455 54
2455 54
2455 55
2455 56
2455 56
2455 55
2455 55
2455 56
2455 55
2455 55
2455 56
2455 57
2455 55
2455 56
2455 57
2455 56
2455 57
2455 52
2455 56
2455 51
2455 54
2455 56
2455 55
2455 53
2455 56
2455 56
2455 57
2455 57
2455 56
2455 55
2455 56
2455 54
2455 54
2455 57
2455 56
2455 53
2455 55
2455 55
2455 57
2455 56
2455 56
2455 55
2455 53
2455 54
2455 54
2455 55
2455 52
2455 59
2455 56
2455 56
2460 52
2460 53
2460 53
2460 53
2460 50
2460 51
2460 51
2460 55
2460 53
2460 51
2460 51
2460 53
2460 51
2460 54
2460 49
2460 52
2460 54
2460 49
2460 53
2460 53
2460 51
2460 53
2460 51
2460 56
2460 51
2460 56
2460 51
2460 54
2460 55
2460 50
2460 54
2460 52
2460 52
2460 56
2460 52
2460 53
2460 56
2460 54
2460 53
2460 55
2460 54
2460 54
2460 55
2460 54
2460 55
2460 53
2460 54
2460 53
2460 56
2460 55
2460 56
2460 52
2460 56
2460 51
2460 53
2460 53
2460 52
2460 53
2460 55
2460 53
2460 51
2460 53
2460 53
2460 52
2460 55
2460 53
2460 54
2460 53
2460 53
2460 56
2460 52
2460 54
2460 50
2460 51
2460 52
2460 52
2460 54
2460 54
2460 52
2460 52
2460 47
2460 46
2460 54
2460 53
2460 56
2460 54
2460 51
2460 53
2460 54
2460 51
2460 54
2460 54
2460 51
2460 53
2460 54
2460 53
2460 56
2460 54
2460 53
2460 52
2465 54
2465 49
2465 51
2465 50
2465 48
2465 49
2465 52
2465 50
2465 53
2465 45
2465 55
2465 54
2465 50
2465 54
2465 51
2465 48
2465 50
2465 53
2465 51
2465 49
2465 54
2465 51
2465 52
2465 51
2465 52
2465 51
2465 48
2465 53
2465 52
2465 50
2465 52
2465 51
2465 50
2465 52
2465 51
2465 48
2465 54
2465 51
2465 52
2465 53
2465 50
2465 53
2465 50
2465 51
2465 51
2465 52
2465 49
2465 50
2465 49
2465 49
2465 52
2465 50
2465 49
2465 48
2465 49
2465 48
2465 50
2465 53
2465 48
2465 52
2465 53
2465 51
2465 49
2465 50
2465 50
2465 51
2465 53
2465 53
2465 50
2465 53
2465 51
2465 52
2465 50
2465 49
2465 52
2465 50
2465 53
2465 51
2465 52
2465 49
2465 49
2465 51
2465 51
2465 49
2465 50
2465 52
2465 52
2465 51
2465 53
2465 50
2465 47
2465 51
2465 49
2465 50
2465 49
2465 55
2465 53
2465 50
2465 51
2465 52
2470 52
2470 52
2470 50
2470 49
2470 48
2470 48
2470 49
2470 47
2470 51
2470 51
2470 49
2470 47
2470 46
2470 50
2470 52
2470 49
2470 52
2470 50
2470 50
2470 50
2470 49
2470 50
2470 49
2470 47
2470 50
2470 45
2470 47
2470 48
2470 48
2470 49
2470 45
2470 48
2470 49
2470 50
2470 49
2470 50
2470 49
2470 46
2470 44
2470 50
2470 51
2470 50
2470 51
2470 48
2470 45
2470 47
2470 48
2470 50
2470 49
2470 49
2470 51
2470 49
2470 51
2470 49
2470 51
2470 52
2470 50
2470 51
2470 48
2470 49
2470 47
2470 50
2470 45
2470 50
2470 50
2470 49
2470 51
2470 49
2470 50
2470 50
2470 48
2470 52
2470 46
2470 50
2470 51
2470 50
2470 49
2470 51
2470 49
2470 50
2470 51
2470 50
2470 47
2470 48
2470 48
2470 50
2470 48
2470 49
2470 51
2470 49
2470 51
2470 52
2470 49
2470 49
2470 49
2470 48
2470 47
2470 51
2470 50
2470 49
2475 46
2475 49
2475 47
2475 48
2475 47
2475 47
2475 44
2475 49
2475 50
2475 49
2475 48
2475 49
2475 47
2475 47
2475 47
2475 46
2475 48
2475 48
2475 46
2475 48
2475 46
2475 49
2475 48
2475 48
2475 46
2475 45
2475 48
2475 47
2475 49
2475 49
2475 45
2475 47
2475 43
2475 45
2475 50
2475 47
2475 47
2475 44
2475 48
2475 47
2475 48
2475 47
2475 48
2475 49
2475 51
2475 42
2475 47
2475 45
2475 45
2475 49
2475 46
2475 45
2475 49
2475 44
2475 47
2475 48
2475 48
2475 46
2475 49
2475 48
2475 47
2475 48
2475 45
2475 49
2475 45
2475 48
2475 48
2475 46
2475 48
2475 49
2475 42
2475 48
2475 49
2475 48
2475 49
2475 47
2475 48
2475 51
2475 49
2475 45
2475 46
2475 47
2475 49
2475 48
2475 49
2475 50
2475 50
2475 46
2475 45
2475 49
2475 46
2475 42
2475 44
2475 48
2475 48
2475 49
2475 49
2475 49
2475 45
2475 46
2480 45
2480 45
2480 43
2480 41
2480 41
2480 45
2480 46
2480 43
2480 44
2480 44
2480 46
2480 41
2480 44
2480 42
2480 45
2480 46
2480 48
2480 48
2480 47
2480 48
2480 45
2480 43
2480 47
2480 43
2480 47
2480 48
2480 45
2480 43
2480 44
2480 45
2480 46
2480 43
2480 44
2480 46
2480 45
2480 45
2480 42
2480 49
2480 43
2480 43
2480 43
2480 45
2480 49
2480 44
2480 44
2480 46
2480 44
2480 44
2480 41
2480 46
2480 46
2480 43
2480 39
2480 45
2480 45
2480 48
2480 47
2480 48
2480 47
2480 46
2480 45
2480 46
2480 47
2480 45
2480 43
2480 43
2480 48
2480 45
2480 45
2480 45
2480 46
2480 48
2480 46
2480 46
2480 47
2480 48
2480 43
2480 45
2480 39
2480 44
2480 43
2480 44
2480 45
2480 47
2480 42
2480 47
2480 47
2480 43
2480 45
2480 43
2480 45
2480 45
2480 42
2480 46
2480 41
2480 43
2480 45
2480 45
2485 43
2485 39
2485 43
2485 45
2485 43
2485 42
2485 47
2485 38
2485 44
2485 43
2485 44
2485 41
2485 43
2485 42
2485 41
2485 41
2485 44
2485 41
2485 44
2485 45
2485 43
2485 43
2485 45
2485 40
2485 39
2485 45
2485 43
2485 43
2485 42
2485 43
2485 40
2485 43
2485 39
2485 44
2485 43
2485 42
2485 42
2485 44
2485 46
2485 44
2485 44
2485 42
2485 42
2485 41
2485 47
2485 43
2485 45
2485 43
2485 43
2485 41
2485 43
2485 45
2485 42
2485 45
2485 42
2485 44
2485 43
2485 38
2485 43
2485 47
2485 45
2485 43
2485 45
2485 42
2485 43
2485 45
2485 43
2485 37
2485 42
2485 42
2485 43
2485 40
2485 42
2485 45
2485 40
2485 41
2485 43
2485 42
2485 38
2485 42
2485 42
2485 42
2485 43
2485 44
2485 44
2485 41
2485 44
2485 43
2485 43
2485 42
2485 43
2485 41
2485 45
2485 42
2485 43
2485 39
2485 38
2485 41
2490 38
2490 38
2490 41
2490 43
2490 43
2490 37
2490 37
2490 41
2490 39
2490 42
2490 41
2490 42
2490 42
2490 44
2490 41
2490 41
2490 42
2490 43
2490 43
2490 41
2490 38
2490 37
2490 40
2490 38
2490 43
2490 41
2490 42
2490 46
2490 41
2490 41
2490 43
2490 40
2490 38
2490 41
2490 43
2490 43
2490 41
2490 39
2490 38
2490 42
2490 43
2490 41
2490 44
2490 42
2490 41
2490 43
2490 43
2490 42
2490 43
2490 41
2490 43
2490 41
2490 42
2490 39
2490 43
2490 42
2490 43
2490 44
2490 41
2490 43
2490 42
2490 41
2490 43
2490 41
2490 45
2490 42
2490 42
2490 38
2490 38
2490 40
2490 37
2490 42
2490 43
2490 42
2490 42
2490 41
2490 41
2490 40
2490 42
2490 44
2490 42
2490 41
2490 43
2490 45
2490 45
2490 37
2490 40
2490 41
2490 41
2490 40
2490 41
2490 42
2490 41
2490 41
2490 40
2490 43
2490 45
2490 41
2490 39
2490 40
2495 37
2495 39
2495 39
2495 41
2495 37
2495 41
2495 34
2495 40
2495 39
2495 37
2495 39
2495 37
2495 39
2495 38
2495 42
2495 37
2495 37
2495 36
2495 40
2495 36
2495 39
2495 35
2495 36
2495 38
2495 42
2495 40
2495 37
2495 36
2495 37
2495 38
2495 37
2495 40
2495 38
2495 39
2495 41
2495 41
2495 41
2495 38
2495 38
2495 36
2495 39
2495 39
2495 40
2495 39
2495 42
2495 38
2495 42
2495 36
2495 38
2495 42
2495 39
2495 36
2495 38
2495 34
2495 40
2495 36
2495 37
2495 40
2495 39
2495 37
2495 35
2495 41
2495 37
2495 38
2495 39
2495 39
2495 38
2495 37
2495 38
2495 37
2495 40
2495 41
2495 37
2495 39
2495 42
2495 42
2495 42
2495 39
2495 43
2495 38
2495 39
2495 36
2495 37
2495 40
2495 35
2495 41
2495 38
2495 43
2495 37
2495 36
2495 41
2495 38
2495 36
2495 37
2495 39
2495 39
2495 37
2495 38
2495 41
2495 37
2500 37
2500 31
2500 35
2500 38
2500 32
2500 38
2500 36
2500 35
2500 36
2500 34
2500 36
2500 36
2500 36
2500 38
2500 36
2500 38
2500 33
2500 37
2500 34
2500 34
2500 35
2500 36
2500 40
2500 38
2500 36
2500 39
2500 37
2500 36
2500 34
2500 38
2500 38
2500 36
2500 37
2500 36
2500 34
2500 39
2500 35
2500 37
2500 35
2500 36
2500 37
2500 38
2500 35
2500 37
2500 35
2500 35
2500 36
2500 35
2500 33
2500 36
2500 33
2500 39
2500 38
2500 39
2500 36
2500 28
2500 36
2500 36
2500 37
2500 37
2500 37
2500 37
2500 40
2500 37
2500 36
2500 35
2500 37
2500 37
2500 35
2500 34
2500 37
2500 36
2500 38
2500 39
2500 37
2500 37
2500 37
2500 34
2500 36
2500 37
2500 36
2500 33
2500 36
2500 36
2500 37
2500 33
2500 41
2500 34
2500 35
2500 39
2500 35
2500 36
2500 37
2500 37
2500 37
2500 38
2500 38
2500 35
2500 38
2500 39
2505 36
2505 34
2505 34
2505 32
2505 36
2505 30
2505 32
2505 38
2505 31
2505 36
2505 35
2505 34
2505 33
2505 33
2505 32
2505 37
2505 32
2505 33
2505 32
2505 32
2505 34
2505 35
2505 36
2505 32
2505 32
2505 32
2505 35
2505 34
2505 35
2505 33
2505 33
2505 33
2505 32
2505 32
2505 34
2505 36
2505 32
2505 32
2505 34
2505 32
2505 36
2505 33
2505 37
2505 37
2505 37
2505 35
2505 34
2505 36
2505 32
2505 37
2505 32
2505 33
2505 33
2505 36
2505 36
2505 36
2505 32
2505 38
2505 31
2505 34
2505 34
2505 31
2505 36
2505 35
2505 32
2505 36
2505 36
2505 33
2505 33
2505 37
2505 37
2505 34
2505 34
2505 34
2505 32
2505 34
2505 34
2505 35
2505 36
2505 34
2505 33
2505 32
2505 34
2505 32
2505 36
2505 38
2505 28
2505 34
2505 36
2505 34
2505 33
2505 34
2505 36
2505 36
2505 35
2505 37
2505 32
2505 36
2505 34
2505 35
2510 32
2510 32
2510 35
2510 32
2510 32
2510 32
2510 31
2510 32
2510 27
2510 33
2510 32
2510 32
2510 31
2510 34
2510 32
2510 28
2510 31
2510 29
2510 32
2510 33
2510 30
2510 25
2510 31
2510 32
2510 27
2510 30
2510 34
2510 32
2510 35
2510 32
2510 31
2510 32
2510 31
2510 33
2510 36
2510 32
2510 33
2510 32
2510 32
2510 32
2510 32
2510 29
2510 34
2510 33
2510 32
2510 32
2510 32
2510 34
2510 32
2510 31
2510 32
2510 31
2510 32
2510 35
2510 31
2510 31
2510 28
2510 31
2510 32
2510 35
2510 34
2510 33
2510 32
2510 35
2510 32
2510 31
2510 35
2510 31
2510 31
2510 32
2510 34
2510 31
2510 32
2510 34
2510 32
2510 30
2510 34
2510 33
2510 33
2510 32
2510 34
2510 33
2510 32
2510 31
2510 31
2510 34
2510 35
2510 30
2510 32
2510 31
2510 35
2510 29
2510 30
2510 33
2510 32
2510 34
2510 35
2510 33
2510 32
2510 30
2515 29
2515 33
2515 32
2515 27
2515 30
2515 32
2515 32
2515 31
2515 30
2515 27
2515 33
2515 30
2515 29
2515 29
2515 31
2515 26
2515 25
2515 32
2515 32
2515 32
2515 31
2515 31
2515 32
2515 32
2515 30
2515 28
2515 31
2515 28
2515 29
2515 32
2515 31
2515 31
2515 30
2515 32
2515 27
2515 30
2515 26
2515 31
2515 32
2515 31
2515 31
2515 34
2515 30
2515 32
2515 32
2515 29
2515 31
2515 27
2515 31
2515 30
2515 30
2515 33
2515 29
2515 31
2515 31
2515 31
2515 31
2515 31
2515 31
2515 31
2515 32
2515 33
2515 34
2515 29
2515 32
2515 27
2515 26
2515 28
2515 30
2515 31
2515 31
2515 28
2515 27
2515 27
2515 32
2515 32
2515 27
2515 30
2515 32
2515 31
2515 30
2515 30
2515 31
2515 31
2515 31
2515 32
2515 32
2515 29
2515 31
2515 32
2515 32
2515 30
2515 31
2515 30
2515 28
2515 30
2515 31
2515 29
2515 31
2515 32
2520 28
2520 30
2520 27
2520 26
2520 27
2520 27
2520 24
2520 27
2520 27
2520 26
2520 28
2520 28
2520 26
2520 26
2520 28
2520 31
2520 30
2520 31
2520 28
2520 27
2520 31
2520 29
2520 27
2520 25
2520 28
2520 26
2520 25
2520 24
2520 27
2520 28
2520 28
2520 31
2520 28
2520 27
2520 31
2520 30
2520 24
2520 27
2520 26
2520 31
2520 28
2520 31
2520 24
2520 27
2520 32
2520 26
2520 31
2520 27
2520 28
2520 31
2520 27
2520 25
2520 27
2520 28
2520 31
2520 24
2520 28
2520 31
2520 28
2520 30
2520 27
2520 27
2520 24
2520 25
2520 25
2520 28
2520 28
2520 24
2520 28
2520 29
2520 27
2520 29
2520 24
2520 26
2520 29
2520 25
2520 24
2520 28
2520 29
2520 28
2520 29
2520 28
2520 27
2520 27
2520 27
2520 26
2520 31
2520 27
2520 28
2520 28
2520 29
2520 29
2520 27
2520 29
2520 24
2520 28
2520 25
2520 28
2520 29
2520 28
2525 19
2525 28
2525 25
2525 24
2525 27
2525 28
2525 28
2525 24
2525 30
2525 24
2525 27
2525 24
2525 22
2525 28
2525 24
2525 25
2525 23
2525 27
2525 26
2525 25
2525 21
2525 27
2525 24
2525 24
2525 25
2525 29
2525 28
2525 27
2525 28
2525 27
2525 27
2525 20
2525 26
2525 25
2525 25
2525 24
2525 24
2525 23
2525 24
2525 26
2525 21
2525 24
2525 27
2525 26
2525 24
2525 24
2525 25
2525 25
2525 26
2525 25
2525 24
2525 26
2525 21
2525 24
2525 24
2525 25
2525 25
2525 25
2525 27
2525 24
2525 26
2525 26
2525 29
2525 24
2525 28
2525 28
2525 25
2525 28
2525 25
2525 25
2525 25
2525 25
2525 29
2525 26
2525 29
2525 24
2525 25
2525 23
2525 25
2525 24
2525 25
2525 26
2525 26
2525 27
2525 27
2525 23
2525 29
2525 24
2525 24
2525 22
2525 26
2525 24
2525 27
2525 25
2525 25
2525 24
2525 26
2525 25
2525 30
2525 27
2530 23
2530 23
2530 22
2530 23
2530 24
2530 24
2530 26
2530 24
2530 21
2530 24
2530 27
2530 23
2530 26
2530 24
2530 25
2530 19
2530 25
2530 23
2530 24
2530 22
2530 24
2530 24
2530 25
2530 25
2530 22
2530 27
2530 27
2530 25
2530 24
2530 24
2530 24
2530 23
2530 19
2530 24
2530 24
2530 24
2530 18
2530 24
2530 27
2530 26
2530 24
2530 27
2530 21
2530 27
2530 25
2530 24
2530 24
2530 24
2530 26
2530 27
2530 21
2530 22
2530 24
2530 22
2530 24
2530 24
2530 23
2530 25
2530 25
2530 22
2530 27
2530 16
2530 22
2530 25
2530 24
2530 26
2530 21
2530 21
2530 24
2530 21
2530 24
2530 25
2530 21
2530 24
2530 25
2530 22
2530 22
2530 24
2530 25
2530 25
2530 27
2530 24
2530 25
2530 24
2530 23
2530 20
2530 27
2530 27
2530 24
2530 24
2530 27
2530 24
2530 21
2530 24
2530 24
2530 25
2530 27
2530 27
2530 24
2530 27
2535 24
2535 24
2535 23
2535 22
2535 18
2535 18
2535 24
2535 19
2535 23
2535 22
2535 21
2535 24
2535 24
2535 20
2535 21
2535 21
2535 25
2535 24
2535 23
2535 21
2535 19
2535 21
2535 22
2535 22
2535 23
2535 24
2535 24
2535 23
2535 22
2535 24
2535 24
2535 24
2535 22
2535 23
2535 22
2535 21
2535 21
2535 22
2535 24
2535 19
2535 23
2535 22
2535 22
2535 24
2535 22
2535 23
2535 21
2535 23
2535 23
2535 24
2535 20
2535 19
2535 22
2535 24
2535 20
2535 20
2535 23
2535 24
2535 24
2535 21
2535 23
2535 21
2535 25
2535 19
2535 22
2535 21
2535 18
2535 22
2535 19
2535 21
2535 21
2535 22
2535 24
2535 22
2535 22
2535 20
2535 22
2535 19
2535 19
2535 25
2535 24
2535 18
2535 23
2535 24
2535 21
2535 22
2535 20
2535 22
2535 21
2535 21
2535 22
2535 19
2535 21
2535 22
2535 19
2535 23
2535 22
2535 24
2535 23
2540 19
2540 22
2540 18
2540 16
2540 16
2540 19
2540 21
2540 17
2540 20
2540 21
2540 21
2540 19
2540 19
2540 19
2540 18
2540 21
2540 17
2540 19
2540 22
2540 18
2540 20
2540 22
2540 17
2540 17
2540 20
2540 21
2540 18
2540 21
2540 22
2540 16
2540 19
2540 22
2540 22
2540 21
2540 18
2540 19
2540 19
2540 21
2540 16
2540 19
2540 22
2540 20
2540 23
2540 22
2540 22
2540 21
2540 21
2540 20
2540 24
2540 19
2540 19
2540 18
2540 20
2540 17
2540 20
2540 18
2540 18
2540 21
2540 16
2540 13
2540 21
2540 20
2540 22
2540 17
2540 18
2540 20
2540 19
2540 19
2540 22
2540 19
2540 22
2540 20
2540 20
2540 18
2540 21
2540 17
2540 16
2540 17
2540 22
2540 21
2540 22
2540 15
2540 22
2540 21
2540 22
2540 16
2540 22
2540 19
2540 22
2540 21
2540 13
2540 19
2540 21
2540 18
2540 21
2540 21
2540 22
2540 16
2540 18
2540 16
2545 18
2545 19
2545 18
2545 17
2545 19
2545 16
2545 18
2545 19
2545 17
2545 18
2545 19
2545 17
2545 19
2545 19
2545 16
2545 21
2545 16
2545 17
2545 16
2545 19
2545 16
2545 17
2545 17
2545 20
2545 16
2545 19
2545 16
2545 19
2545 18
2545 16
2545 15
2545 15
2545 17
2545 21
2545 16
2545 16
2545 19
2545 17
2545 17
2545 16
2545 17
2545 17
2545 17
2545 18
2545 19
2545 17
2545 17
2545 18
2545 19
2545 18
2545 16
2545 17
2545 16
2545 13
2545 21
2545 12
2545 17
2545 17
2545 22
2545 21
2545 18
2545 19
2545 18
2545 11
2545 21
2545 17
2545 16
2545 19
2545 17
2545 18
2545 16
2545 18
2545 18
2545 20
2545 20
2545 21
2545 19
2545 16
2545 16
2545 16
2545 17
2545 15
2545 15
2545 17
2545 17
2545 19
2545 17
2545 20
2545 17
2545 17
2545 18
2545 17
2545 18
2545 18
2545 20
2545 18
2545 17
2545 15
2545 21
2545 20
2550 15
2550 16
2550 15
2550 18
2550 18
2550 18
2550 17
2550 18
2550 11
2550 12
2550 16
2550 12
2550 15
2550 17
2550 15
2550 17
2550 17
2550 18
2550 16
2550 11
2550 14
2550 17
2550 15
2550 18
2550 17
2550 15
2550 15
2550 16
2550 13
2550 16
2550 6
2550 18
2550 15
2550 17
2550 17
2550 14
2550 16
2550 13
2550 17
2550 15
2550 16
2550 17
2550 14
2550 17
2550 14
2550 13
2550 12
2550 13
2550 16
2550 18
2550 15
2550 14
2550 16
2550 13
2550 14
2550 13
2550 16
2550 16
2550 15
2550 16
2550 14
2550 17
2550 16
2550 15
2550 16
2550 17
2550 15
2550 17
2550 17
2550 16
2550 17
2550 18
2550 16
2550 16
2550 17
2550 17
2550 17
2550 16
2550 17
2550 17
2550 17
2550 18
2550 13
2550 17
2550 16
2550 15
2550 17
2550 19
2550 16
2550 12
2550 18
2550 17
2550 16
2550 17
2550 13
2550 16
2550 16
2550 15
2550 17
2550 13
2555 13
2555 15
2555 15
2555 15
2555 13
2555 16
2555 13
2555 11
2555 12
2555 9
2555 13
2555 15
2555 11
2555 15
2555 13
2555 16
2555 11
2555 14
2555 12
2555 13
2555 10
2555 13
2555 10
2555 15
2555 10
2555 15
2555 16
2555 15
2555 18
2555 16
2555 12
2555 13
2555 13
2555 13
2555 12
2555 14
2555 14
2555 15
2555 15
2555 15
2555 15
2555 13
2555 12
2555 16
2555 12
2555 11
2555 16
2555 13
2555 11
2555 11
2555 16
2555 13
2555 13
2555 14
2555 15
2555 13
2555 12
2555 15
2555 14
2555 12
2555 13
2555 14
2555 14
2555 17
2555 11
2555 16
2555 17
2555 11
2555 11
2555 15
2555 11
2555 11
2555 11
2555 14
2555 13
2555 15
2555 13
2555 14
2555 13
2555 15
2555 15
2555 16
2555 15
2555 12
2555 12
2555 13
2555 13
2555 14
2555 14
2555 14
2555 16
2555 16
2555 14
2555 13
2555 4
2555 13
2555 12
2555 15
2555 11
2560 13
2560 13
2560 13
2560 12
2560 11
2560 13
2560 13
2560 14
2560 12
2560 11
2560 14
2560 13
2560 9
2560 14
2560 9
2560 11
2560 14
2560 13
2560 13
2560 11
2560 9
2560 10
2560 7
2560 11
2560 11
2560 12
2560 13
2560 11
2560 13
2560 14
2560 10
2560 12
2560 14
2560 14
2560 11
2560 15
2560 11
2560 9
2560 13
2560 11
2560 10
2560 10
2560 12
2560 9
2560 16
2560 11
2560 11
2560 12
2560 10
2560 16
2560 10
2560 13
2560 10
2560 10
2560 12
2560 11
2560 12
2560 14
2560 12
2560 11
2560 9
2560 13
2560 14
2560 15
2560 15
2560 10
2560 14
2560 12
2560 10
2560 16
2560 11
2560 13
2560 12
2560 14
2560 13
2560 11
2560 8
2560 17
2560 13
2560 13
2560 12
2560 12
2560 9
2560 13
2560 13
2560 13
2560 13
2560 13
2560 14
2560 14
2560 10
2560 11
2560 15
2560 13
2560 11
2560 12
2560 12
2560 13
2560 13
2560 11
2565 11
2565 7
2565 10
2565 10
2565 13
2565 9
2565 12
2565 11
2565 11
2565 5
2565 10
2565 10
2565 11
2565 12
2565 4
2565 10
2565 11
2565 10
2565 9
2565 11
2565 9
2565 9
2565 10
2565 11
2565 9
2565 7
2565 10
2565 12
2565 9
2565 9
2565 10
2565 12
2565 7
2565 10
2565 9
2565 7
2565 8
2565 9
2565 10
2565 11
2565 9
2565 10
2565 12
2565 10
2565 13
2565 9
2565 10
2565 10
2565 7
2565 11
2565 11
2565 10
2565 9
2565 10
2565 11
2565 13
2565 7
2565 11
2565 10
2565 6
2565 11
2565 9
2565 9
2565 11
2565 12
2565 8
2565 9
2565 10
2565 9
2565 9
2565 9
2565 10
2565 9
2565 11
2565 8
2565 8
2565 10
2565 9
2565 11
2565 8
2565 6
2565 11
2565 9
2565 9
2565 11
2565 10
2565 10
2565 11
2565 10
2565 12
2565 11
2565 9
2565 9
2565 3
2565 12
2565 6
2565 7
2565 10
2565 7
2565 8
2570 6
2570 9
2570 6
2570 7
2570 10
2570 4
2570 8
2570 7
2570 10
2570 3
2570 9
2570 7
2570 8
2570 10
2570 9
2570 6
2570 10
2570 8
2570 9
2570 11
2570 6
2570 9
2570 4
2570 7
2570 9
2570 7
2570 10
2570 7
2570 10
2570 11
2570 9
2570 7
2570 8
2570 6
2570 8
2570 10
2570 7
2570 9
2570 8
2570 7
2570 7
2570 7
2570 7
2570 10
2570 7
2570 7
2570 5
2570 9
2570 9
2570 9
2570 5
2570 4
2570 5
2570 9
2570 10
2570 9
2570 8
2570 5
2570 4
2570 7
2570 4
2570 7
2570 9
2570 9
2570 9
2570 5
2570 4
2570 7
2570 7
2570 10
2570 11
2570 6
2570 5
2570 9
2570 6
2570 11
2570 10
2570 7
2570 7
2570 12
2570 10
2570 8
2570 9
2570 8
2570 7
2570 10
2570 5
2570 6
2570 7
2570 7
2570 10
2570 5
2570 11
2570 7
2570 7
2570 8
2570 8
2570 7
2575 7
2575 9
2575 9
2575 4
2575 6
2575 8
2575 7
2575 8
2575 6
2575 4
2575 8
2575 7
2575 5
2575 5
2575 5
2575 5
2575 4
2575 9
2575 5
2575 7
2575 4
2575 8
2575 6
2575 7
2575 4
2575 7
2575 5
2575 4
2575 4
2575 6
2575 5
2575 8
2575 8
2575 6
2575 7
2575 4
2575 7
2575 4
2575 5
2575 7
2575 4
2575 5
2575 7
2575 4
2575 7
2575 5
2575 6
2575 4
2575 7
2575 6
2575 9
2575 6
2575 4
2575 4
2575 6
2575 6
2575 8
2575 6
2575 9
2575 3
2575 3
2575 7
2575 3
2575 4
2575 3
2575 7
2575 10
2575 5
2575 9
2575 5
2575 4
2575 8
2575 9
2575 7
2575 8
2575 6
2575 5
2575 3
2575 7
2575 4
2575 4
2575 6
2575 8
2575 3
2575 8
2575 5
2575 7
2575 6
2575 5
2575 4
2575 8
2575 5
2575 5
2575 4
2575 4
2580 4
2580 5
2580 6
2580 4
2580 5
2580 4
2580 4
2580 5
2580 4
2580 3
2580 4
2580 6
2580 4
2580 3
2580 4
2580 4
2580 3
2580 4
2580 3
2580 5
2580 5
2580 4
2580 3
2580 5
2580 4
2580 4
2580 5
2580 4
2580 4
2580 6
2580 4
2580 3
2580 3
2580 4
2580 5
2580 5
2580 3
2580 3
2580 4
2580 4
2580 3
2580 4
2580 5
2580 4
2580 3
2585 4
2585 3
2585 4
2585 5
2585 4
2585 3
2585 4
2585 4
2585 8
2585 4
2585 4
2585 3
