TOA measurement vs Delay ---- Mon Jun 15 01:10:30 2020
Pixel = 11
config file = config/asic_config_B4.yml
NofIterations = 100
LSBest = 24.67101919096764
mean value = [  0.           0.           0.           0.           0.
   0.           0.           0.           0.           0.
   0.           0.           0.           0.           0.
   0.           0.           0.           0.           0.
 125.02020202 123.07       121.07070707 119.94949495 117.22222222
 115.43       113.29       112.13       109.08       106.93
 105.11       103.2755102  100.66666667  99.03        97.18
  95.98        93.19191919  91.23        89.43        88.03061224
  85.79        83.9         82.09        80.90909091  77.82
  75.4         73.69        72.16        69.33        67.65656566
  65.62        64.18181818  61.82        60.1010101   58.66
  56.75        54.13131313  52.39393939  50.92929293  49.
  46.90909091  44.96        42.94949495  41.01        38.4
  36.72        35.04        33.02020202  31.21212121  29.15
  27.57        25.71        24.17        22.18        20.88
  18.98989899  16.99        14.77        12.91        10.76530612
   8.6969697    6.06060606   4.14         0.           0.
   0.           0.           0.           0.           0.
   0.           0.           0.           0.           0.
   0.           0.           0.           0.           0.        ]
sigma = [0.         0.         0.         0.         0.         0.
 0.         0.         0.         0.         0.         0.
 0.         0.         0.         0.         0.         0.
 0.         0.         0.35118265 0.4104063  0.38605817 0.36233634
 0.5061352  0.57309103 0.53780418 0.79776772 0.48675798 0.43408908
 0.42571508 0.65252955 0.5527708  0.3353108  0.50093246 0.37806525
 0.48828224 0.51032669 0.65454819 0.39220504 0.49923274 0.46188022
 0.60434538 0.40740393 0.48055523 0.56862407 0.5451911  0.50767444
 0.55175478 0.55571623 0.77390783 0.481761   0.50093246 0.59662264
 0.6064102  0.5204165  0.44430094 0.56752487 0.38605817 0.28867513
 0.43148578 0.5115988  0.43805671 0.30534134 0.56862407 0.53379147
 0.34890304 0.32113429 0.50045893 0.45916591 0.57309103 0.74110278
 0.47374395 0.48055523 0.43466462 0.33694856 0.30534134 0.51032669
 0.45302686 0.5127826  0.54271196 0.37452143 0.45136829 0.
 0.         0.         0.         0.         0.         0.
 0.         0.         0.         0.         0.         0.
 0.         0.         0.         0.        ]
Pulse delay   TOA 
2200 7
2250 17
2255 17
2260 13
2265 11
2300 125
2300 125
2300 125
2300 125
2300 125
2300 125
2300 126
2300 125
2300 125
2300 125
2300 125
2300 125
2300 125
2300 126
2300 125
2300 126
2300 125
2300 125
2300 125
2300 125
2300 125
2300 125
2300 125
2300 125
2300 125
2300 125
2300 125
2300 125
2300 125
2300 125
2300 125
2300 125
2300 125
2300 125
2300 125
2300 125
2300 125
2300 125
2300 125
2300 125
2300 125
2300 125
2300 125
2300 125
2300 125
2300 125
2300 125
2300 125
2300 125
2300 125
2300 125
2300 125
2300 125
2300 125
2300 125
2300 125
2300 125
2300 125
2300 125
2300 125
2300 125
2300 125
2300 125
2300 125
2300 125
2300 125
2300 125
2300 125
2300 125
2300 125
2300 125
2300 125
2300 125
2300 125
2300 124
2300 125
2300 125
2300 125
2300 125
2300 125
2300 125
2300 125
2300 125
2300 125
2300 125
2300 125
2300 125
2300 125
2300 125
2300 125
2300 125
2300 125
2300 125
2300 125
2300 125
2300 125
2300 125
2300 125
2300 125
2305 123
2305 124
2305 123
2305 123
2305 123
2305 123
2305 123
2305 123
2305 123
2305 123
2305 124
2305 124
2305 123
2305 123
2305 123
2305 124
2305 123
2305 123
2305 123
2305 123
2305 123
2305 123
2305 123
2305 123
2305 123
2305 123
2305 123
2305 123
2305 122
2305 123
2305 123
2305 123
2305 123
2305 124
2305 123
2305 123
2305 123
2305 123
2305 123
2305 123
2305 123
2305 123
2305 123
2305 123
2305 123
2305 124
2305 123
2305 123
2305 123
2305 123
2305 123
2305 123
2305 123
2305 123
2305 123
2305 123
2305 123
2305 123
2305 124
2305 123
2305 123
2305 123
2305 123
2305 123
2305 123
2305 123
2305 123
2305 123
2305 123
2305 123
2305 123
2305 123
2305 123
2305 123
2305 123
2305 123
2305 124
2305 123
2305 123
2305 123
2305 123
2305 123
2305 123
2305 123
2305 123
2305 123
2305 123
2305 123
2305 123
2305 123
2305 123
2305 123
2305 123
2305 123
2305 123
2305 123
2305 123
2305 123
2305 123
2305 123
2310 121
2310 121
2310 121
2310 121
2310 121
2310 121
2310 122
2310 121
2310 121
2310 121
2310 121
2310 121
2310 121
2310 121
2310 121
2310 121
2310 121
2310 121
2310 121
2310 121
2310 121
2310 121
2310 121
2310 121
2310 121
2310 121
2310 121
2310 121
2310 121
2310 122
2310 121
2310 121
2310 121
2310 121
2310 121
2310 121
2310 121
2310 121
2310 121
2310 121
2310 121
2310 121
2310 121
2310 121
2310 121
2310 121
2310 121
2310 121
2310 121
2310 121
2310 121
2310 121
2310 121
2310 121
2310 121
2310 121
2310 121
2310 121
2310 121
2310 121
2310 121
2310 121
2310 122
2310 121
2310 121
2310 121
2310 121
2310 121
2310 121
2310 122
2310 121
2310 122
2310 121
2310 122
2310 121
2310 121
2310 121
2310 121
2310 121
2310 121
2310 121
2310 121
2310 121
2310 121
2310 121
2310 121
2310 121
2310 121
2310 122
2310 121
2310 121
2310 121
2310 121
2310 121
2310 121
2310 121
2310 121
2310 121
2310 121
2315 120
2315 120
2315 120
2315 120
2315 120
2315 120
2315 120
2315 120
2315 120
2315 120
2315 120
2315 120
2315 120
2315 119
2315 120
2315 120
2315 120
2315 120
2315 120
2315 120
2315 120
2315 120
2315 120
2315 120
2315 120
2315 120
2315 120
2315 120
2315 120
2315 120
2315 120
2315 120
2315 119
2315 120
2315 120
2315 120
2315 120
2315 120
2315 120
2315 120
2315 120
2315 120
2315 120
2315 119
2315 120
2315 120
2315 120
2315 120
2315 120
2315 120
2315 120
2315 120
2315 120
2315 120
2315 120
2315 120
2315 120
2315 120
2315 120
2315 120
2315 120
2315 120
2315 119
2315 120
2315 120
2315 120
2315 120
2315 120
2315 120
2315 120
2315 120
2315 120
2315 120
2315 120
2315 120
2315 120
2315 120
2315 120
2315 120
2315 120
2315 120
2315 120
2315 120
2315 120
2315 120
2315 120
2315 120
2315 120
2315 120
2315 120
2315 120
2315 120
2315 120
2315 120
2315 120
2315 120
2315 119
2315 120
2315 120
2320 117
2320 117
2320 117
2320 117
2320 117
2320 117
2320 118
2320 118
2320 117
2320 117
2320 117
2320 117
2320 117
2320 117
2320 117
2320 117
2320 117
2320 117
2320 117
2320 117
2320 117
2320 117
2320 117
2320 118
2320 117
2320 117
2320 117
2320 117
2320 118
2320 117
2320 117
2320 117
2320 117
2320 117
2320 118
2320 117
2320 117
2320 117
2320 118
2320 118
2320 117
2320 117
2320 117
2320 117
2320 118
2320 117
2320 117
2320 117
2320 117
2320 118
2320 118
2320 118
2320 117
2320 118
2320 118
2320 118
2320 117
2320 118
2320 117
2320 117
2320 117
2320 117
2320 117
2320 117
2320 117
2320 117
2320 118
2320 117
2320 117
2320 117
2320 117
2320 118
2320 117
2320 117
2320 117
2320 117
2320 117
2320 117
2320 118
2320 117
2320 117
2320 117
2320 117
2320 118
2320 118
2320 117
2320 117
2320 117
2320 117
2320 118
2320 117
2320 117
2320 117
2320 117
2320 118
2320 117
2320 117
2320 117
2320 117
2325 116
2325 115
2325 116
2325 115
2325 115
2325 115
2325 116
2325 115
2325 115
2325 116
2325 115
2325 115
2325 116
2325 116
2325 115
2325 116
2325 115
2325 115
2325 115
2325 115
2325 116
2325 115
2325 116
2325 115
2325 115
2325 116
2325 115
2325 115
2325 115
2325 116
2325 116
2325 115
2325 115
2325 115
2325 115
2325 116
2325 116
2325 115
2325 116
2325 116
2325 115
2325 115
2325 116
2325 115
2325 116
2325 115
2325 115
2325 115
2325 116
2325 115
2325 115
2325 115
2325 116
2325 116
2325 115
2325 116
2325 115
2325 115
2325 115
2325 116
2325 116
2325 115
2325 115
2325 116
2325 115
2325 115
2325 116
2325 115
2325 115
2325 116
2325 116
2325 116
2325 115
2325 116
2325 115
2325 115
2325 115
2325 116
2325 116
2325 115
2325 116
2325 115
2325 115
2325 115
2325 116
2325 116
2325 116
2325 115
2325 116
2325 115
2325 115
2325 116
2325 116
2325 116
2325 116
2325 115
2325 115
2325 116
2325 115
2325 116
2330 113
2330 114
2330 113
2330 114
2330 113
2330 113
2330 114
2330 114
2330 114
2330 113
2330 113
2330 113
2330 113
2330 113
2330 113
2330 113
2330 113
2330 113
2330 113
2330 113
2330 113
2330 114
2330 114
2330 113
2330 113
2330 114
2330 113
2330 113
2330 114
2330 113
2330 114
2330 114
2330 113
2330 113
2330 113
2330 113
2330 114
2330 114
2330 113
2330 114
2330 113
2330 113
2330 114
2330 114
2330 113
2330 114
2330 113
2330 113
2330 113
2330 113
2330 113
2330 113
2330 114
2330 114
2330 113
2330 113
2330 114
2330 113
2330 113
2330 114
2330 113
2330 113
2330 113
2330 113
2330 114
2330 113
2330 113
2330 113
2330 113
2330 113
2330 113
2330 113
2330 114
2330 114
2330 114
2330 113
2330 113
2330 113
2330 113
2330 113
2330 113
2330 113
2330 114
2330 113
2330 113
2330 113
2330 113
2330 113
2330 113
2330 113
2330 113
2330 114
2330 113
2330 114
2330 113
2330 113
2330 113
2330 113
2330 113
2330 114
2335 112
2335 112
2335 112
2335 113
2335 111
2335 112
2335 113
2335 112
2335 113
2335 112
2335 111
2335 113
2335 112
2335 112
2335 113
2335 112
2335 112
2335 112
2335 113
2335 111
2335 112
2335 112
2335 113
2335 112
2335 112
2335 112
2335 111
2335 113
2335 111
2335 111
2335 111
2335 113
2335 112
2335 113
2335 111
2335 111
2335 112
2335 112
2335 112
2335 113
2335 111
2335 113
2335 112
2335 113
2335 112
2335 112
2335 113
2335 113
2335 112
2335 113
2335 112
2335 112
2335 112
2335 113
2335 113
2335 111
2335 113
2335 112
2335 112
2335 113
2335 111
2335 113
2335 113
2335 113
2335 113
2335 113
2335 111
2335 112
2335 112
2335 113
2335 112
2335 112
2335 111
2335 111
2335 112
2335 113
2335 112
2335 112
2335 113
2335 112
2335 112
2335 111
2335 113
2335 112
2335 113
2335 113
2335 113
2335 112
2335 111
2335 112
2335 111
2335 112
2335 111
2335 112
2335 111
2335 113
2335 111
2335 113
2335 113
2335 111
2340 109
2340 109
2340 110
2340 109
2340 109
2340 109
2340 109
2340 110
2340 109
2340 109
2340 109
2340 109
2340 109
2340 109
2340 109
2340 109
2340 110
2340 110
2340 109
2340 109
2340 109
2340 109
2340 110
2340 110
2340 109
2340 109
2340 109
2340 109
2340 109
2340 109
2340 109
2340 109
2340 109
2340 109
2340 109
2340 110
2340 109
2340 109
2340 109
2340 109
2340 109
2340 109
2340 109
2340 109
2340 110
2340 109
2340 109
2340 109
2340 109
2340 109
2340 109
2340 109
2340 109
2340 109
2340 109
2340 109
2340 109
2340 109
2340 109
2340 109
2340 109
2340 109
2340 109
2340 109
2340 108
2340 109
2340 109
2340 109
2340 109
2340 109
2340 108
2340 109
2340 109
2340 109
2340 109
2340 109
2340 110
2340 109
2340 109
2340 110
2340 109
2340 108
2340 109
2340 110
2340 109
2340 109
2340 109
2340 109
2340 109
2340 109
2340 109
2340 109
2340 109
2340 109
2340 109
2340 109
2340 109
2340 108
2340 109
2340 110
2345 107
2345 107
2345 107
2345 107
2345 107
2345 107
2345 107
2345 107
2345 106
2345 107
2345 107
2345 107
2345 107
2345 107
2345 107
2345 107
2345 107
2345 107
2345 107
2345 106
2345 106
2345 108
2345 107
2345 107
2345 107
2345 107
2345 107
2345 107
2345 107
2345 107
2345 107
2345 107
2345 107
2345 107
2345 107
2345 107
2345 107
2345 107
2345 107
2345 107
2345 107
2345 107
2345 107
2345 107
2345 107
2345 107
2345 107
2345 107
2345 107
2345 106
2345 107
2345 107
2345 107
2345 107
2345 107
2345 107
2345 108
2345 107
2345 107
2345 106
2345 107
2345 107
2345 107
2345 107
2345 107
2345 107
2345 106
2345 107
2345 107
2345 107
2345 107
2345 107
2345 107
2345 107
2345 106
2345 107
2345 107
2345 107
2345 107
2345 106
2345 107
2345 107
2345 107
2345 107
2345 107
2345 107
2345 107
2345 107
2345 107
2345 107
2345 107
2345 106
2345 107
2345 107
2345 107
2345 107
2345 107
2345 107
2345 107
2345 107
2350 105
2350 106
2350 105
2350 105
2350 105
2350 105
2350 105
2350 105
2350 105
2350 105
2350 105
2350 105
2350 105
2350 105
2350 105
2350 106
2350 105
2350 105
2350 105
2350 105
2350 105
2350 105
2350 105
2350 106
2350 105
2350 105
2350 106
2350 105
2350 106
2350 105
2350 105
2350 105
2350 105
2350 105
2350 105
2350 105
2350 105
2350 105
2350 105
2350 105
2350 105
2350 105
2350 105
2350 105
2350 105
2350 105
2350 105
2350 105
2350 105
2350 105
2350 105
2350 105
2350 105
2350 105
2350 105
2350 105
2350 105
2350 105
2350 106
2350 106
2350 105
2350 105
2350 105
2350 105
2350 105
2350 105
2350 105
2350 106
2350 105
2350 106
2350 105
2350 105
2350 105
2350 105
2350 105
2350 105
2350 105
2350 105
2350 105
2350 105
2350 105
2350 105
2350 105
2350 105
2350 105
2350 105
2350 105
2350 105
2350 105
2350 105
2350 106
2350 105
2350 105
2350 105
2350 106
2350 105
2350 105
2350 105
2350 105
2350 105
2355 104
2355 103
2355 103
2355 103
2355 103
2355 103
2355 104
2355 103
2355 104
2355 103
2355 103
2355 104
2355 104
2355 103
2355 103
2355 104
2355 103
2355 104
2355 103
2355 104
2355 103
2355 103
2355 104
2355 103
2355 104
2355 103
2355 103
2355 103
2355 104
2355 104
2355 103
2355 102
2355 102
2355 103
2355 103
2355 103
2355 102
2355 103
2355 103
2355 103
2355 103
2355 103
2355 103
2355 104
2355 103
2355 103
2355 103
2355 103
2355 104
2355 103
2355 104
2355 103
2355 104
2355 104
2355 104
2355 103
2355 103
2355 104
2355 104
2355 104
2355 104
2355 103
2355 104
2355 104
2355 104
2355 104
2355 103
2355 103
2355 104
2355 102
2355 103
2355 104
2355 102
2355 103
2355 104
2355 103
2355 102
2355 102
2355 104
2355 103
2355 104
2355 103
2355 103
2355 103
2355 103
2355 103
2355 104
2355 103
2355 103
2355 103
2355 104
2355 103
2355 104
2355 103
2355 103
2355 103
2355 103
2355 103
2360 101
2360 100
2360 100
2360 101
2360 101
2360 101
2360 101
2360 100
2360 100
2360 101
2360 101
2360 100
2360 101
2360 101
2360 100
2360 101
2360 101
2360 100
2360 101
2360 100
2360 101
2360 100
2360 101
2360 100
2360 100
2360 101
2360 101
2360 101
2360 101
2360 100
2360 101
2360 101
2360 101
2360 101
2360 101
2360 101
2360 101
2360 101
2360 100
2360 101
2360 101
2360 101
2360 101
2360 101
2360 101
2360 100
2360 100
2360 101
2360 101
2360 101
2360 101
2360 101
2360 101
2360 100
2360 100
2360 101
2360 101
2360 101
2360 100
2360 101
2360 100
2360 100
2360 100
2360 101
2360 100
2360 101
2360 101
2360 101
2360 101
2360 101
2360 101
2360 101
2360 101
2360 101
2360 100
2360 101
2360 100
2360 101
2360 100
2360 101
2360 100
2360 101
2360 100
2360 100
2360 100
2360 101
2360 101
2360 100
2360 101
2360 101
2360 101
2360 101
2360 100
2360 100
2360 100
2360 101
2360 101
2360 101
2360 101
2365 99
2365 99
2365 99
2365 99
2365 99
2365 99
2365 99
2365 99
2365 99
2365 99
2365 99
2365 99
2365 99
2365 99
2365 99
2365 100
2365 99
2365 99
2365 99
2365 99
2365 99
2365 99
2365 99
2365 99
2365 99
2365 99
2365 99
2365 99
2365 99
2365 99
2365 99
2365 99
2365 99
2365 99
2365 99
2365 99
2365 99
2365 99
2365 99
2365 99
2365 99
2365 99
2365 99
2365 99
2365 99
2365 99
2365 99
2365 99
2365 99
2365 99
2365 99
2365 99
2365 99
2365 100
2365 99
2365 99
2365 99
2365 99
2365 99
2365 99
2365 99
2365 99
2365 99
2365 99
2365 99
2365 99
2365 99
2365 99
2365 99
2365 99
2365 99
2365 99
2365 99
2365 100
2365 99
2365 99
2365 99
2365 99
2365 99
2365 99
2365 99
2365 99
2365 99
2365 99
2365 99
2365 99
2365 99
2365 99
2365 99
2365 99
2365 99
2365 99
2365 99
2365 99
2365 99
2365 99
2365 99
2365 99
2365 99
2365 99
2370 98
2370 99
2370 97
2370 97
2370 97
2370 97
2370 97
2370 97
2370 97
2370 97
2370 97
2370 98
2370 97
2370 97
2370 97
2370 97
2370 97
2370 97
2370 97
2370 97
2370 97
2370 98
2370 97
2370 97
2370 97
2370 97
2370 97
2370 97
2370 97
2370 98
2370 97
2370 97
2370 97
2370 97
2370 97
2370 97
2370 98
2370 97
2370 97
2370 97
2370 98
2370 97
2370 97
2370 97
2370 97
2370 98
2370 97
2370 97
2370 97
2370 97
2370 97
2370 97
2370 97
2370 98
2370 98
2370 97
2370 97
2370 97
2370 97
2370 97
2370 97
2370 97
2370 97
2370 98
2370 97
2370 97
2370 97
2370 97
2370 97
2370 97
2370 98
2370 97
2370 98
2370 97
2370 97
2370 97
2370 97
2370 97
2370 97
2370 97
2370 97
2370 97
2370 97
2370 97
2370 98
2370 97
2370 97
2370 97
2370 97
2370 97
2370 97
2370 97
2370 97
2370 98
2370 97
2370 97
2370 97
2370 97
2370 98
2370 98
2375 96
2375 97
2375 96
2375 96
2375 96
2375 96
2375 96
2375 96
2375 96
2375 96
2375 96
2375 96
2375 96
2375 96
2375 96
2375 96
2375 96
2375 96
2375 96
2375 96
2375 96
2375 96
2375 96
2375 96
2375 96
2375 96
2375 96
2375 96
2375 96
2375 96
2375 96
2375 96
2375 96
2375 96
2375 96
2375 96
2375 96
2375 96
2375 96
2375 96
2375 96
2375 96
2375 96
2375 96
2375 96
2375 96
2375 96
2375 95
2375 96
2375 96
2375 96
2375 96
2375 96
2375 96
2375 96
2375 96
2375 96
2375 95
2375 96
2375 96
2375 96
2375 96
2375 96
2375 96
2375 96
2375 96
2375 96
2375 96
2375 96
2375 96
2375 96
2375 96
2375 96
2375 96
2375 96
2375 96
2375 96
2375 96
2375 96
2375 96
2375 96
2375 96
2375 96
2375 95
2375 96
2375 96
2375 96
2375 96
2375 95
2375 96
2375 96
2375 96
2375 96
2375 96
2375 96
2375 97
2375 96
2375 96
2375 96
2375 96
2380 93
2380 93
2380 93
2380 93
2380 93
2380 94
2380 93
2380 93
2380 93
2380 93
2380 93
2380 93
2380 93
2380 93
2380 93
2380 93
2380 93
2380 93
2380 93
2380 93
2380 93
2380 93
2380 93
2380 93
2380 93
2380 93
2380 93
2380 93
2380 94
2380 94
2380 93
2380 93
2380 93
2380 93
2380 94
2380 93
2380 94
2380 93
2380 93
2380 94
2380 93
2380 94
2380 93
2380 93
2380 94
2380 93
2380 94
2380 93
2380 94
2380 93
2380 93
2380 93
2380 93
2380 93
2380 93
2380 93
2380 93
2380 93
2380 94
2380 94
2380 94
2380 94
2380 93
2380 93
2380 93
2380 93
2380 93
2380 94
2380 93
2380 94
2380 94
2380 93
2380 93
2380 94
2380 93
2380 93
2380 93
2380 93
2380 93
2380 93
2380 93
2380 93
2380 93
2380 93
2380 93
2380 93
2380 94
2380 93
2380 93
2380 93
2380 93
2380 93
2380 93
2380 93
2380 93
2380 93
2380 93
2380 93
2380 93
2385 91
2385 91
2385 91
2385 91
2385 91
2385 92
2385 92
2385 91
2385 91
2385 91
2385 91
2385 91
2385 91
2385 91
2385 91
2385 91
2385 92
2385 91
2385 91
2385 91
2385 91
2385 91
2385 91
2385 91
2385 91
2385 92
2385 91
2385 91
2385 91
2385 91
2385 91
2385 91
2385 91
2385 92
2385 91
2385 91
2385 91
2385 91
2385 91
2385 91
2385 91
2385 91
2385 92
2385 91
2385 91
2385 91
2385 91
2385 91
2385 91
2385 91
2385 91
2385 91
2385 91
2385 92
2385 91
2385 92
2385 92
2385 91
2385 92
2385 91
2385 92
2385 91
2385 92
2385 91
2385 91
2385 91
2385 91
2385 91
2385 91
2385 92
2385 91
2385 91
2385 92
2385 91
2385 91
2385 91
2385 91
2385 91
2385 91
2385 91
2385 91
2385 91
2385 91
2385 92
2385 92
2385 91
2385 91
2385 91
2385 91
2385 91
2385 91
2385 92
2385 92
2385 92
2385 92
2385 92
2385 91
2385 91
2385 92
2385 92
2390 89
2390 89
2390 90
2390 90
2390 90
2390 90
2390 90
2390 89
2390 90
2390 90
2390 89
2390 89
2390 91
2390 90
2390 89
2390 89
2390 89
2390 89
2390 89
2390 89
2390 90
2390 89
2390 89
2390 90
2390 91
2390 89
2390 90
2390 89
2390 89
2390 90
2390 90
2390 91
2390 89
2390 89
2390 89
2390 89
2390 89
2390 90
2390 89
2390 89
2390 89
2390 89
2390 89
2390 89
2390 89
2390 90
2390 89
2390 89
2390 89
2390 89
2390 89
2390 90
2390 89
2390 89
2390 89
2390 90
2390 90
2390 91
2390 90
2390 90
2390 91
2390 89
2390 90
2390 89
2390 89
2390 89
2390 90
2390 89
2390 89
2390 89
2390 89
2390 89
2390 89
2390 89
2390 89
2390 89
2390 89
2390 90
2390 89
2390 90
2390 90
2390 89
2390 89
2390 90
2390 89
2390 89
2390 90
2390 90
2390 89
2390 90
2390 89
2390 90
2390 89
2390 89
2390 90
2390 89
2390 89
2390 90
2390 90
2390 89
2395 88
2395 88
2395 88
2395 88
2395 88
2395 88
2395 88
2395 88
2395 88
2395 88
2395 88
2395 88
2395 88
2395 88
2395 88
2395 88
2395 88
2395 88
2395 88
2395 88
2395 88
2395 88
2395 88
2395 88
2395 88
2395 88
2395 88
2395 88
2395 88
2395 87
2395 88
2395 88
2395 88
2395 88
2395 88
2395 88
2395 88
2395 88
2395 88
2395 88
2395 88
2395 88
2395 88
2395 88
2395 88
2395 88
2395 88
2395 88
2395 88
2395 88
2395 87
2395 88
2395 88
2395 88
2395 88
2395 88
2395 88
2395 88
2395 88
2395 88
2395 88
2395 88
2395 88
2395 88
2395 88
2395 88
2395 88
2395 89
2395 88
2395 88
2395 88
2395 88
2395 88
2395 88
2395 88
2395 88
2395 88
2395 88
2395 89
2395 88
2395 88
2395 88
2395 89
2395 89
2395 88
2395 88
2395 88
2395 88
2395 88
2395 88
2395 88
2395 88
2395 89
2395 88
2395 88
2395 88
2395 88
2395 88
2400 86
2400 86
2400 86
2400 86
2400 86
2400 86
2400 86
2400 86
2400 85
2400 86
2400 86
2400 85
2400 86
2400 86
2400 86
2400 86
2400 86
2400 86
2400 85
2400 86
2400 85
2400 85
2400 86
2400 86
2400 86
2400 85
2400 86
2400 86
2400 86
2400 85
2400 86
2400 86
2400 85
2400 86
2400 86
2400 86
2400 85
2400 86
2400 86
2400 86
2400 86
2400 85
2400 86
2400 85
2400 85
2400 86
2400 86
2400 85
2400 85
2400 86
2400 85
2400 85
2400 86
2400 86
2400 86
2400 86
2400 86
2400 86
2400 86
2400 86
2400 86
2400 85
2400 86
2400 86
2400 86
2400 86
2400 86
2400 85
2400 86
2400 86
2400 86
2400 86
2400 86
2400 86
2400 86
2400 86
2400 86
2400 85
2400 86
2400 86
2400 86
2400 86
2400 86
2400 86
2400 86
2400 86
2400 86
2400 86
2400 86
2400 86
2400 85
2400 86
2400 86
2400 86
2400 86
2400 86
2400 85
2400 86
2400 86
2400 86
2405 83
2405 84
2405 84
2405 84
2405 84
2405 84
2405 84
2405 84
2405 84
2405 84
2405 84
2405 84
2405 84
2405 85
2405 84
2405 84
2405 84
2405 84
2405 84
2405 84
2405 83
2405 84
2405 84
2405 84
2405 84
2405 84
2405 84
2405 84
2405 84
2405 84
2405 84
2405 84
2405 84
2405 84
2405 84
2405 84
2405 84
2405 84
2405 84
2405 84
2405 84
2405 84
2405 84
2405 84
2405 84
2405 84
2405 84
2405 84
2405 84
2405 84
2405 83
2405 84
2405 84
2405 84
2405 84
2405 83
2405 84
2405 84
2405 83
2405 84
2405 84
2405 84
2405 84
2405 84
2405 84
2405 83
2405 84
2405 84
2405 84
2405 85
2405 83
2405 84
2405 84
2405 84
2405 84
2405 84
2405 84
2405 83
2405 84
2405 84
2405 83
2405 84
2405 84
2405 84
2405 84
2405 84
2405 84
2405 84
2405 84
2405 84
2405 83
2405 84
2405 84
2405 83
2405 84
2405 83
2405 84
2405 84
2405 84
2405 84
2410 83
2410 83
2410 82
2410 83
2410 82
2410 83
2410 82
2410 81
2410 82
2410 82
2410 83
2410 82
2410 82
2410 82
2410 83
2410 82
2410 81
2410 82
2410 82
2410 82
2410 83
2410 82
2410 82
2410 82
2410 82
2410 82
2410 82
2410 82
2410 83
2410 81
2410 82
2410 82
2410 82
2410 82
2410 82
2410 83
2410 83
2410 83
2410 82
2410 82
2410 81
2410 82
2410 82
2410 81
2410 81
2410 82
2410 82
2410 82
2410 82
2410 82
2410 83
2410 82
2410 82
2410 82
2410 82
2410 81
2410 82
2410 83
2410 82
2410 82
2410 82
2410 82
2410 82
2410 83
2410 83
2410 82
2410 82
2410 82
2410 82
2410 82
2410 81
2410 82
2410 82
2410 82
2410 83
2410 82
2410 82
2410 82
2410 82
2410 82
2410 82
2410 82
2410 82
2410 81
2410 82
2410 81
2410 83
2410 82
2410 82
2410 82
2410 82
2410 82
2410 83
2410 82
2410 83
2410 82
2410 82
2410 82
2410 82
2410 82
2415 81
2415 81
2415 81
2415 81
2415 81
2415 81
2415 81
2415 81
2415 81
2415 81
2415 81
2415 81
2415 81
2415 81
2415 81
2415 81
2415 81
2415 81
2415 81
2415 81
2415 81
2415 81
2415 81
2415 81
2415 81
2415 81
2415 81
2415 81
2415 81
2415 81
2415 81
2415 81
2415 81
2415 81
2415 81
2415 81
2415 81
2415 80
2415 81
2415 81
2415 81
2415 81
2415 81
2415 81
2415 81
2415 80
2415 81
2415 81
2415 81
2415 81
2415 81
2415 81
2415 81
2415 81
2415 81
2415 81
2415 81
2415 81
2415 80
2415 80
2415 81
2415 80
2415 81
2415 81
2415 81
2415 81
2415 81
2415 81
2415 81
2415 80
2415 81
2415 81
2415 81
2415 81
2415 81
2415 81
2415 80
2415 81
2415 81
2415 81
2415 81
2415 80
2415 81
2415 81
2415 81
2415 81
2415 81
2415 81
2415 81
2415 81
2415 81
2415 81
2415 80
2415 81
2415 81
2415 81
2415 81
2415 81
2415 81
2420 77
2420 78
2420 78
2420 78
2420 78
2420 78
2420 78
2420 78
2420 78
2420 78
2420 78
2420 78
2420 78
2420 78
2420 78
2420 78
2420 78
2420 78
2420 78
2420 78
2420 78
2420 78
2420 78
2420 78
2420 78
2420 77
2420 78
2420 78
2420 77
2420 77
2420 78
2420 78
2420 78
2420 77
2420 78
2420 77
2420 78
2420 78
2420 78
2420 78
2420 78
2420 78
2420 78
2420 78
2420 78
2420 78
2420 78
2420 78
2420 78
2420 78
2420 78
2420 78
2420 78
2420 78
2420 78
2420 78
2420 77
2420 78
2420 78
2420 78
2420 78
2420 77
2420 77
2420 77
2420 77
2420 78
2420 77
2420 78
2420 77
2420 78
2420 78
2420 77
2420 77
2420 78
2420 78
2420 78
2420 78
2420 78
2420 78
2420 78
2420 78
2420 78
2420 78
2420 78
2420 78
2420 78
2420 78
2420 78
2420 77
2420 78
2420 78
2420 78
2420 77
2420 78
2420 78
2420 78
2420 78
2420 78
2420 77
2420 78
2425 75
2425 75
2425 75
2425 75
2425 75
2425 75
2425 75
2425 75
2425 76
2425 75
2425 76
2425 76
2425 75
2425 75
2425 75
2425 76
2425 75
2425 76
2425 76
2425 75
2425 75
2425 76
2425 75
2425 76
2425 75
2425 76
2425 75
2425 75
2425 75
2425 75
2425 76
2425 76
2425 75
2425 75
2425 75
2425 75
2425 76
2425 75
2425 76
2425 76
2425 75
2425 75
2425 76
2425 76
2425 76
2425 76
2425 76
2425 75
2425 76
2425 76
2425 75
2425 76
2425 75
2425 76
2425 75
2425 76
2425 76
2425 75
2425 76
2425 76
2425 75
2425 75
2425 75
2425 76
2425 76
2425 75
2425 75
2425 76
2425 75
2425 75
2425 75
2425 75
2425 76
2425 75
2425 76
2425 76
2425 75
2425 76
2425 75
2425 75
2425 76
2425 75
2425 75
2425 75
2425 76
2425 75
2425 76
2425 75
2425 76
2425 75
2425 75
2425 75
2425 75
2425 75
2425 76
2425 75
2425 76
2425 75
2425 75
2425 75
2430 74
2430 73
2430 74
2430 74
2430 73
2430 74
2430 73
2430 73
2430 74
2430 74
2430 74
2430 73
2430 74
2430 73
2430 74
2430 73
2430 74
2430 73
2430 74
2430 74
2430 74
2430 74
2430 73
2430 74
2430 73
2430 74
2430 74
2430 74
2430 74
2430 74
2430 73
2430 74
2430 74
2430 74
2430 74
2430 74
2430 73
2430 74
2430 74
2430 74
2430 74
2430 74
2430 73
2430 74
2430 74
2430 73
2430 74
2430 73
2430 73
2430 74
2430 74
2430 73
2430 74
2430 74
2430 74
2430 74
2430 74
2430 74
2430 74
2430 73
2430 74
2430 74
2430 74
2430 74
2430 74
2430 74
2430 73
2430 74
2430 74
2430 74
2430 74
2430 73
2430 74
2430 73
2430 74
2430 74
2430 73
2430 73
2430 74
2430 74
2430 74
2430 74
2430 74
2430 73
2430 74
2430 73
2430 73
2430 73
2430 73
2430 73
2430 74
2430 73
2430 74
2430 74
2430 74
2430 74
2430 74
2430 74
2430 73
2430 74
2435 73
2435 72
2435 72
2435 72
2435 72
2435 72
2435 72
2435 72
2435 72
2435 72
2435 72
2435 72
2435 72
2435 72
2435 72
2435 72
2435 72
2435 72
2435 72
2435 72
2435 72
2435 72
2435 72
2435 72
2435 73
2435 72
2435 72
2435 72
2435 73
2435 72
2435 72
2435 73
2435 72
2435 73
2435 72
2435 72
2435 72
2435 72
2435 72
2435 72
2435 72
2435 72
2435 72
2435 72
2435 72
2435 72
2435 72
2435 72
2435 72
2435 72
2435 72
2435 72
2435 73
2435 72
2435 72
2435 72
2435 72
2435 72
2435 72
2435 71
2435 72
2435 72
2435 73
2435 72
2435 73
2435 72
2435 72
2435 72
2435 73
2435 72
2435 72
2435 73
2435 72
2435 72
2435 72
2435 71
2435 73
2435 72
2435 73
2435 72
2435 72
2435 73
2435 73
2435 72
2435 73
2435 73
2435 72
2435 72
2435 73
2435 72
2435 72
2435 72
2435 72
2435 72
2435 72
2435 72
2435 72
2435 73
2435 72
2435 72
2440 69
2440 69
2440 69
2440 69
2440 70
2440 69
2440 69
2440 69
2440 70
2440 69
2440 69
2440 70
2440 69
2440 69
2440 70
2440 69
2440 69
2440 69
2440 69
2440 69
2440 69
2440 70
2440 69
2440 70
2440 69
2440 69
2440 70
2440 70
2440 69
2440 69
2440 70
2440 69
2440 70
2440 69
2440 69
2440 69
2440 70
2440 70
2440 70
2440 70
2440 70
2440 69
2440 70
2440 69
2440 69
2440 70
2440 70
2440 69
2440 69
2440 69
2440 69
2440 70
2440 69
2440 69
2440 69
2440 69
2440 70
2440 69
2440 70
2440 69
2440 70
2440 70
2440 70
2440 69
2440 69
2440 69
2440 69
2440 69
2440 70
2440 69
2440 70
2440 70
2440 70
2440 69
2440 70
2440 69
2440 69
2440 69
2440 69
2440 69
2440 70
2440 69
2440 69
2440 70
2440 69
2440 69
2440 69
2440 69
2440 70
2440 69
2440 69
2440 70
2440 69
2440 69
2440 69
2440 69
2440 69
2440 69
2440 69
2440 69
2445 68
2445 68
2445 67
2445 67
2445 68
2445 67
2445 67
2445 68
2445 67
2445 68
2445 68
2445 68
2445 68
2445 67
2445 68
2445 68
2445 68
2445 68
2445 68
2445 67
2445 67
2445 67
2445 68
2445 68
2445 68
2445 68
2445 68
2445 67
2445 68
2445 68
2445 67
2445 68
2445 68
2445 68
2445 68
2445 68
2445 68
2445 68
2445 68
2445 67
2445 68
2445 68
2445 67
2445 68
2445 68
2445 68
2445 68
2445 67
2445 67
2445 68
2445 67
2445 68
2445 68
2445 68
2445 68
2445 68
2445 68
2445 68
2445 67
2445 67
2445 68
2445 67
2445 67
2445 68
2445 67
2445 68
2445 68
2445 68
2445 67
2445 68
2445 68
2445 68
2445 68
2445 67
2445 68
2445 68
2445 67
2445 68
2445 68
2445 67
2445 67
2445 67
2445 68
2445 68
2445 67
2445 67
2445 67
2445 68
2445 68
2445 67
2445 68
2445 67
2445 68
2445 67
2445 68
2445 68
2445 68
2445 67
2445 68
2450 65
2450 65
2450 65
2450 65
2450 67
2450 67
2450 65
2450 67
2450 65
2450 66
2450 65
2450 65
2450 67
2450 67
2450 65
2450 66
2450 66
2450 66
2450 65
2450 65
2450 65
2450 65
2450 65
2450 66
2450 65
2450 66
2450 66
2450 67
2450 65
2450 66
2450 67
2450 65
2450 67
2450 66
2450 65
2450 65
2450 66
2450 65
2450 65
2450 67
2450 65
2450 66
2450 65
2450 66
2450 65
2450 65
2450 66
2450 65
2450 67
2450 65
2450 66
2450 65
2450 65
2450 65
2450 66
2450 66
2450 65
2450 66
2450 66
2450 66
2450 65
2450 67
2450 66
2450 65
2450 65
2450 66
2450 65
2450 67
2450 67
2450 65
2450 65
2450 66
2450 66
2450 65
2450 65
2450 66
2450 65
2450 65
2450 66
2450 66
2450 66
2450 67
2450 66
2450 65
2450 65
2450 65
2450 66
2450 65
2450 66
2450 66
2450 65
2450 66
2450 65
2450 65
2450 65
2450 65
2450 66
2450 66
2450 65
2450 65
2455 64
2455 64
2455 64
2455 65
2455 64
2455 64
2455 64
2455 65
2455 64
2455 64
2455 64
2455 64
2455 64
2455 64
2455 65
2455 64
2455 64
2455 64
2455 64
2455 64
2455 64
2455 64
2455 64
2455 64
2455 64
2455 64
2455 64
2455 64
2455 64
2455 65
2455 64
2455 64
2455 64
2455 64
2455 65
2455 65
2455 65
2455 64
2455 64
2455 64
2455 64
2455 64
2455 64
2455 64
2455 64
2455 64
2455 64
2455 64
2455 64
2455 64
2455 64
2455 65
2455 64
2455 64
2455 64
2455 64
2455 64
2455 64
2455 64
2455 64
2455 64
2455 65
2455 65
2455 64
2455 64
2455 64
2455 64
2455 65
2455 64
2455 64
2455 64
2455 64
2455 64
2455 64
2455 64
2455 65
2455 64
2455 65
2455 65
2455 64
2455 64
2455 64
2455 65
2455 65
2455 64
2455 64
2455 64
2455 64
2455 64
2455 65
2455 64
2455 64
2455 64
2455 64
2455 65
2455 64
2455 64
2455 64
2455 64
2460 62
2460 62
2460 62
2460 63
2460 61
2460 62
2460 62
2460 62
2460 62
2460 62
2460 62
2460 62
2460 62
2460 62
2460 62
2460 62
2460 62
2460 61
2460 62
2460 61
2460 62
2460 62
2460 62
2460 62
2460 62
2460 62
2460 61
2460 62
2460 61
2460 61
2460 62
2460 62
2460 62
2460 62
2460 62
2460 62
2460 62
2460 62
2460 62
2460 61
2460 62
2460 62
2460 61
2460 62
2460 62
2460 62
2460 62
2460 62
2460 62
2460 62
2460 62
2460 61
2460 61
2460 62
2460 61
2460 62
2460 62
2460 62
2460 61
2460 62
2460 62
2460 62
2460 62
2460 62
2460 61
2460 62
2460 61
2460 62
2460 62
2460 62
2460 62
2460 62
2460 62
2460 62
2460 62
2460 62
2460 61
2460 62
2460 62
2460 62
2460 62
2460 62
2460 61
2460 62
2460 62
2460 61
2460 62
2460 62
2460 62
2460 62
2460 62
2460 62
2460 62
2460 62
2460 62
2460 62
2460 62
2460 61
2460 61
2460 62
2465 60
2465 60
2465 60
2465 60
2465 60
2465 59
2465 60
2465 60
2465 60
2465 60
2465 59
2465 60
2465 60
2465 60
2465 61
2465 60
2465 61
2465 60
2465 61
2465 60
2465 60
2465 60
2465 60
2465 60
2465 60
2465 60
2465 60
2465 59
2465 60
2465 60
2465 60
2465 61
2465 60
2465 61
2465 61
2465 61
2465 60
2465 60
2465 60
2465 59
2465 60
2465 61
2465 60
2465 59
2465 60
2465 60
2465 61
2465 60
2465 61
2465 60
2465 60
2465 61
2465 61
2465 60
2465 61
2465 61
2465 60
2465 60
2465 60
2465 60
2465 60
2465 59
2465 60
2465 60
2465 61
2465 60
2465 60
2465 60
2465 60
2465 61
2465 60
2465 60
2465 61
2465 60
2465 60
2465 60
2465 60
2465 59
2465 59
2465 60
2465 60
2465 60
2465 60
2465 59
2465 60
2465 60
2465 60
2465 60
2465 61
2465 60
2465 61
2465 60
2465 60
2465 60
2465 60
2465 60
2465 60
2465 60
2465 60
2470 59
2470 57
2470 59
2470 58
2470 59
2470 59
2470 59
2470 58
2470 59
2470 59
2470 59
2470 59
2470 58
2470 59
2470 58
2470 59
2470 58
2470 59
2470 59
2470 59
2470 59
2470 59
2470 59
2470 59
2470 59
2470 59
2470 59
2470 59
2470 58
2470 59
2470 59
2470 59
2470 59
2470 59
2470 59
2470 58
2470 59
2470 59
2470 58
2470 59
2470 59
2470 58
2470 59
2470 59
2470 59
2470 59
2470 59
2470 58
2470 58
2470 59
2470 59
2470 58
2470 59
2470 59
2470 59
2470 59
2470 58
2470 59
2470 59
2470 59
2470 58
2470 59
2470 59
2470 58
2470 58
2470 58
2470 59
2470 58
2470 59
2470 59
2470 58
2470 59
2470 59
2470 59
2470 58
2470 59
2470 59
2470 58
2470 59
2470 59
2470 59
2470 59
2470 59
2470 59
2470 58
2470 59
2470 59
2470 57
2470 58
2470 58
2470 59
2470 57
2470 58
2470 59
2470 59
2470 59
2470 58
2470 59
2470 58
2470 58
2475 57
2475 57
2475 57
2475 57
2475 57
2475 57
2475 57
2475 56
2475 57
2475 57
2475 57
2475 57
2475 57
2475 57
2475 57
2475 56
2475 57
2475 56
2475 57
2475 57
2475 57
2475 57
2475 57
2475 57
2475 56
2475 57
2475 57
2475 56
2475 57
2475 57
2475 57
2475 57
2475 57
2475 57
2475 57
2475 57
2475 56
2475 56
2475 57
2475 56
2475 56
2475 57
2475 57
2475 57
2475 57
2475 57
2475 57
2475 57
2475 57
2475 57
2475 56
2475 56
2475 57
2475 56
2475 57
2475 56
2475 56
2475 57
2475 56
2475 57
2475 57
2475 57
2475 57
2475 57
2475 56
2475 57
2475 57
2475 57
2475 56
2475 57
2475 57
2475 57
2475 57
2475 57
2475 57
2475 57
2475 57
2475 57
2475 57
2475 57
2475 56
2475 56
2475 57
2475 57
2475 57
2475 57
2475 57
2475 57
2475 56
2475 56
2475 56
2475 57
2475 57
2475 57
2475 56
2475 57
2475 56
2475 57
2475 56
2475 57
2480 54
2480 54
2480 54
2480 54
2480 54
2480 54
2480 54
2480 55
2480 54
2480 55
2480 54
2480 54
2480 54
2480 54
2480 54
2480 54
2480 54
2480 54
2480 54
2480 54
2480 54
2480 54
2480 54
2480 54
2480 54
2480 54
2480 54
2480 54
2480 55
2480 54
2480 54
2480 54
2480 55
2480 54
2480 54
2480 54
2480 54
2480 54
2480 54
2480 54
2480 54
2480 55
2480 55
2480 54
2480 55
2480 54
2480 54
2480 55
2480 55
2480 54
2480 54
2480 55
2480 54
2480 55
2480 54
2480 54
2480 54
2480 54
2480 54
2480 54
2480 54
2480 54
2480 54
2480 54
2480 54
2480 55
2480 54
2480 54
2480 54
2480 54
2480 54
2480 54
2480 54
2480 54
2480 54
2480 54
2480 54
2480 54
2480 54
2480 54
2480 54
2480 54
2480 54
2480 54
2480 54
2480 55
2480 54
2480 54
2480 54
2480 54
2480 54
2480 54
2480 54
2480 54
2480 54
2480 54
2480 54
2480 54
2480 54
2485 52
2485 52
2485 52
2485 52
2485 52
2485 53
2485 52
2485 52
2485 53
2485 52
2485 52
2485 52
2485 53
2485 53
2485 52
2485 52
2485 53
2485 52
2485 53
2485 52
2485 52
2485 53
2485 53
2485 52
2485 52
2485 52
2485 53
2485 53
2485 52
2485 52
2485 53
2485 52
2485 52
2485 53
2485 53
2485 52
2485 52
2485 52
2485 53
2485 52
2485 52
2485 53
2485 52
2485 52
2485 52
2485 52
2485 53
2485 52
2485 52
2485 53
2485 52
2485 52
2485 53
2485 52
2485 52
2485 52
2485 53
2485 52
2485 52
2485 52
2485 53
2485 52
2485 52
2485 53
2485 53
2485 53
2485 53
2485 52
2485 53
2485 53
2485 52
2485 52
2485 52
2485 52
2485 52
2485 52
2485 52
2485 53
2485 53
2485 53
2485 52
2485 53
2485 52
2485 53
2485 53
2485 52
2485 53
2485 52
2485 52
2485 53
2485 52
2485 52
2485 52
2485 53
2485 53
2485 53
2485 53
2485 52
2485 53
2490 51
2490 50
2490 51
2490 51
2490 51
2490 51
2490 51
2490 51
2490 51
2490 51
2490 51
2490 51
2490 51
2490 50
2490 51
2490 51
2490 51
2490 51
2490 51
2490 51
2490 51
2490 51
2490 51
2490 51
2490 51
2490 51
2490 51
2490 51
2490 51
2490 51
2490 51
2490 51
2490 51
2490 51
2490 51
2490 51
2490 51
2490 51
2490 51
2490 51
2490 51
2490 51
2490 51
2490 51
2490 51
2490 51
2490 51
2490 51
2490 51
2490 51
2490 51
2490 51
2490 51
2490 51
2490 51
2490 51
2490 51
2490 51
2490 51
2490 51
2490 51
2490 51
2490 51
2490 51
2490 51
2490 51
2490 51
2490 51
2490 51
2490 51
2490 51
2490 51
2490 51
2490 51
2490 51
2490 51
2490 51
2490 50
2490 51
2490 51
2490 50
2490 51
2490 51
2490 51
2490 51
2490 50
2490 51
2490 51
2490 51
2490 50
2490 51
2490 51
2490 51
2490 51
2490 51
2490 51
2490 51
2490 51
2490 50
2495 49
2495 49
2495 49
2495 49
2495 49
2495 49
2495 49
2495 49
2495 49
2495 49
2495 49
2495 49
2495 49
2495 49
2495 49
2495 49
2495 49
2495 49
2495 49
2495 49
2495 49
2495 49
2495 49
2495 49
2495 49
2495 49
2495 49
2495 49
2495 49
2495 49
2495 49
2495 49
2495 49
2495 49
2495 49
2495 49
2495 49
2495 49
2495 49
2495 49
2495 49
2495 49
2495 49
2495 49
2495 49
2495 49
2495 49
2495 49
2495 49
2495 49
2495 49
2495 49
2495 49
2495 49
2495 49
2495 49
2495 49
2495 49
2495 49
2495 49
2495 49
2495 49
2495 49
2495 49
2495 49
2495 49
2495 49
2495 49
2495 49
2495 49
2495 49
2495 49
2495 49
2495 49
2495 49
2495 49
2495 49
2495 49
2495 49
2495 49
2495 49
2495 49
2495 49
2495 49
2495 49
2495 49
2495 49
2495 49
2495 49
2495 49
2495 49
2495 49
2495 49
2495 49
2495 49
2495 49
2495 49
2495 49
2495 49
2495 49
2500 47
2500 47
2500 47
2500 47
2500 47
2500 46
2500 46
2500 47
2500 47
2500 47
2500 47
2500 47
2500 47
2500 47
2500 47
2500 47
2500 47
2500 47
2500 47
2500 47
2500 47
2500 47
2500 47
2500 47
2500 47
2500 47
2500 47
2500 47
2500 47
2500 47
2500 47
2500 47
2500 47
2500 48
2500 47
2500 47
2500 47
2500 47
2500 47
2500 47
2500 46
2500 47
2500 47
2500 47
2500 47
2500 47
2500 47
2500 47
2500 47
2500 47
2500 47
2500 47
2500 47
2500 47
2500 47
2500 47
2500 47
2500 47
2500 47
2500 47
2500 47
2500 47
2500 47
2500 47
2500 47
2500 47
2500 47
2500 47
2500 47
2500 47
2500 46
2500 46
2500 47
2500 46
2500 47
2500 47
2500 47
2500 46
2500 47
2500 47
2500 47
2500 47
2500 47
2500 47
2500 47
2500 47
2500 47
2500 46
2500 46
2500 47
2500 47
2500 47
2500 47
2500 47
2500 47
2500 47
2500 47
2500 47
2500 46
2505 45
2505 45
2505 45
2505 46
2505 45
2505 45
2505 45
2505 45
2505 45
2505 45
2505 45
2505 45
2505 45
2505 44
2505 45
2505 44
2505 45
2505 45
2505 45
2505 45
2505 45
2505 44
2505 45
2505 45
2505 44
2505 45
2505 46
2505 45
2505 45
2505 44
2505 45
2505 45
2505 45
2505 45
2505 45
2505 46
2505 45
2505 45
2505 45
2505 45
2505 45
2505 45
2505 45
2505 45
2505 45
2505 45
2505 45
2505 44
2505 45
2505 45
2505 46
2505 45
2505 45
2505 45
2505 46
2505 45
2505 45
2505 45
2505 45
2505 45
2505 45
2505 45
2505 45
2505 45
2505 46
2505 44
2505 45
2505 45
2505 45
2505 45
2505 45
2505 45
2505 45
2505 45
2505 45
2505 45
2505 44
2505 46
2505 45
2505 45
2505 45
2505 45
2505 44
2505 45
2505 45
2505 45
2505 45
2505 45
2505 45
2505 45
2505 45
2505 44
2505 45
2505 44
2505 45
2505 45
2505 45
2505 45
2505 45
2505 45
2510 44
2510 43
2510 43
2510 43
2510 43
2510 43
2510 43
2510 42
2510 43
2510 42
2510 43
2510 43
2510 43
2510 43
2510 43
2510 43
2510 42
2510 43
2510 43
2510 43
2510 43
2510 43
2510 43
2510 43
2510 43
2510 43
2510 43
2510 43
2510 43
2510 43
2510 43
2510 43
2510 43
2510 43
2510 43
2510 43
2510 43
2510 43
2510 43
2510 43
2510 43
2510 43
2510 43
2510 43
2510 43
2510 44
2510 43
2510 43
2510 43
2510 43
2510 42
2510 43
2510 43
2510 43
2510 43
2510 43
2510 43
2510 43
2510 43
2510 43
2510 43
2510 44
2510 43
2510 43
2510 43
2510 43
2510 43
2510 42
2510 43
2510 43
2510 43
2510 43
2510 43
2510 43
2510 43
2510 43
2510 43
2510 43
2510 43
2510 43
2510 43
2510 42
2510 43
2510 43
2510 43
2510 43
2510 43
2510 43
2510 43
2510 43
2510 43
2510 42
2510 43
2510 43
2510 43
2510 43
2510 43
2510 42
2510 43
2515 41
2515 41
2515 41
2515 41
2515 41
2515 41
2515 41
2515 41
2515 41
2515 41
2515 41
2515 41
2515 41
2515 41
2515 41
2515 41
2515 41
2515 41
2515 41
2515 41
2515 41
2515 41
2515 41
2515 41
2515 41
2515 41
2515 41
2515 41
2515 41
2515 41
2515 41
2515 41
2515 41
2515 41
2515 41
2515 41
2515 41
2515 41
2515 41
2515 41
2515 41
2515 41
2515 41
2515 41
2515 41
2515 41
2515 41
2515 41
2515 41
2515 41
2515 41
2515 41
2515 41
2515 41
2515 41
2515 41
2515 41
2515 41
2515 41
2515 41
2515 41
2515 41
2515 41
2515 41
2515 41
2515 41
2515 41
2515 41
2515 42
2515 41
2515 41
2515 41
2515 41
2515 41
2515 41
2515 41
2515 41
2515 41
2515 41
2515 41
2515 41
2515 41
2515 41
2515 41
2515 41
2515 41
2515 41
2515 41
2515 41
2515 41
2515 41
2515 41
2515 41
2515 41
2515 41
2515 41
2515 41
2515 41
2515 41
2515 41
2520 39
2520 39
2520 39
2520 38
2520 38
2520 38
2520 38
2520 38
2520 39
2520 39
2520 39
2520 39
2520 39
2520 38
2520 39
2520 38
2520 38
2520 39
2520 38
2520 39
2520 38
2520 38
2520 38
2520 38
2520 39
2520 38
2520 39
2520 38
2520 38
2520 38
2520 39
2520 39
2520 39
2520 38
2520 38
2520 38
2520 38
2520 38
2520 39
2520 39
2520 39
2520 38
2520 38
2520 39
2520 38
2520 38
2520 39
2520 38
2520 38
2520 38
2520 39
2520 39
2520 38
2520 38
2520 38
2520 38
2520 39
2520 39
2520 39
2520 38
2520 38
2520 39
2520 38
2520 38
2520 38
2520 39
2520 39
2520 38
2520 38
2520 38
2520 38
2520 39
2520 39
2520 38
2520 38
2520 38
2520 38
2520 38
2520 38
2520 38
2520 38
2520 38
2520 38
2520 38
2520 38
2520 39
2520 38
2520 39
2520 38
2520 38
2520 38
2520 38
2520 39
2520 38
2520 39
2520 39
2520 39
2520 39
2520 39
2520 39
2525 37
2525 37
2525 37
2525 36
2525 37
2525 37
2525 37
2525 37
2525 37
2525 37
2525 37
2525 37
2525 37
2525 37
2525 37
2525 37
2525 36
2525 37
2525 36
2525 37
2525 36
2525 37
2525 37
2525 37
2525 37
2525 36
2525 36
2525 37
2525 37
2525 37
2525 37
2525 37
2525 37
2525 36
2525 36
2525 37
2525 37
2525 37
2525 37
2525 37
2525 37
2525 37
2525 37
2525 37
2525 37
2525 36
2525 37
2525 36
2525 37
2525 37
2525 37
2525 36
2525 37
2525 37
2525 36
2525 37
2525 36
2525 36
2525 37
2525 36
2525 36
2525 37
2525 37
2525 36
2525 37
2525 37
2525 37
2525 37
2525 36
2525 36
2525 36
2525 36
2525 37
2525 37
2525 36
2525 37
2525 37
2525 37
2525 37
2525 37
2525 37
2525 37
2525 37
2525 36
2525 37
2525 37
2525 36
2525 37
2525 36
2525 37
2525 37
2525 37
2525 36
2525 37
2525 37
2525 36
2525 37
2525 37
2525 36
2525 37
2530 35
2530 35
2530 35
2530 35
2530 35
2530 35
2530 35
2530 35
2530 35
2530 35
2530 35
2530 35
2530 36
2530 35
2530 35
2530 35
2530 35
2530 35
2530 35
2530 35
2530 35
2530 35
2530 35
2530 35
2530 35
2530 35
2530 35
2530 35
2530 35
2530 35
2530 35
2530 35
2530 35
2530 35
2530 35
2530 35
2530 36
2530 35
2530 35
2530 35
2530 35
2530 35
2530 35
2530 35
2530 35
2530 35
2530 35
2530 35
2530 35
2530 35
2530 35
2530 35
2530 35
2530 35
2530 35
2530 35
2530 36
2530 35
2530 35
2530 35
2530 35
2530 35
2530 35
2530 35
2530 35
2530 35
2530 35
2530 35
2530 35
2530 35
2530 35
2530 35
2530 35
2530 35
2530 36
2530 35
2530 35
2530 35
2530 35
2530 35
2530 35
2530 35
2530 35
2530 35
2530 35
2530 35
2530 35
2530 35
2530 35
2530 35
2530 35
2530 35
2530 35
2530 35
2530 35
2530 35
2530 35
2530 35
2530 35
2530 35
2535 33
2535 33
2535 33
2535 33
2535 33
2535 33
2535 33
2535 33
2535 33
2535 33
2535 33
2535 33
2535 33
2535 33
2535 33
2535 33
2535 33
2535 33
2535 33
2535 33
2535 33
2535 33
2535 33
2535 33
2535 33
2535 33
2535 33
2535 33
2535 33
2535 33
2535 33
2535 33
2535 33
2535 33
2535 33
2535 33
2535 33
2535 33
2535 33
2535 33
2535 33
2535 33
2535 33
2535 33
2535 33
2535 33
2535 33
2535 33
2535 33
2535 33
2535 33
2535 33
2535 33
2535 33
2535 33
2535 33
2535 33
2535 33
2535 33
2535 33
2535 33
2535 33
2535 33
2535 33
2535 33
2535 33
2535 34
2535 33
2535 33
2535 33
2535 33
2535 33
2535 33
2535 33
2535 33
2535 33
2535 33
2535 33
2535 33
2535 33
2535 33
2535 33
2535 33
2535 34
2535 33
2535 33
2535 33
2535 33
2535 33
2535 33
2535 33
2535 33
2535 33
2535 33
2535 33
2535 33
2535 33
2535 33
2535 33
2540 31
2540 32
2540 31
2540 31
2540 31
2540 31
2540 32
2540 31
2540 32
2540 31
2540 31
2540 31
2540 31
2540 31
2540 31
2540 31
2540 31
2540 31
2540 31
2540 31
2540 31
2540 31
2540 31
2540 31
2540 32
2540 31
2540 32
2540 31
2540 31
2540 32
2540 31
2540 31
2540 31
2540 31
2540 31
2540 31
2540 31
2540 32
2540 31
2540 31
2540 31
2540 32
2540 31
2540 31
2540 31
2540 31
2540 32
2540 31
2540 31
2540 31
2540 32
2540 32
2540 31
2540 31
2540 31
2540 31
2540 31
2540 32
2540 31
2540 32
2540 31
2540 31
2540 32
2540 32
2540 31
2540 31
2540 32
2540 31
2540 31
2540 32
2540 31
2540 31
2540 31
2540 31
2540 31
2540 31
2540 32
2540 31
2540 31
2540 31
2540 31
2540 31
2540 31
2540 31
2540 32
2540 31
2540 32
2540 31
2540 31
2540 31
2540 31
2540 32
2540 31
2540 31
2540 31
2540 31
2540 31
2540 31
2540 31
2545 29
2545 29
2545 29
2545 29
2545 29
2545 29
2545 29
2545 29
2545 29
2545 29
2545 29
2545 29
2545 29
2545 29
2545 29
2545 29
2545 29
2545 29
2545 29
2545 29
2545 29
2545 29
2545 30
2545 29
2545 30
2545 29
2545 29
2545 29
2545 29
2545 30
2545 29
2545 30
2545 29
2545 30
2545 29
2545 30
2545 29
2545 29
2545 30
2545 30
2545 30
2545 29
2545 29
2545 29
2545 29
2545 29
2545 30
2545 29
2545 29
2545 29
2545 29
2545 29
2545 29
2545 29
2545 29
2545 29
2545 29
2545 29
2545 29
2545 29
2545 29
2545 29
2545 30
2545 29
2545 29
2545 29
2545 29
2545 29
2545 29
2545 29
2545 30
2545 30
2545 29
2545 29
2545 29
2545 29
2545 29
2545 29
2545 29
2545 29
2545 29
2545 29
2545 29
2545 29
2545 29
2545 29
2545 30
2545 29
2545 30
2545 29
2545 29
2545 29
2545 29
2545 29
2545 29
2545 29
2545 29
2545 29
2545 29
2545 29
2550 28
2550 28
2550 27
2550 27
2550 27
2550 27
2550 27
2550 27
2550 28
2550 28
2550 28
2550 27
2550 28
2550 27
2550 27
2550 27
2550 28
2550 28
2550 28
2550 27
2550 27
2550 28
2550 28
2550 28
2550 28
2550 27
2550 27
2550 28
2550 27
2550 28
2550 28
2550 28
2550 28
2550 28
2550 27
2550 28
2550 28
2550 28
2550 27
2550 28
2550 27
2550 28
2550 27
2550 28
2550 28
2550 27
2550 27
2550 28
2550 28
2550 28
2550 27
2550 28
2550 27
2550 27
2550 28
2550 28
2550 28
2550 28
2550 28
2550 28
2550 28
2550 27
2550 28
2550 27
2550 28
2550 27
2550 28
2550 27
2550 28
2550 28
2550 28
2550 27
2550 28
2550 28
2550 27
2550 27
2550 27
2550 28
2550 27
2550 27
2550 27
2550 27
2550 28
2550 27
2550 28
2550 27
2550 28
2550 28
2550 28
2550 27
2550 28
2550 28
2550 28
2550 27
2550 27
2550 28
2550 27
2550 28
2550 27
2550 28
2555 27
2555 25
2555 26
2555 26
2555 25
2555 25
2555 26
2555 26
2555 25
2555 25
2555 26
2555 26
2555 26
2555 27
2555 27
2555 25
2555 26
2555 26
2555 25
2555 25
2555 26
2555 27
2555 26
2555 26
2555 26
2555 25
2555 26
2555 25
2555 25
2555 25
2555 25
2555 26
2555 26
2555 26
2555 25
2555 25
2555 25
2555 25
2555 25
2555 25
2555 26
2555 26
2555 26
2555 25
2555 26
2555 25
2555 26
2555 26
2555 26
2555 25
2555 26
2555 25
2555 26
2555 25
2555 25
2555 26
2555 26
2555 26
2555 26
2555 26
2555 26
2555 26
2555 26
2555 27
2555 26
2555 25
2555 25
2555 27
2555 26
2555 25
2555 25
2555 27
2555 26
2555 25
2555 25
2555 26
2555 27
2555 26
2555 26
2555 25
2555 25
2555 26
2555 25
2555 25
2555 25
2555 27
2555 27
2555 27
2555 26
2555 26
2555 27
2555 25
2555 25
2555 27
2555 26
2555 26
2555 25
2555 25
2555 25
2555 25
2560 25
2560 24
2560 25
2560 24
2560 25
2560 24
2560 24
2560 25
2560 24
2560 24
2560 24
2560 24
2560 24
2560 24
2560 24
2560 24
2560 24
2560 24
2560 24
2560 24
2560 24
2560 24
2560 24
2560 24
2560 25
2560 24
2560 24
2560 24
2560 24
2560 24
2560 25
2560 24
2560 24
2560 24
2560 24
2560 25
2560 25
2560 24
2560 24
2560 25
2560 24
2560 24
2560 24
2560 24
2560 24
2560 24
2560 24
2560 25
2560 24
2560 24
2560 24
2560 24
2560 24
2560 24
2560 24
2560 24
2560 25
2560 24
2560 24
2560 25
2560 24
2560 24
2560 24
2560 24
2560 24
2560 24
2560 24
2560 24
2560 24
2560 24
2560 25
2560 25
2560 24
2560 24
2560 24
2560 24
2560 24
2560 24
2560 24
2560 24
2560 24
2560 25
2560 24
2560 24
2560 24
2560 24
2560 24
2560 25
2560 24
2560 24
2560 24
2560 25
2560 24
2560 24
2560 24
2560 24
2560 24
2560 24
2560 24
2560 24
2565 22
2565 23
2565 22
2565 22
2565 22
2565 22
2565 22
2565 22
2565 22
2565 22
2565 22
2565 22
2565 23
2565 22
2565 22
2565 22
2565 23
2565 22
2565 22
2565 22
2565 23
2565 22
2565 22
2565 22
2565 22
2565 23
2565 22
2565 22
2565 23
2565 22
2565 22
2565 22
2565 23
2565 22
2565 22
2565 22
2565 22
2565 22
2565 22
2565 22
2565 22
2565 22
2565 22
2565 22
2565 22
2565 22
2565 22
2565 23
2565 22
2565 22
2565 23
2565 22
2565 22
2565 22
2565 22
2565 22
2565 22
2565 22
2565 23
2565 22
2565 22
2565 22
2565 22
2565 22
2565 22
2565 22
2565 22
2565 22
2565 22
2565 22
2565 22
2565 22
2565 22
2565 23
2565 22
2565 22
2565 22
2565 22
2565 23
2565 22
2565 22
2565 22
2565 22
2565 23
2565 22
2565 22
2565 23
2565 22
2565 22
2565 22
2565 23
2565 22
2565 22
2565 23
2565 22
2565 23
2565 22
2565 22
2565 23
2565 22
2570 21
2570 21
2570 21
2570 21
2570 21
2570 21
2570 21
2570 21
2570 21
2570 21
2570 21
2570 21
2570 21
2570 21
2570 21
2570 21
2570 20
2570 21
2570 21
2570 21
2570 20
2570 21
2570 21
2570 21
2570 21
2570 21
2570 21
2570 21
2570 21
2570 21
2570 21
2570 21
2570 21
2570 20
2570 20
2570 21
2570 21
2570 21
2570 21
2570 21
2570 21
2570 21
2570 21
2570 21
2570 20
2570 21
2570 21
2570 20
2570 21
2570 21
2570 20
2570 21
2570 21
2570 21
2570 21
2570 21
2570 21
2570 21
2570 21
2570 20
2570 21
2570 21
2570 21
2570 21
2570 20
2570 21
2570 21
2570 21
2570 21
2570 21
2570 21
2570 21
2570 20
2570 21
2570 21
2570 21
2570 20
2570 21
2570 21
2570 20
2570 21
2570 21
2570 21
2570 21
2570 21
2570 21
2570 21
2570 21
2570 21
2570 21
2570 21
2570 21
2570 21
2570 21
2570 21
2570 21
2570 21
2570 21
2570 21
2570 21
2575 19
2575 19
2575 19
2575 19
2575 19
2575 19
2575 19
2575 19
2575 19
2575 19
2575 19
2575 19
2575 19
2575 19
2575 19
2575 19
2575 18
2575 19
2575 19
2575 19
2575 19
2575 19
2575 19
2575 19
2575 19
2575 19
2575 19
2575 19
2575 19
2575 19
2575 19
2575 19
2575 19
2575 19
2575 19
2575 19
2575 19
2575 20
2575 19
2575 19
2575 19
2575 19
2575 19
2575 19
2575 19
2575 19
2575 19
2575 19
2575 19
2575 18
2575 19
2575 19
2575 19
2575 19
2575 19
2575 19
2575 19
2575 19
2575 19
2575 19
2575 19
2575 19
2575 19
2575 19
2575 19
2575 19
2575 19
2575 19
2575 19
2575 19
2575 19
2575 19
2575 19
2575 19
2575 19
2575 19
2575 19
2575 19
2575 19
2575 19
2575 19
2575 19
2575 19
2575 19
2575 19
2575 19
2575 19
2575 19
2575 19
2575 19
2575 19
2575 19
2575 19
2575 19
2575 19
2575 19
2575 19
2575 19
2575 19
2580 17
2580 17
2580 17
2580 17
2580 17
2580 17
2580 17
2580 17
2580 17
2580 17
2580 17
2580 17
2580 17
2580 17
2580 17
2580 17
2580 17
2580 17
2580 17
2580 17
2580 17
2580 16
2580 17
2580 17
2580 17
2580 17
2580 17
2580 17
2580 17
2580 17
2580 17
2580 17
2580 17
2580 17
2580 17
2580 17
2580 17
2580 17
2580 17
2580 17
2580 17
2580 17
2580 17
2580 17
2580 17
2580 17
2580 17
2580 17
2580 17
2580 17
2580 17
2580 17
2580 17
2580 17
2580 17
2580 17
2580 17
2580 17
2580 17
2580 17
2580 17
2580 17
2580 17
2580 17
2580 17
2580 17
2580 17
2580 17
2580 17
2580 17
2580 17
2580 17
2580 17
2580 17
2580 17
2580 17
2580 17
2580 17
2580 17
2580 17
2580 17
2580 17
2580 17
2580 17
2580 17
2580 17
2580 17
2580 17
2580 17
2580 17
2580 17
2580 17
2580 17
2580 17
2580 17
2580 17
2580 17
2580 17
2580 17
2580 17
2585 15
2585 15
2585 15
2585 15
2585 14
2585 15
2585 14
2585 15
2585 15
2585 15
2585 15
2585 15
2585 15
2585 14
2585 15
2585 14
2585 15
2585 14
2585 15
2585 15
2585 15
2585 15
2585 15
2585 15
2585 15
2585 15
2585 14
2585 15
2585 15
2585 15
2585 15
2585 15
2585 15
2585 15
2585 15
2585 14
2585 14
2585 14
2585 14
2585 14
2585 15
2585 15
2585 14
2585 15
2585 15
2585 15
2585 15
2585 15
2585 14
2585 14
2585 15
2585 15
2585 15
2585 15
2585 15
2585 15
2585 14
2585 15
2585 14
2585 15
2585 14
2585 15
2585 14
2585 15
2585 15
2585 15
2585 15
2585 14
2585 15
2585 15
2585 14
2585 15
2585 15
2585 15
2585 15
2585 15
2585 15
2585 15
2585 15
2585 15
2585 15
2585 14
2585 15
2585 15
2585 15
2585 15
2585 14
2585 15
2585 15
2585 15
2585 15
2585 15
2585 15
2585 15
2585 15
2585 15
2585 15
2585 14
2585 15
2585 15
2590 13
2590 13
2590 13
2590 13
2590 13
2590 13
2590 13
2590 13
2590 13
2590 13
2590 13
2590 13
2590 12
2590 13
2590 13
2590 13
2590 13
2590 13
2590 13
2590 13
2590 12
2590 12
2590 13
2590 14
2590 13
2590 12
2590 13
2590 13
2590 13
2590 13
2590 13
2590 13
2590 13
2590 13
2590 13
2590 13
2590 13
2590 13
2590 13
2590 14
2590 13
2590 13
2590 13
2590 13
2590 13
2590 13
2590 13
2590 13
2590 13
2590 13
2590 13
2590 13
2590 13
2590 13
2590 13
2590 12
2590 12
2590 12
2590 13
2590 13
2590 13
2590 13
2590 13
2590 13
2590 12
2590 13
2590 13
2590 13
2590 13
2590 13
2590 13
2590 13
2590 13
2590 13
2590 13
2590 13
2590 12
2590 13
2590 13
2590 13
2590 13
2590 13
2590 13
2590 13
2590 13
2590 13
2590 13
2590 13
2590 13
2590 13
2590 13
2590 13
2590 13
2590 12
2590 13
2590 12
2590 13
2590 13
2590 13
2590 13
2595 11
2595 11
2595 11
2595 10
2595 11
2595 11
2595 11
2595 11
2595 10
2595 11
2595 11
2595 11
2595 11
2595 11
2595 10
2595 11
2595 11
2595 11
2595 11
2595 10
2595 11
2595 11
2595 10
2595 11
2595 11
2595 11
2595 10
2595 11
2595 11
2595 10
2595 11
2595 11
2595 11
2595 11
2595 11
2595 11
2595 11
2595 11
2595 10
2595 11
2595 11
2595 11
2595 11
2595 11
2595 10
2595 11
2595 11
2595 10
2595 10
2595 11
2595 10
2595 10
2595 11
2595 11
2595 10
2595 11
2595 11
2595 10
2595 11
2595 10
2595 11
2595 11
2595 11
2595 11
2595 10
2595 11
2595 11
2595 11
2595 11
2595 11
2595 11
2595 11
2595 11
2595 11
2595 11
2595 10
2595 11
2595 11
2595 11
2595 10
2595 11
2595 11
2595 10
2595 10
2595 11
2595 11
2595 11
2595 11
2595 10
2595 11
2595 10
2595 11
2595 11
2595 11
2595 11
2595 11
2595 11
2595 11
2600 9
2600 9
2600 9
2600 9
2600 8
2600 9
2600 9
2600 9
2600 9
2600 9
2600 8
2600 9
2600 9
2600 9
2600 8
2600 8
2600 9
2600 8
2600 9
2600 9
2600 8
2600 9
2600 8
2600 9
2600 9
2600 9
2600 9
2600 9
2600 9
2600 9
2600 9
2600 8
2600 9
2600 9
2600 8
2600 9
2600 9
2600 9
2600 9
2600 9
2600 8
2600 8
2600 9
2600 9
2600 8
2600 8
2600 9
2600 9
2600 8
2600 9
2600 9
2600 9
2600 9
2600 9
2600 8
2600 9
2600 9
2600 9
2600 9
2600 9
2600 8
2600 9
2600 8
2600 9
2600 9
2600 9
2600 9
2600 9
2600 9
2600 9
2600 9
2600 9
2600 8
2600 8
2600 9
2600 8
2600 8
2600 9
2600 8
2600 9
2600 9
2600 9
2600 9
2600 8
2600 9
2600 8
2600 8
2600 8
2600 8
2600 9
2600 8
2600 9
2600 8
2600 9
2600 9
2600 9
2600 9
2600 8
2600 9
2605 6
2605 6
2605 6
2605 6
2605 6
2605 6
2605 6
2605 6
2605 6
2605 6
2605 6
2605 6
2605 6
2605 6
2605 6
2605 6
2605 6
2605 6
2605 6
2605 6
2605 6
2605 6
2605 6
2605 6
2605 6
2605 6
2605 6
2605 6
2605 6
2605 7
2605 6
2605 6
2605 6
2605 6
2605 6
2605 6
2605 6
2605 6
2605 6
2605 6
2605 6
2605 6
2605 6
2605 6
2605 6
2605 6
2605 6
2605 6
2605 6
2605 6
2605 6
2605 7
2605 6
2605 6
2605 6
2605 6
2605 7
2605 6
2605 6
2605 6
2605 6
2605 6
2605 6
2605 6
2605 6
2605 7
2605 6
2605 6
2605 6
2605 6
2605 6
2605 6
2605 6
2605 6
2605 6
2605 6
2605 6
2605 6
2605 6
2605 7
2605 6
2605 6
2605 6
2605 6
2605 6
2605 6
2605 6
2605 6
2605 6
2605 6
2605 6
2605 6
2605 6
2605 7
2605 6
2605 6
2605 6
2605 6
2605 6
2610 4
2610 4
2610 4
2610 4
2610 5
2610 4
2610 4
2610 4
2610 4
2610 4
2610 4
2610 4
2610 4
2610 4
2610 4
2610 4
2610 4
2610 4
2610 4
2610 4
2610 4
2610 4
2610 4
2610 4
2610 4
2610 5
2610 4
2610 4
2610 4
2610 4
2610 4
2610 4
2610 5
2610 4
2610 5
2610 4
2610 4
2610 4
2610 4
2610 4
2610 4
2610 4
2610 5
2610 4
2610 4
2610 4
2610 4
2610 4
2610 5
2610 4
2610 4
2610 4
2610 4
2610 4
2610 4
2610 5
2610 5
2610 4
2610 4
2610 4
2610 4
2610 4
2610 4
2610 4
2610 4
2610 4
2610 4
2610 4
2610 4
2610 4
2610 4
2610 5
2610 4
2610 4
2610 4
2610 4
2610 5
2610 4
2610 4
2610 4
2610 4
2610 4
2610 4
2610 5
2610 5
2610 4
2610 4
2610 5
2610 4
2610 4
2610 4
2610 4
2610 4
2610 4
2610 4
2610 5
2610 4
2610 4
2610 4
2610 4
2615 4
