TOA measurement vs Delay ---- Mon Jun 15 00:55:22 2020
Pixel = 9
config file = config/asic_config_B4.yml
NofIterations = 100
LSBest = 22.615032237767775
mean value = [  0.           0.           0.           0.           0.
   0.           0.           0.           0.           0.
   0.           0.           0.           0.           0.
   0.           0.           0.           0.           0.
   0.           0.           0.           0.           0.
   0.           0.           0.           0.         125.48453608
 123.13       120.90909091 118.92       116.88888889 114.93
 113.03       110.85       108.82       106.91836735 105.02020202
 101.7         99.72        97.82        95.96        93.25
  91.09        88.96969697  87.81818182  84.96        82.54545455
  80.8         79.1         76.49        74.41        72.72
  70.28        67.61616162  65.53        63.97        62.38
  59.46        57.08163265  55.98        53.93877551  51.13
  49.14        47.94        45.6969697   43.05        41.05
  38.77        36.66        34.67        32.19        31.05
  28.56        25.5         23.99        22.07        19.8
  17.16        15.63265306  13.29        11.15         8.55
   6.16         4.03         0.           0.           0.
   0.           0.           0.           0.           0.
   0.           0.           0.           0.           0.        ]
sigma = [0.         0.         0.         0.         0.         0.
 0.         0.         0.         0.         0.         0.
 0.         0.         0.         0.         0.         0.
 0.         0.         0.         0.         0.         0.
 0.         0.         0.         0.         0.         0.61182621
 0.46522396 0.58974244 0.74627966 0.53207976 0.57309103 0.36391391
 0.57518113 0.50093246 0.44622687 0.53380279 0.61101009 0.55220769
 0.62524662 0.34890304 0.68617296 0.49521039 0.41632217 0.481761
 0.47088569 0.62599783 0.49328829 0.46188022 0.57726366 0.5875656
 0.57002924 0.6818602  0.56554382 0.67263165 0.36391391 0.6316117
 0.57596296 0.39787196 0.32083225 0.53260354 0.50639247 0.45136829
 0.44691535 0.69018436 0.43684475 0.5204165  0.63279802 0.55473718
 0.60368314 0.48706605 0.36170891 0.64010416 0.73029674 0.30534134
 0.477947   0.70945989 0.46661905 0.57977984 0.53780418 0.48045118
 0.57518113 0.63066103 0.54077105 0.         0.         0.
 0.         0.         0.         0.         0.         0.
 0.         0.         0.         0.        ]
Pulse delay   TOA 
2285 23
2290 21
2295 19
2300 16
2305 15
2310 13
2345 125
2345 125
2345 126
2345 126
2345 125
2345 126
2345 125
2345 125
2345 125
2345 126
2345 126
2345 126
2345 126
2345 126
2345 126
2345 126
2345 125
2345 125
2345 126
2345 125
2345 126
2345 126
2345 125
2345 126
2345 125
2345 125
2345 126
2345 125
2345 126
2345 126
2345 125
2345 126
2345 125
2345 125
2345 125
2345 126
2345 125
2345 126
2345 126
2345 125
2345 125
2345 126
2345 125
2345 125
2345 126
2345 126
2345 126
2345 126
2345 126
2345 125
2345 124
2345 125
2345 126
2345 125
2345 126
2345 126
2345 126
2345 126
2345 125
2345 126
2345 125
2345 126
2345 124
2345 125
2345 125
2345 125
2345 126
2345 125
2345 125
2345 126
2345 125
2345 125
2345 125
2345 125
2345 125
2345 126
2345 126
2345 125
2345 125
2345 126
2345 126
2345 126
2345 126
2345 126
2345 126
2345 126
2345 125
2345 126
2345 125
2345 125
2345 126
2345 126
2345 125
2345 126
2345 125
2345 125
2345 125
2350 123
2350 123
2350 124
2350 123
2350 123
2350 123
2350 123
2350 123
2350 123
2350 123
2350 123
2350 123
2350 123
2350 123
2350 124
2350 123
2350 123
2350 123
2350 123
2350 123
2350 123
2350 123
2350 123
2350 122
2350 124
2350 123
2350 123
2350 123
2350 124
2350 124
2350 123
2350 123
2350 124
2350 123
2350 123
2350 123
2350 124
2350 123
2350 123
2350 123
2350 123
2350 123
2350 123
2350 123
2350 123
2350 124
2350 123
2350 123
2350 123
2350 123
2350 123
2350 123
2350 123
2350 123
2350 123
2350 123
2350 124
2350 123
2350 123
2350 123
2350 124
2350 123
2350 123
2350 123
2350 123
2350 123
2350 123
2350 124
2350 123
2350 123
2350 123
2350 123
2350 123
2350 123
2350 123
2350 123
2350 123
2350 123
2350 123
2350 124
2350 123
2350 123
2350 123
2350 123
2350 123
2350 124
2350 123
2350 123
2350 123
2350 123
2350 123
2350 123
2350 123
2350 124
2350 123
2350 123
2350 123
2350 123
2350 123
2350 123
2355 121
2355 121
2355 121
2355 121
2355 121
2355 122
2355 121
2355 121
2355 121
2355 121
2355 121
2355 121
2355 121
2355 121
2355 120
2355 121
2355 121
2355 120
2355 123
2355 121
2355 121
2355 120
2355 121
2355 120
2355 121
2355 120
2355 121
2355 120
2355 121
2355 121
2355 121
2355 121
2355 121
2355 121
2355 120
2355 121
2355 121
2355 121
2355 121
2355 121
2355 121
2355 121
2355 121
2355 120
2355 121
2355 120
2355 123
2355 122
2355 120
2355 121
2355 121
2355 121
2355 121
2355 120
2355 121
2355 121
2355 121
2355 121
2355 121
2355 121
2355 121
2355 121
2355 121
2355 121
2355 121
2355 121
2355 121
2355 121
2355 121
2355 121
2355 121
2355 120
2355 120
2355 121
2355 121
2355 121
2355 121
2355 121
2355 121
2355 121
2355 122
2355 121
2355 120
2355 121
2355 121
2355 121
2355 121
2355 121
2355 121
2355 121
2355 121
2355 120
2355 121
2355 121
2355 121
2355 121
2355 121
2355 121
2355 120
2360 119
2360 118
2360 119
2360 118
2360 119
2360 119
2360 119
2360 119
2360 118
2360 119
2360 120
2360 119
2360 119
2360 119
2360 119
2360 119
2360 120
2360 119
2360 118
2360 119
2360 119
2360 120
2360 119
2360 118
2360 119
2360 118
2360 119
2360 119
2360 119
2360 118
2360 119
2360 119
2360 119
2360 118
2360 119
2360 119
2360 119
2360 119
2360 119
2360 119
2360 119
2360 119
2360 118
2360 118
2360 120
2360 118
2360 120
2360 119
2360 118
2360 120
2360 119
2360 119
2360 119
2360 120
2360 118
2360 119
2360 119
2360 119
2360 119
2360 120
2360 120
2360 119
2360 119
2360 119
2360 120
2360 120
2360 118
2360 120
2360 119
2360 119
2360 120
2360 118
2360 120
2360 118
2360 118
2360 118
2360 119
2360 120
2360 119
2360 118
2360 118
2360 118
2360 118
2360 119
2360 119
2360 119
2360 118
2360 119
2360 120
2360 119
2360 120
2360 120
2360 118
2360 119
2360 117
2360 119
2360 120
2360 119
2360 119
2360 118
2365 116
2365 117
2365 118
2365 117
2365 117
2365 116
2365 117
2365 117
2365 117
2365 118
2365 117
2365 117
2365 117
2365 117
2365 117
2365 117
2365 117
2365 117
2365 117
2365 117
2365 117
2365 117
2365 117
2365 117
2365 118
2365 118
2365 117
2365 117
2365 117
2365 116
2365 116
2365 116
2365 117
2365 116
2365 116
2365 116
2365 117
2365 116
2365 117
2365 117
2365 117
2365 117
2365 117
2365 117
2365 117
2365 117
2365 117
2365 116
2365 117
2365 117
2365 118
2365 117
2365 117
2365 117
2365 117
2365 116
2365 117
2365 117
2365 117
2365 117
2365 117
2365 117
2365 117
2365 116
2365 117
2365 117
2365 117
2365 116
2365 117
2365 117
2365 117
2365 117
2365 117
2365 117
2365 117
2365 117
2365 117
2365 117
2365 117
2365 117
2365 117
2365 117
2365 116
2365 117
2365 117
2365 117
2365 117
2365 117
2365 117
2365 117
2365 117
2365 116
2365 117
2365 117
2365 116
2365 117
2365 117
2365 117
2365 117
2370 116
2370 115
2370 115
2370 116
2370 114
2370 115
2370 115
2370 115
2370 115
2370 115
2370 115
2370 115
2370 116
2370 115
2370 115
2370 115
2370 115
2370 115
2370 115
2370 115
2370 115
2370 115
2370 115
2370 115
2370 115
2370 115
2370 115
2370 114
2370 115
2370 115
2370 115
2370 115
2370 114
2370 115
2370 114
2370 114
2370 115
2370 115
2370 115
2370 116
2370 115
2370 114
2370 114
2370 115
2370 115
2370 114
2370 115
2370 115
2370 115
2370 115
2370 115
2370 114
2370 115
2370 115
2370 115
2370 115
2370 115
2370 115
2370 114
2370 115
2370 115
2370 114
2370 115
2370 115
2370 115
2370 115
2370 115
2370 115
2370 115
2370 115
2370 115
2370 115
2370 115
2370 115
2370 115
2370 115
2370 115
2370 115
2370 114
2370 115
2370 115
2370 115
2370 115
2370 115
2370 115
2370 114
2370 115
2370 114
2370 115
2370 115
2370 116
2370 115
2370 117
2370 115
2370 115
2370 115
2370 115
2370 115
2370 114
2370 116
2375 112
2375 113
2375 113
2375 114
2375 113
2375 113
2375 113
2375 113
2375 113
2375 113
2375 113
2375 113
2375 113
2375 114
2375 113
2375 113
2375 113
2375 113
2375 113
2375 113
2375 113
2375 113
2375 113
2375 113
2375 113
2375 113
2375 113
2375 113
2375 113
2375 113
2375 113
2375 113
2375 113
2375 113
2375 113
2375 113
2375 114
2375 113
2375 113
2375 113
2375 113
2375 113
2375 113
2375 113
2375 113
2375 113
2375 113
2375 113
2375 113
2375 113
2375 113
2375 113
2375 113
2375 113
2375 113
2375 113
2375 113
2375 113
2375 113
2375 113
2375 113
2375 113
2375 113
2375 113
2375 113
2375 113
2375 113
2375 113
2375 113
2375 113
2375 113
2375 113
2375 113
2375 113
2375 113
2375 113
2375 113
2375 113
2375 113
2375 113
2375 113
2375 113
2375 113
2375 113
2375 113
2375 113
2375 113
2375 113
2375 113
2375 113
2375 113
2375 113
2375 113
2375 113
2375 113
2375 113
2375 113
2375 113
2375 114
2375 113
2380 111
2380 111
2380 111
2380 111
2380 111
2380 111
2380 111
2380 111
2380 110
2380 110
2380 111
2380 110
2380 111
2380 111
2380 111
2380 112
2380 111
2380 110
2380 111
2380 111
2380 110
2380 110
2380 111
2380 110
2380 111
2380 111
2380 111
2380 111
2380 111
2380 111
2380 111
2380 110
2380 111
2380 112
2380 111
2380 111
2380 111
2380 111
2380 110
2380 111
2380 110
2380 111
2380 111
2380 110
2380 111
2380 111
2380 111
2380 111
2380 111
2380 111
2380 111
2380 111
2380 110
2380 110
2380 110
2380 111
2380 111
2380 111
2380 111
2380 111
2380 111
2380 112
2380 111
2380 111
2380 111
2380 111
2380 111
2380 111
2380 112
2380 110
2380 110
2380 111
2380 110
2380 111
2380 111
2380 111
2380 111
2380 111
2380 111
2380 110
2380 111
2380 111
2380 112
2380 111
2380 110
2380 111
2380 111
2380 110
2380 112
2380 110
2380 111
2380 111
2380 111
2380 111
2380 111
2380 111
2380 111
2380 111
2380 111
2380 111
2385 108
2385 109
2385 108
2385 109
2385 109
2385 109
2385 109
2385 109
2385 109
2385 109
2385 109
2385 109
2385 109
2385 109
2385 109
2385 108
2385 108
2385 108
2385 108
2385 109
2385 109
2385 109
2385 109
2385 109
2385 109
2385 108
2385 109
2385 109
2385 109
2385 109
2385 109
2385 109
2385 108
2385 109
2385 109
2385 109
2385 109
2385 108
2385 108
2385 108
2385 109
2385 109
2385 109
2385 108
2385 109
2385 110
2385 109
2385 109
2385 109
2385 109
2385 109
2385 109
2385 109
2385 109
2385 109
2385 109
2385 109
2385 109
2385 108
2385 109
2385 109
2385 109
2385 109
2385 109
2385 109
2385 108
2385 109
2385 109
2385 109
2385 109
2385 109
2385 109
2385 109
2385 109
2385 109
2385 109
2385 109
2385 108
2385 108
2385 109
2385 109
2385 109
2385 109
2385 109
2385 109
2385 108
2385 109
2385 109
2385 109
2385 109
2385 109
2385 109
2385 109
2385 109
2385 109
2385 109
2385 109
2385 108
2385 108
2385 109
2390 107
2390 107
2390 106
2390 107
2390 107
2390 107
2390 106
2390 107
2390 107
2390 107
2390 107
2390 107
2390 107
2390 106
2390 107
2390 107
2390 107
2390 107
2390 108
2390 107
2390 107
2390 107
2390 107
2390 107
2390 107
2390 107
2390 107
2390 106
2390 107
2390 106
2390 107
2390 107
2390 106
2390 107
2390 107
2390 107
2390 107
2390 107
2390 108
2390 106
2390 107
2390 107
2390 107
2390 107
2390 107
2390 107
2390 107
2390 107
2390 107
2390 107
2390 107
2390 107
2390 107
2390 107
2390 107
2390 107
2390 107
2390 107
2390 106
2390 107
2390 107
2390 107
2390 107
2390 107
2390 107
2390 107
2390 106
2390 107
2390 107
2390 107
2390 107
2390 107
2390 107
2390 107
2390 107
2390 107
2390 107
2390 107
2390 107
2390 107
2390 107
2390 107
2390 107
2390 106
2390 107
2390 107
2390 107
2390 107
2390 107
2390 107
2390 107
2390 107
2390 107
2390 107
2390 107
2390 107
2390 107
2390 107
2395 105
2395 105
2395 106
2395 105
2395 105
2395 105
2395 105
2395 106
2395 105
2395 105
2395 105
2395 105
2395 105
2395 105
2395 105
2395 105
2395 105
2395 105
2395 105
2395 105
2395 105
2395 105
2395 105
2395 105
2395 106
2395 105
2395 106
2395 105
2395 105
2395 105
2395 105
2395 105
2395 106
2395 105
2395 105
2395 105
2395 105
2395 105
2395 105
2395 105
2395 106
2395 105
2395 105
2395 105
2395 105
2395 104
2395 105
2395 105
2395 105
2395 105
2395 105
2395 104
2395 105
2395 105
2395 105
2395 104
2395 105
2395 105
2395 104
2395 105
2395 105
2395 105
2395 105
2395 105
2395 106
2395 105
2395 105
2395 105
2395 106
2395 104
2395 105
2395 105
2395 105
2395 105
2395 105
2395 105
2395 106
2395 106
2395 105
2395 105
2395 105
2395 105
2395 105
2395 104
2395 104
2395 105
2395 105
2395 105
2395 106
2395 105
2395 105
2395 105
2395 104
2395 104
2395 105
2395 105
2395 105
2395 105
2395 105
2400 102
2400 102
2400 102
2400 102
2400 101
2400 102
2400 101
2400 102
2400 102
2400 102
2400 101
2400 101
2400 101
2400 101
2400 102
2400 102
2400 101
2400 102
2400 102
2400 102
2400 102
2400 102
2400 102
2400 102
2400 101
2400 102
2400 101
2400 102
2400 102
2400 101
2400 103
2400 102
2400 102
2400 101
2400 102
2400 102
2400 101
2400 102
2400 103
2400 101
2400 102
2400 102
2400 101
2400 101
2400 101
2400 102
2400 103
2400 101
2400 101
2400 101
2400 102
2400 102
2400 101
2400 102
2400 102
2400 102
2400 102
2400 102
2400 101
2400 102
2400 102
2400 102
2400 102
2400 102
2400 102
2400 101
2400 101
2400 102
2400 102
2400 102
2400 101
2400 101
2400 102
2400 102
2400 103
2400 102
2400 102
2400 101
2400 102
2400 101
2400 102
2400 102
2400 102
2400 102
2400 102
2400 102
2400 102
2400 101
2400 101
2400 102
2400 102
2400 102
2400 102
2400 101
2400 101
2400 101
2400 101
2400 101
2400 102
2400 102
2405 99
2405 100
2405 100
2405 99
2405 99
2405 99
2405 100
2405 99
2405 100
2405 100
2405 99
2405 100
2405 100
2405 100
2405 100
2405 100
2405 100
2405 100
2405 100
2405 100
2405 99
2405 100
2405 100
2405 100
2405 99
2405 99
2405 100
2405 99
2405 100
2405 100
2405 100
2405 99
2405 99
2405 100
2405 100
2405 100
2405 99
2405 99
2405 100
2405 99
2405 100
2405 100
2405 100
2405 100
2405 100
2405 100
2405 100
2405 100
2405 99
2405 100
2405 100
2405 100
2405 100
2405 100
2405 101
2405 99
2405 100
2405 100
2405 100
2405 100
2405 100
2405 100
2405 100
2405 100
2405 99
2405 99
2405 100
2405 100
2405 100
2405 100
2405 99
2405 100
2405 100
2405 100
2405 100
2405 100
2405 100
2405 99
2405 100
2405 100
2405 100
2405 100
2405 100
2405 99
2405 99
2405 99
2405 100
2405 99
2405 99
2405 100
2405 100
2405 100
2405 100
2405 100
2405 99
2405 100
2405 100
2405 100
2405 99
2405 99
2410 97
2410 97
2410 97
2410 98
2410 97
2410 97
2410 98
2410 98
2410 97
2410 99
2410 98
2410 98
2410 98
2410 98
2410 98
2410 98
2410 98
2410 97
2410 98
2410 97
2410 98
2410 99
2410 98
2410 98
2410 97
2410 97
2410 97
2410 98
2410 98
2410 98
2410 97
2410 98
2410 97
2410 99
2410 99
2410 97
2410 97
2410 98
2410 98
2410 98
2410 99
2410 99
2410 98
2410 98
2410 98
2410 97
2410 98
2410 99
2410 98
2410 98
2410 98
2410 97
2410 97
2410 98
2410 98
2410 98
2410 98
2410 98
2410 98
2410 98
2410 98
2410 98
2410 98
2410 98
2410 97
2410 99
2410 98
2410 97
2410 98
2410 98
2410 97
2410 98
2410 98
2410 98
2410 98
2410 98
2410 98
2410 97
2410 98
2410 97
2410 98
2410 98
2410 98
2410 98
2410 97
2410 97
2410 97
2410 98
2410 98
2410 98
2410 98
2410 98
2410 98
2410 98
2410 98
2410 98
2410 98
2410 98
2410 98
2410 98
2415 96
2415 96
2415 96
2415 96
2415 96
2415 96
2415 96
2415 96
2415 96
2415 96
2415 95
2415 96
2415 96
2415 96
2415 96
2415 96
2415 96
2415 96
2415 96
2415 96
2415 96
2415 96
2415 96
2415 96
2415 96
2415 95
2415 96
2415 96
2415 96
2415 96
2415 96
2415 96
2415 96
2415 96
2415 96
2415 96
2415 96
2415 96
2415 96
2415 96
2415 96
2415 96
2415 95
2415 96
2415 96
2415 96
2415 96
2415 96
2415 96
2415 96
2415 96
2415 96
2415 96
2415 96
2415 96
2415 96
2415 96
2415 96
2415 96
2415 96
2415 96
2415 96
2415 96
2415 96
2415 96
2415 96
2415 96
2415 96
2415 96
2415 96
2415 96
2415 96
2415 96
2415 96
2415 96
2415 95
2415 96
2415 96
2415 96
2415 96
2415 96
2415 96
2415 96
2415 96
2415 96
2415 96
2415 96
2415 96
2415 96
2415 96
2415 96
2415 96
2415 96
2415 96
2415 96
2415 96
2415 96
2415 96
2415 96
2415 96
2420 93
2420 93
2420 92
2420 94
2420 93
2420 93
2420 93
2420 93
2420 93
2420 94
2420 94
2420 93
2420 94
2420 93
2420 93
2420 94
2420 93
2420 93
2420 93
2420 94
2420 94
2420 95
2420 94
2420 93
2420 92
2420 93
2420 94
2420 94
2420 93
2420 93
2420 94
2420 94
2420 93
2420 93
2420 94
2420 93
2420 94
2420 93
2420 94
2420 93
2420 94
2420 94
2420 94
2420 93
2420 94
2420 93
2420 93
2420 93
2420 92
2420 93
2420 93
2420 92
2420 93
2420 94
2420 93
2420 93
2420 92
2420 94
2420 94
2420 94
2420 94
2420 93
2420 93
2420 93
2420 94
2420 92
2420 93
2420 93
2420 92
2420 93
2420 92
2420 93
2420 93
2420 93
2420 93
2420 93
2420 93
2420 93
2420 93
2420 93
2420 94
2420 94
2420 93
2420 94
2420 94
2420 94
2420 94
2420 93
2420 93
2420 93
2420 93
2420 93
2420 93
2420 93
2420 93
2420 93
2420 93
2420 92
2420 93
2420 94
2425 91
2425 91
2425 91
2425 91
2425 91
2425 91
2425 91
2425 92
2425 91
2425 91
2425 91
2425 91
2425 91
2425 91
2425 91
2425 91
2425 92
2425 91
2425 91
2425 91
2425 91
2425 91
2425 90
2425 91
2425 91
2425 91
2425 91
2425 92
2425 91
2425 91
2425 91
2425 91
2425 91
2425 91
2425 91
2425 92
2425 90
2425 91
2425 91
2425 92
2425 91
2425 91
2425 91
2425 91
2425 91
2425 91
2425 91
2425 90
2425 92
2425 91
2425 92
2425 91
2425 91
2425 91
2425 91
2425 91
2425 91
2425 91
2425 91
2425 91
2425 91
2425 91
2425 91
2425 91
2425 91
2425 91
2425 91
2425 91
2425 91
2425 91
2425 91
2425 91
2425 91
2425 91
2425 92
2425 91
2425 91
2425 91
2425 91
2425 92
2425 91
2425 91
2425 91
2425 91
2425 91
2425 92
2425 92
2425 91
2425 90
2425 91
2425 91
2425 91
2425 91
2425 91
2425 91
2425 92
2425 91
2425 91
2425 91
2425 92
2430 89
2430 90
2430 89
2430 88
2430 89
2430 89
2430 88
2430 88
2430 89
2430 89
2430 89
2430 89
2430 89
2430 89
2430 89
2430 89
2430 89
2430 89
2430 89
2430 89
2430 89
2430 89
2430 89
2430 89
2430 89
2430 89
2430 89
2430 89
2430 89
2430 89
2430 89
2430 89
2430 89
2430 89
2430 89
2430 89
2430 89
2430 89
2430 89
2430 89
2430 89
2430 89
2430 89
2430 89
2430 89
2430 89
2430 89
2430 88
2430 89
2430 89
2430 89
2430 89
2430 89
2430 89
2430 89
2430 89
2430 89
2430 89
2430 89
2430 89
2430 89
2430 89
2430 89
2430 89
2430 89
2430 89
2430 89
2430 89
2430 89
2430 89
2430 89
2430 89
2430 89
2430 89
2430 89
2430 89
2430 89
2430 88
2430 89
2430 89
2430 90
2430 89
2430 89
2430 88
2430 89
2430 89
2430 90
2430 89
2430 89
2430 89
2430 89
2430 89
2430 89
2430 89
2430 89
2430 89
2430 89
2430 89
2430 89
2435 88
2435 88
2435 87
2435 88
2435 88
2435 88
2435 88
2435 87
2435 88
2435 88
2435 88
2435 88
2435 87
2435 88
2435 88
2435 87
2435 88
2435 87
2435 88
2435 87
2435 88
2435 88
2435 88
2435 88
2435 88
2435 88
2435 88
2435 88
2435 88
2435 88
2435 87
2435 88
2435 88
2435 88
2435 88
2435 88
2435 88
2435 88
2435 88
2435 88
2435 87
2435 88
2435 87
2435 88
2435 88
2435 88
2435 88
2435 88
2435 88
2435 88
2435 88
2435 88
2435 87
2435 88
2435 87
2435 88
2435 88
2435 88
2435 88
2435 88
2435 88
2435 87
2435 88
2435 88
2435 88
2435 87
2435 88
2435 88
2435 88
2435 88
2435 88
2435 88
2435 88
2435 88
2435 88
2435 88
2435 88
2435 88
2435 87
2435 88
2435 88
2435 88
2435 87
2435 87
2435 88
2435 88
2435 88
2435 88
2435 88
2435 88
2435 87
2435 88
2435 88
2435 88
2435 88
2435 88
2435 87
2435 88
2435 88
2440 85
2440 85
2440 85
2440 85
2440 85
2440 85
2440 85
2440 84
2440 85
2440 85
2440 85
2440 85
2440 84
2440 85
2440 85
2440 85
2440 85
2440 85
2440 85
2440 85
2440 85
2440 86
2440 85
2440 85
2440 85
2440 86
2440 85
2440 85
2440 85
2440 85
2440 85
2440 84
2440 85
2440 85
2440 85
2440 86
2440 85
2440 85
2440 85
2440 85
2440 85
2440 85
2440 85
2440 85
2440 84
2440 85
2440 85
2440 85
2440 85
2440 85
2440 85
2440 85
2440 85
2440 85
2440 85
2440 85
2440 84
2440 85
2440 85
2440 85
2440 85
2440 85
2440 85
2440 85
2440 84
2440 85
2440 86
2440 85
2440 85
2440 85
2440 85
2440 85
2440 84
2440 85
2440 85
2440 84
2440 85
2440 85
2440 85
2440 86
2440 85
2440 85
2440 85
2440 85
2440 85
2440 85
2440 85
2440 85
2440 85
2440 85
2440 85
2440 85
2440 84
2440 85
2440 85
2440 85
2440 85
2440 85
2440 85
2440 85
2445 82
2445 82
2445 82
2445 83
2445 82
2445 83
2445 83
2445 82
2445 82
2445 83
2445 83
2445 83
2445 83
2445 83
2445 83
2445 83
2445 83
2445 83
2445 82
2445 83
2445 83
2445 82
2445 83
2445 82
2445 82
2445 82
2445 82
2445 83
2445 83
2445 82
2445 83
2445 82
2445 83
2445 83
2445 82
2445 82
2445 82
2445 82
2445 83
2445 82
2445 82
2445 83
2445 82
2445 82
2445 82
2445 82
2445 82
2445 83
2445 82
2445 82
2445 83
2445 82
2445 82
2445 83
2445 83
2445 83
2445 83
2445 83
2445 83
2445 83
2445 83
2445 82
2445 83
2445 83
2445 83
2445 83
2445 83
2445 83
2445 81
2445 83
2445 83
2445 83
2445 82
2445 83
2445 83
2445 82
2445 83
2445 83
2445 83
2445 81
2445 82
2445 84
2445 82
2445 82
2445 82
2445 83
2445 82
2445 83
2445 83
2445 82
2445 82
2445 82
2445 83
2445 82
2445 83
2445 83
2445 83
2445 82
2445 83
2450 81
2450 80
2450 81
2450 81
2450 81
2450 81
2450 80
2450 81
2450 81
2450 81
2450 81
2450 81
2450 81
2450 81
2450 80
2450 80
2450 81
2450 80
2450 81
2450 81
2450 81
2450 81
2450 81
2450 81
2450 81
2450 81
2450 81
2450 81
2450 80
2450 81
2450 81
2450 81
2450 81
2450 81
2450 81
2450 80
2450 81
2450 81
2450 80
2450 81
2450 81
2450 81
2450 81
2450 81
2450 81
2450 81
2450 81
2450 80
2450 81
2450 81
2450 81
2450 81
2450 81
2450 81
2450 81
2450 80
2450 81
2450 80
2450 81
2450 81
2450 81
2450 81
2450 81
2450 80
2450 81
2450 81
2450 81
2450 80
2450 81
2450 81
2450 81
2450 81
2450 81
2450 81
2450 81
2450 81
2450 81
2450 81
2450 81
2450 81
2450 81
2450 80
2450 80
2450 81
2450 81
2450 80
2450 80
2450 81
2450 81
2450 81
2450 81
2450 81
2450 81
2450 81
2450 80
2450 80
2450 81
2450 81
2450 81
2450 80
2455 79
2455 79
2455 80
2455 79
2455 79
2455 79
2455 79
2455 79
2455 80
2455 79
2455 79
2455 79
2455 80
2455 79
2455 79
2455 79
2455 79
2455 78
2455 79
2455 79
2455 79
2455 80
2455 79
2455 79
2455 79
2455 79
2455 80
2455 79
2455 79
2455 79
2455 79
2455 79
2455 79
2455 79
2455 79
2455 79
2455 79
2455 79
2455 79
2455 78
2455 79
2455 79
2455 79
2455 79
2455 79
2455 79
2455 79
2455 79
2455 79
2455 79
2455 79
2455 79
2455 80
2455 80
2455 79
2455 79
2455 79
2455 79
2455 79
2455 80
2455 79
2455 79
2455 80
2455 79
2455 79
2455 80
2455 80
2455 79
2455 79
2455 79
2455 79
2455 79
2455 79
2455 79
2455 79
2455 79
2455 79
2455 79
2455 79
2455 79
2455 79
2455 79
2455 79
2455 79
2455 79
2455 79
2455 79
2455 79
2455 79
2455 79
2455 79
2455 79
2455 79
2455 79
2455 79
2455 79
2455 79
2455 80
2455 79
2455 79
2460 77
2460 76
2460 76
2460 76
2460 76
2460 77
2460 77
2460 77
2460 76
2460 76
2460 77
2460 76
2460 76
2460 77
2460 76
2460 76
2460 76
2460 76
2460 76
2460 76
2460 76
2460 76
2460 77
2460 76
2460 77
2460 77
2460 77
2460 76
2460 76
2460 76
2460 76
2460 76
2460 76
2460 76
2460 77
2460 77
2460 76
2460 76
2460 76
2460 77
2460 76
2460 77
2460 76
2460 77
2460 76
2460 77
2460 77
2460 77
2460 77
2460 77
2460 77
2460 76
2460 76
2460 77
2460 76
2460 77
2460 77
2460 77
2460 77
2460 76
2460 77
2460 76
2460 76
2460 76
2460 77
2460 77
2460 76
2460 77
2460 76
2460 76
2460 76
2460 77
2460 77
2460 77
2460 77
2460 76
2460 76
2460 77
2460 76
2460 77
2460 76
2460 77
2460 77
2460 77
2460 77
2460 76
2460 77
2460 77
2460 76
2460 76
2460 77
2460 77
2460 77
2460 77
2460 77
2460 77
2460 76
2460 77
2460 76
2460 76
2465 74
2465 74
2465 74
2465 74
2465 75
2465 74
2465 75
2465 74
2465 74
2465 75
2465 75
2465 74
2465 75
2465 74
2465 74
2465 75
2465 74
2465 74
2465 74
2465 74
2465 74
2465 75
2465 74
2465 74
2465 75
2465 74
2465 74
2465 74
2465 74
2465 75
2465 75
2465 74
2465 74
2465 75
2465 74
2465 75
2465 74
2465 74
2465 75
2465 74
2465 74
2465 75
2465 75
2465 74
2465 74
2465 75
2465 74
2465 75
2465 75
2465 74
2465 75
2465 74
2465 74
2465 74
2465 75
2465 74
2465 75
2465 75
2465 75
2465 75
2465 75
2465 75
2465 75
2465 74
2465 74
2465 74
2465 74
2465 74
2465 75
2465 75
2465 74
2465 75
2465 73
2465 74
2465 75
2465 75
2465 74
2465 74
2465 75
2465 74
2465 75
2465 74
2465 74
2465 75
2465 74
2465 75
2465 74
2465 74
2465 75
2465 74
2465 75
2465 75
2465 74
2465 75
2465 74
2465 74
2465 74
2465 75
2465 75
2465 74
2470 72
2470 73
2470 73
2470 73
2470 72
2470 72
2470 72
2470 71
2470 73
2470 73
2470 73
2470 72
2470 73
2470 73
2470 72
2470 73
2470 72
2470 72
2470 73
2470 73
2470 73
2470 73
2470 73
2470 73
2470 73
2470 73
2470 73
2470 73
2470 73
2470 72
2470 73
2470 73
2470 72
2470 72
2470 72
2470 73
2470 73
2470 73
2470 73
2470 73
2470 73
2470 73
2470 73
2470 73
2470 73
2470 72
2470 72
2470 73
2470 72
2470 73
2470 73
2470 73
2470 73
2470 73
2470 73
2470 73
2470 73
2470 72
2470 73
2470 72
2470 73
2470 74
2470 73
2470 72
2470 73
2470 73
2470 72
2470 73
2470 73
2470 73
2470 73
2470 73
2470 72
2470 73
2470 73
2470 73
2470 72
2470 73
2470 73
2470 72
2470 73
2470 73
2470 72
2470 73
2470 73
2470 73
2470 72
2470 72
2470 73
2470 73
2470 73
2470 73
2470 73
2470 72
2470 73
2470 73
2470 73
2470 72
2470 73
2470 73
2475 71
2475 71
2475 71
2475 70
2475 70
2475 70
2475 70
2475 70
2475 71
2475 71
2475 71
2475 70
2475 71
2475 70
2475 71
2475 71
2475 71
2475 70
2475 70
2475 71
2475 70
2475 69
2475 71
2475 71
2475 70
2475 71
2475 70
2475 70
2475 70
2475 69
2475 71
2475 70
2475 70
2475 70
2475 70
2475 70
2475 71
2475 71
2475 70
2475 71
2475 69
2475 70
2475 70
2475 71
2475 71
2475 70
2475 70
2475 71
2475 69
2475 70
2475 70
2475 70
2475 72
2475 71
2475 71
2475 70
2475 70
2475 69
2475 71
2475 71
2475 71
2475 70
2475 70
2475 70
2475 70
2475 70
2475 70
2475 70
2475 70
2475 69
2475 70
2475 70
2475 71
2475 70
2475 71
2475 71
2475 70
2475 70
2475 70
2475 70
2475 70
2475 71
2475 71
2475 71
2475 70
2475 70
2475 69
2475 69
2475 70
2475 71
2475 70
2475 70
2475 70
2475 70
2475 70
2475 70
2475 70
2475 70
2475 71
2475 70
2480 68
2480 68
2480 68
2480 67
2480 67
2480 68
2480 67
2480 68
2480 67
2480 67
2480 67
2480 68
2480 67
2480 68
2480 67
2480 67
2480 67
2480 68
2480 68
2480 68
2480 68
2480 67
2480 68
2480 68
2480 68
2480 68
2480 68
2480 68
2480 68
2480 67
2480 68
2480 68
2480 68
2480 68
2480 68
2480 68
2480 67
2480 68
2480 67
2480 67
2480 68
2480 68
2480 68
2480 68
2480 68
2480 67
2480 68
2480 68
2480 67
2480 68
2480 67
2480 68
2480 68
2480 67
2480 68
2480 68
2480 67
2480 67
2480 68
2480 67
2480 68
2480 67
2480 67
2480 68
2480 68
2480 68
2480 68
2480 67
2480 67
2480 67
2480 68
2480 68
2480 68
2480 67
2480 67
2480 68
2480 68
2480 68
2480 68
2480 68
2480 68
2480 68
2480 68
2480 67
2480 68
2480 68
2480 67
2480 68
2480 67
2480 67
2480 68
2480 67
2480 67
2480 68
2480 67
2480 67
2480 67
2480 68
2480 68
2485 65
2485 66
2485 65
2485 66
2485 66
2485 64
2485 66
2485 66
2485 66
2485 65
2485 66
2485 65
2485 66
2485 65
2485 65
2485 65
2485 66
2485 66
2485 65
2485 66
2485 66
2485 66
2485 65
2485 66
2485 65
2485 66
2485 65
2485 67
2485 66
2485 66
2485 65
2485 66
2485 65
2485 66
2485 66
2485 66
2485 65
2485 65
2485 65
2485 65
2485 66
2485 65
2485 65
2485 66
2485 65
2485 65
2485 65
2485 66
2485 66
2485 66
2485 64
2485 65
2485 65
2485 66
2485 65
2485 65
2485 65
2485 66
2485 66
2485 65
2485 66
2485 66
2485 66
2485 66
2485 66
2485 66
2485 65
2485 66
2485 64
2485 65
2485 66
2485 65
2485 67
2485 66
2485 66
2485 66
2485 65
2485 66
2485 65
2485 66
2485 65
2485 66
2485 66
2485 65
2485 65
2485 66
2485 66
2485 65
2485 65
2485 66
2485 66
2485 66
2485 66
2485 65
2485 65
2485 64
2485 66
2485 66
2485 65
2485 66
2490 64
2490 64
2490 64
2490 64
2490 64
2490 64
2490 63
2490 64
2490 64
2490 64
2490 64
2490 64
2490 64
2490 64
2490 64
2490 64
2490 64
2490 64
2490 64
2490 64
2490 64
2490 64
2490 64
2490 64
2490 64
2490 64
2490 64
2490 64
2490 64
2490 64
2490 64
2490 64
2490 64
2490 64
2490 64
2490 64
2490 64
2490 64
2490 64
2490 64
2490 64
2490 64
2490 64
2490 64
2490 64
2490 64
2490 64
2490 63
2490 64
2490 64
2490 64
2490 63
2490 64
2490 64
2490 64
2490 64
2490 64
2490 64
2490 64
2490 64
2490 64
2490 64
2490 64
2490 64
2490 64
2490 64
2490 64
2490 64
2490 64
2490 65
2490 64
2490 64
2490 64
2490 64
2490 64
2490 64
2490 64
2490 64
2490 64
2490 64
2490 64
2490 64
2490 64
2490 64
2490 64
2490 63
2490 64
2490 64
2490 64
2490 64
2490 64
2490 64
2490 64
2490 64
2490 64
2490 64
2490 64
2490 64
2490 64
2490 64
2495 63
2495 61
2495 63
2495 62
2495 63
2495 62
2495 62
2495 62
2495 63
2495 62
2495 63
2495 63
2495 62
2495 62
2495 62
2495 62
2495 62
2495 63
2495 63
2495 62
2495 63
2495 62
2495 63
2495 63
2495 62
2495 63
2495 63
2495 61
2495 63
2495 63
2495 62
2495 62
2495 63
2495 63
2495 61
2495 63
2495 62
2495 63
2495 63
2495 63
2495 62
2495 62
2495 63
2495 62
2495 62
2495 62
2495 62
2495 62
2495 62
2495 62
2495 62
2495 63
2495 63
2495 62
2495 63
2495 63
2495 62
2495 63
2495 62
2495 62
2495 63
2495 63
2495 63
2495 63
2495 62
2495 62
2495 63
2495 62
2495 62
2495 63
2495 63
2495 62
2495 61
2495 62
2495 62
2495 62
2495 62
2495 62
2495 63
2495 63
2495 62
2495 62
2495 62
2495 62
2495 62
2495 63
2495 63
2495 63
2495 62
2495 62
2495 62
2495 63
2495 62
2495 62
2495 62
2495 62
2495 62
2495 63
2495 62
2495 63
2500 59
2500 59
2500 60
2500 59
2500 60
2500 60
2500 60
2500 59
2500 60
2500 59
2500 59
2500 60
2500 60
2500 59
2500 59
2500 60
2500 60
2500 60
2500 60
2500 60
2500 59
2500 59
2500 59
2500 59
2500 59
2500 59
2500 59
2500 60
2500 59
2500 60
2500 59
2500 59
2500 59
2500 60
2500 59
2500 60
2500 59
2500 60
2500 60
2500 60
2500 59
2500 59
2500 59
2500 60
2500 60
2500 59
2500 59
2500 59
2500 59
2500 59
2500 60
2500 59
2500 60
2500 59
2500 60
2500 59
2500 59
2500 60
2500 59
2500 59
2500 60
2500 60
2500 60
2500 60
2500 59
2500 59
2500 60
2500 59
2500 59
2500 59
2500 59
2500 60
2500 59
2500 59
2500 59
2500 60
2500 60
2500 60
2500 59
2500 59
2500 59
2500 60
2500 59
2500 59
2500 60
2500 59
2500 60
2500 59
2500 60
2500 60
2500 60
2500 60
2500 59
2500 60
2500 60
2500 60
2500 59
2500 60
2500 59
2500 60
2505 57
2505 57
2505 57
2505 57
2505 57
2505 57
2505 57
2505 57
2505 57
2505 57
2505 57
2505 57
2505 57
2505 57
2505 58
2505 57
2505 58
2505 57
2505 57
2505 58
2505 57
2505 57
2505 57
2505 57
2505 57
2505 57
2505 57
2505 58
2505 57
2505 57
2505 57
2505 57
2505 57
2505 57
2505 57
2505 57
2505 57
2505 57
2505 57
2505 57
2505 57
2505 57
2505 57
2505 57
2505 57
2505 57
2505 57
2505 57
2505 57
2505 57
2505 57
2505 57
2505 57
2505 57
2505 57
2505 57
2505 57
2505 57
2505 57
2505 57
2505 57
2505 57
2505 58
2505 57
2505 57
2505 57
2505 57
2505 57
2505 57
2505 57
2505 57
2505 57
2505 57
2505 57
2505 57
2505 57
2505 58
2505 58
2505 57
2505 57
2505 57
2505 57
2505 57
2505 57
2505 57
2505 57
2505 57
2505 57
2505 58
2505 57
2505 57
2505 57
2505 57
2505 57
2505 57
2505 57
2505 57
2505 57
2510 56
2510 56
2510 56
2510 56
2510 56
2510 56
2510 56
2510 56
2510 56
2510 56
2510 56
2510 55
2510 56
2510 56
2510 56
2510 56
2510 56
2510 56
2510 56
2510 56
2510 56
2510 56
2510 56
2510 56
2510 56
2510 56
2510 56
2510 56
2510 56
2510 56
2510 56
2510 56
2510 55
2510 56
2510 56
2510 56
2510 56
2510 56
2510 56
2510 56
2510 56
2510 56
2510 56
2510 56
2510 56
2510 56
2510 56
2510 56
2510 56
2510 56
2510 56
2510 56
2510 56
2510 56
2510 56
2510 56
2510 56
2510 56
2510 56
2510 56
2510 56
2510 56
2510 56
2510 56
2510 56
2510 56
2510 56
2510 56
2510 56
2510 56
2510 56
2510 56
2510 56
2510 56
2510 56
2510 56
2510 56
2510 56
2510 56
2510 56
2510 56
2510 56
2510 56
2510 56
2510 56
2510 56
2510 56
2510 56
2510 56
2510 56
2510 56
2510 56
2510 56
2510 56
2510 56
2510 56
2510 56
2510 56
2510 56
2510 56
2515 54
2515 54
2515 55
2515 54
2515 54
2515 54
2515 54
2515 54
2515 54
2515 54
2515 54
2515 54
2515 54
2515 54
2515 55
2515 54
2515 53
2515 54
2515 54
2515 54
2515 54
2515 54
2515 53
2515 53
2515 54
2515 54
2515 54
2515 54
2515 54
2515 54
2515 54
2515 54
2515 54
2515 54
2515 54
2515 54
2515 54
2515 54
2515 54
2515 54
2515 54
2515 54
2515 54
2515 54
2515 54
2515 54
2515 54
2515 54
2515 54
2515 56
2515 53
2515 54
2515 54
2515 54
2515 54
2515 54
2515 53
2515 54
2515 54
2515 54
2515 54
2515 55
2515 54
2515 54
2515 54
2515 54
2515 54
2515 54
2515 54
2515 53
2515 54
2515 53
2515 54
2515 53
2515 54
2515 54
2515 54
2515 55
2515 54
2515 54
2515 54
2515 54
2515 54
2515 54
2515 54
2515 53
2515 54
2515 54
2515 53
2515 54
2515 53
2515 54
2515 54
2515 54
2515 54
2515 54
2515 53
2515 54
2520 51
2520 51
2520 51
2520 52
2520 52
2520 51
2520 51
2520 51
2520 51
2520 51
2520 51
2520 51
2520 51
2520 52
2520 51
2520 51
2520 51
2520 51
2520 51
2520 52
2520 51
2520 51
2520 51
2520 51
2520 51
2520 51
2520 51
2520 51
2520 52
2520 51
2520 51
2520 51
2520 52
2520 52
2520 51
2520 51
2520 51
2520 51
2520 52
2520 51
2520 51
2520 51
2520 51
2520 51
2520 52
2520 51
2520 51
2520 51
2520 51
2520 51
2520 52
2520 50
2520 51
2520 51
2520 51
2520 51
2520 51
2520 51
2520 51
2520 51
2520 52
2520 51
2520 51
2520 50
2520 51
2520 51
2520 51
2520 51
2520 51
2520 51
2520 51
2520 51
2520 51
2520 51
2520 51
2520 51
2520 51
2520 51
2520 51
2520 51
2520 50
2520 52
2520 51
2520 51
2520 51
2520 52
2520 51
2520 51
2520 52
2520 51
2520 51
2520 51
2520 52
2520 51
2520 51
2520 51
2520 51
2520 52
2520 51
2520 51
2525 49
2525 49
2525 50
2525 49
2525 49
2525 49
2525 50
2525 49
2525 49
2525 49
2525 49
2525 49
2525 49
2525 49
2525 49
2525 50
2525 49
2525 49
2525 49
2525 50
2525 49
2525 50
2525 49
2525 49
2525 49
2525 49
2525 50
2525 49
2525 49
2525 50
2525 49
2525 49
2525 49
2525 49
2525 49
2525 49
2525 50
2525 49
2525 49
2525 49
2525 49
2525 49
2525 49
2525 49
2525 49
2525 49
2525 49
2525 49
2525 49
2525 49
2525 49
2525 49
2525 49
2525 49
2525 49
2525 49
2525 50
2525 49
2525 50
2525 49
2525 49
2525 49
2525 49
2525 49
2525 49
2525 49
2525 49
2525 50
2525 49
2525 49
2525 49
2525 49
2525 49
2525 49
2525 49
2525 49
2525 49
2525 49
2525 49
2525 50
2525 49
2525 49
2525 49
2525 49
2525 49
2525 49
2525 49
2525 49
2525 49
2525 49
2525 50
2525 50
2525 49
2525 49
2525 49
2525 49
2525 49
2525 49
2525 49
2525 49
2530 48
2530 48
2530 48
2530 48
2530 48
2530 48
2530 48
2530 48
2530 48
2530 47
2530 48
2530 48
2530 48
2530 48
2530 48
2530 48
2530 48
2530 48
2530 48
2530 48
2530 48
2530 48
2530 48
2530 48
2530 48
2530 48
2530 48
2530 48
2530 48
2530 48
2530 48
2530 48
2530 48
2530 48
2530 48
2530 48
2530 48
2530 48
2530 48
2530 48
2530 49
2530 48
2530 48
2530 48
2530 48
2530 48
2530 48
2530 48
2530 48
2530 48
2530 48
2530 47
2530 48
2530 48
2530 48
2530 48
2530 47
2530 48
2530 48
2530 48
2530 47
2530 48
2530 48
2530 48
2530 48
2530 48
2530 48
2530 48
2530 49
2530 48
2530 48
2530 48
2530 48
2530 48
2530 48
2530 48
2530 47
2530 47
2530 47
2530 48
2530 49
2530 48
2530 48
2530 48
2530 48
2530 48
2530 48
2530 47
2530 48
2530 48
2530 48
2530 48
2530 48
2530 48
2530 48
2530 47
2530 48
2530 48
2530 48
2530 48
2535 46
2535 45
2535 46
2535 46
2535 46
2535 46
2535 46
2535 46
2535 46
2535 46
2535 45
2535 46
2535 45
2535 46
2535 45
2535 46
2535 45
2535 45
2535 46
2535 45
2535 45
2535 45
2535 45
2535 45
2535 46
2535 46
2535 45
2535 46
2535 45
2535 46
2535 46
2535 45
2535 45
2535 45
2535 46
2535 47
2535 46
2535 45
2535 47
2535 46
2535 47
2535 46
2535 45
2535 46
2535 45
2535 45
2535 46
2535 45
2535 46
2535 46
2535 45
2535 46
2535 45
2535 46
2535 45
2535 46
2535 46
2535 45
2535 46
2535 45
2535 46
2535 46
2535 46
2535 46
2535 46
2535 47
2535 45
2535 46
2535 45
2535 46
2535 46
2535 45
2535 45
2535 46
2535 45
2535 45
2535 46
2535 47
2535 45
2535 46
2535 46
2535 45
2535 46
2535 45
2535 47
2535 47
2535 47
2535 45
2535 46
2535 46
2535 46
2535 45
2535 46
2535 45
2535 46
2535 45
2535 46
2535 46
2535 47
2540 43
2540 43
2540 43
2540 43
2540 43
2540 43
2540 43
2540 43
2540 43
2540 43
2540 43
2540 44
2540 43
2540 43
2540 43
2540 43
2540 44
2540 43
2540 43
2540 43
2540 43
2540 43
2540 43
2540 44
2540 43
2540 43
2540 43
2540 43
2540 43
2540 43
2540 43
2540 43
2540 43
2540 43
2540 43
2540 43
2540 43
2540 43
2540 43
2540 42
2540 43
2540 43
2540 43
2540 43
2540 43
2540 43
2540 43
2540 43
2540 43
2540 43
2540 43
2540 43
2540 42
2540 43
2540 43
2540 43
2540 43
2540 43
2540 43
2540 43
2540 43
2540 43
2540 43
2540 43
2540 43
2540 43
2540 43
2540 44
2540 44
2540 43
2540 43
2540 44
2540 43
2540 43
2540 43
2540 43
2540 43
2540 43
2540 43
2540 43
2540 43
2540 43
2540 43
2540 43
2540 43
2540 43
2540 43
2540 43
2540 44
2540 43
2540 43
2540 43
2540 43
2540 43
2540 43
2540 43
2540 43
2540 44
2540 42
2540 43
2545 41
2545 41
2545 41
2545 41
2545 41
2545 41
2545 41
2545 41
2545 41
2545 42
2545 41
2545 41
2545 41
2545 41
2545 42
2545 41
2545 41
2545 41
2545 41
2545 41
2545 41
2545 41
2545 41
2545 41
2545 40
2545 40
2545 41
2545 41
2545 41
2545 41
2545 41
2545 41
2545 41
2545 41
2545 41
2545 41
2545 41
2545 40
2545 40
2545 41
2545 41
2545 41
2545 41
2545 41
2545 41
2545 41
2545 42
2545 41
2545 42
2545 41
2545 41
2545 41
2545 41
2545 42
2545 42
2545 42
2545 41
2545 41
2545 41
2545 41
2545 41
2545 41
2545 41
2545 42
2545 41
2545 41
2545 41
2545 41
2545 41
2545 41
2545 42
2545 40
2545 41
2545 41
2545 41
2545 41
2545 41
2545 41
2545 41
2545 42
2545 41
2545 41
2545 40
2545 41
2545 41
2545 41
2545 41
2545 42
2545 41
2545 41
2545 40
2545 41
2545 41
2545 41
2545 41
2545 41
2545 41
2545 41
2545 41
2545 42
2550 38
2550 39
2550 39
2550 39
2550 39
2550 39
2550 39
2550 39
2550 38
2550 39
2550 39
2550 39
2550 39
2550 39
2550 40
2550 38
2550 39
2550 39
2550 39
2550 39
2550 38
2550 39
2550 39
2550 38
2550 39
2550 39
2550 39
2550 38
2550 39
2550 39
2550 38
2550 39
2550 38
2550 39
2550 39
2550 39
2550 40
2550 38
2550 39
2550 39
2550 39
2550 38
2550 38
2550 39
2550 39
2550 39
2550 39
2550 39
2550 39
2550 38
2550 39
2550 38
2550 39
2550 40
2550 39
2550 39
2550 38
2550 39
2550 38
2550 39
2550 39
2550 38
2550 39
2550 39
2550 38
2550 39
2550 39
2550 38
2550 39
2550 38
2550 39
2550 38
2550 39
2550 39
2550 39
2550 38
2550 39
2550 38
2550 39
2550 38
2550 39
2550 38
2550 39
2550 38
2550 39
2550 39
2550 40
2550 39
2550 39
2550 38
2550 39
2550 40
2550 37
2550 38
2550 39
2550 39
2550 40
2550 39
2550 39
2550 39
2555 37
2555 37
2555 37
2555 37
2555 37
2555 37
2555 37
2555 37
2555 37
2555 36
2555 37
2555 37
2555 37
2555 36
2555 36
2555 36
2555 36
2555 37
2555 37
2555 36
2555 37
2555 37
2555 36
2555 37
2555 36
2555 37
2555 36
2555 36
2555 36
2555 37
2555 37
2555 37
2555 36
2555 36
2555 37
2555 37
2555 37
2555 36
2555 37
2555 36
2555 37
2555 37
2555 37
2555 36
2555 37
2555 36
2555 37
2555 36
2555 36
2555 36
2555 36
2555 37
2555 37
2555 36
2555 37
2555 37
2555 37
2555 37
2555 37
2555 37
2555 37
2555 37
2555 36
2555 37
2555 37
2555 36
2555 37
2555 36
2555 37
2555 37
2555 37
2555 37
2555 37
2555 37
2555 36
2555 37
2555 37
2555 36
2555 36
2555 37
2555 36
2555 36
2555 37
2555 37
2555 36
2555 37
2555 37
2555 36
2555 37
2555 37
2555 37
2555 37
2555 37
2555 36
2555 37
2555 37
2555 37
2555 36
2555 37
2555 37
2560 35
2560 35
2560 35
2560 35
2560 35
2560 34
2560 35
2560 35
2560 35
2560 35
2560 35
2560 35
2560 36
2560 35
2560 34
2560 35
2560 35
2560 35
2560 35
2560 34
2560 34
2560 35
2560 34
2560 35
2560 35
2560 35
2560 34
2560 35
2560 35
2560 35
2560 35
2560 34
2560 34
2560 35
2560 34
2560 35
2560 34
2560 34
2560 35
2560 35
2560 34
2560 34
2560 35
2560 33
2560 34
2560 35
2560 35
2560 34
2560 35
2560 35
2560 34
2560 35
2560 35
2560 34
2560 35
2560 35
2560 35
2560 35
2560 35
2560 34
2560 35
2560 35
2560 34
2560 35
2560 35
2560 34
2560 35
2560 35
2560 34
2560 34
2560 34
2560 34
2560 35
2560 35
2560 35
2560 34
2560 36
2560 35
2560 34
2560 35
2560 35
2560 35
2560 35
2560 35
2560 35
2560 35
2560 35
2560 35
2560 35
2560 34
2560 35
2560 35
2560 34
2560 35
2560 34
2560 34
2560 34
2560 35
2560 34
2560 34
2565 32
2565 33
2565 32
2565 32
2565 32
2565 32
2565 32
2565 32
2565 32
2565 32
2565 33
2565 32
2565 32
2565 32
2565 32
2565 33
2565 32
2565 32
2565 32
2565 32
2565 32
2565 32
2565 33
2565 32
2565 32
2565 32
2565 32
2565 32
2565 32
2565 32
2565 32
2565 32
2565 33
2565 32
2565 32
2565 32
2565 32
2565 33
2565 32
2565 33
2565 32
2565 32
2565 32
2565 32
2565 32
2565 32
2565 32
2565 33
2565 32
2565 33
2565 32
2565 32
2565 33
2565 32
2565 32
2565 32
2565 32
2565 32
2565 32
2565 32
2565 33
2565 32
2565 32
2565 32
2565 32
2565 32
2565 33
2565 33
2565 32
2565 32
2565 32
2565 32
2565 32
2565 32
2565 32
2565 33
2565 33
2565 32
2565 33
2565 32
2565 32
2565 32
2565 32
2565 32
2565 32
2565 33
2565 33
2565 32
2565 32
2565 32
2565 32
2565 32
2565 32
2565 32
2565 32
2565 32
2565 32
2565 33
2565 32
2565 32
2570 31
2570 31
2570 31
2570 31
2570 31
2570 31
2570 31
2570 31
2570 31
2570 31
2570 31
2570 32
2570 31
2570 31
2570 31
2570 31
2570 31
2570 31
2570 31
2570 31
2570 31
2570 31
2570 31
2570 31
2570 31
2570 31
2570 31
2570 31
2570 31
2570 31
2570 31
2570 31
2570 31
2570 31
2570 31
2570 31
2570 31
2570 31
2570 31
2570 31
2570 31
2570 31
2570 32
2570 31
2570 31
2570 31
2570 31
2570 31
2570 32
2570 31
2570 31
2570 31
2570 31
2570 31
2570 31
2570 31
2570 31
2570 31
2570 31
2570 31
2570 31
2570 31
2570 31
2570 31
2570 31
2570 31
2570 31
2570 31
2570 31
2570 31
2570 31
2570 32
2570 31
2570 31
2570 31
2570 31
2570 31
2570 31
2570 31
2570 31
2570 31
2570 31
2570 31
2570 31
2570 31
2570 31
2570 31
2570 31
2570 31
2570 31
2570 31
2570 31
2570 31
2570 31
2570 31
2570 31
2570 31
2570 31
2570 32
2570 31
2575 29
2575 28
2575 29
2575 29
2575 28
2575 29
2575 29
2575 28
2575 28
2575 28
2575 28
2575 28
2575 29
2575 29
2575 28
2575 28
2575 30
2575 28
2575 29
2575 29
2575 29
2575 29
2575 29
2575 29
2575 28
2575 28
2575 29
2575 28
2575 29
2575 29
2575 28
2575 29
2575 28
2575 29
2575 29
2575 29
2575 28
2575 29
2575 29
2575 29
2575 28
2575 29
2575 28
2575 29
2575 29
2575 28
2575 28
2575 30
2575 29
2575 28
2575 28
2575 29
2575 29
2575 28
2575 28
2575 28
2575 28
2575 28
2575 29
2575 28
2575 29
2575 29
2575 29
2575 28
2575 29
2575 28
2575 29
2575 29
2575 29
2575 29
2575 28
2575 29
2575 28
2575 28
2575 28
2575 29
2575 28
2575 28
2575 28
2575 29
2575 28
2575 28
2575 28
2575 28
2575 28
2575 29
2575 30
2575 28
2575 29
2575 28
2575 29
2575 29
2575 29
2575 29
2575 29
2575 28
2575 28
2575 28
2575 28
2575 30
2580 26
2580 25
2580 26
2580 25
2580 26
2580 27
2580 27
2580 26
2580 25
2580 26
2580 26
2580 25
2580 25
2580 25
2580 25
2580 26
2580 25
2580 27
2580 25
2580 26
2580 25
2580 25
2580 25
2580 25
2580 26
2580 25
2580 26
2580 26
2580 25
2580 25
2580 25
2580 25
2580 25
2580 26
2580 25
2580 25
2580 25
2580 25
2580 26
2580 26
2580 26
2580 25
2580 26
2580 27
2580 25
2580 25
2580 25
2580 26
2580 25
2580 25
2580 25
2580 25
2580 26
2580 25
2580 26
2580 25
2580 25
2580 25
2580 25
2580 26
2580 26
2580 25
2580 25
2580 27
2580 27
2580 25
2580 26
2580 27
2580 25
2580 26
2580 25
2580 25
2580 25
2580 25
2580 27
2580 26
2580 25
2580 25
2580 25
2580 26
2580 27
2580 25
2580 27
2580 25
2580 25
2580 26
2580 25
2580 25
2580 25
2580 26
2580 26
2580 25
2580 25
2580 26
2580 25
2580 25
2580 25
2580 26
2580 25
2580 25
2585 24
2585 24
2585 24
2585 24
2585 24
2585 24
2585 24
2585 24
2585 24
2585 24
2585 24
2585 24
2585 24
2585 24
2585 24
2585 24
2585 24
2585 24
2585 24
2585 24
2585 24
2585 24
2585 24
2585 24
2585 24
2585 24
2585 24
2585 24
2585 24
2585 24
2585 24
2585 24
2585 24
2585 24
2585 24
2585 24
2585 24
2585 24
2585 24
2585 24
2585 24
2585 24
2585 24
2585 24
2585 24
2585 24
2585 24
2585 24
2585 24
2585 24
2585 24
2585 24
2585 24
2585 23
2585 24
2585 24
2585 24
2585 24
2585 24
2585 24
2585 24
2585 24
2585 24
2585 24
2585 24
2585 24
2585 24
2585 24
2585 24
2585 24
2585 24
2585 24
2585 24
2585 24
2585 24
2585 24
2585 24
2585 24
2585 24
2585 24
2585 24
2585 24
2585 24
2585 24
2585 24
2585 24
2585 24
2585 24
2585 24
2585 24
2585 24
2585 24
2585 24
2585 24
2585 24
2585 24
2585 24
2585 24
2585 24
2585 24
2590 21
2590 22
2590 22
2590 22
2590 22
2590 22
2590 21
2590 22
2590 22
2590 22
2590 22
2590 22
2590 22
2590 22
2590 22
2590 22
2590 22
2590 22
2590 22
2590 22
2590 22
2590 22
2590 22
2590 23
2590 22
2590 22
2590 22
2590 22
2590 22
2590 22
2590 22
2590 22
2590 22
2590 22
2590 22
2590 22
2590 22
2590 22
2590 22
2590 22
2590 22
2590 22
2590 23
2590 22
2590 23
2590 22
2590 22
2590 22
2590 22
2590 23
2590 22
2590 22
2590 22
2590 22
2590 22
2590 24
2590 21
2590 22
2590 22
2590 22
2590 22
2590 22
2590 22
2590 22
2590 23
2590 22
2590 22
2590 22
2590 23
2590 23
2590 22
2590 22
2590 22
2590 22
2590 22
2590 22
2590 22
2590 22
2590 22
2590 22
2590 22
2590 22
2590 22
2590 23
2590 22
2590 22
2590 22
2590 22
2590 22
2590 22
2590 22
2590 22
2590 22
2590 22
2590 22
2590 22
2590 22
2590 22
2590 22
2590 22
2595 19
2595 19
2595 20
2595 19
2595 20
2595 20
2595 20
2595 19
2595 19
2595 19
2595 20
2595 20
2595 21
2595 20
2595 19
2595 19
2595 19
2595 20
2595 20
2595 19
2595 20
2595 21
2595 20
2595 20
2595 19
2595 20
2595 21
2595 19
2595 19
2595 20
2595 19
2595 20
2595 19
2595 20
2595 21
2595 21
2595 19
2595 19
2595 20
2595 20
2595 19
2595 20
2595 20
2595 19
2595 20
2595 20
2595 20
2595 20
2595 21
2595 20
2595 19
2595 19
2595 20
2595 20
2595 20
2595 19
2595 20
2595 20
2595 20
2595 20
2595 19
2595 21
2595 20
2595 20
2595 20
2595 21
2595 20
2595 21
2595 19
2595 20
2595 20
2595 19
2595 20
2595 21
2595 21
2595 20
2595 21
2595 20
2595 20
2595 19
2595 20
2595 20
2595 20
2595 20
2595 20
2595 19
2595 21
2595 20
2595 20
2595 19
2595 20
2595 20
2595 19
2595 19
2595 20
2595 19
2595 19
2595 20
2595 19
2595 20
2600 17
2600 17
2600 17
2600 17
2600 17
2600 17
2600 17
2600 17
2600 17
2600 17
2600 17
2600 17
2600 17
2600 17
2600 17
2600 17
2600 18
2600 17
2600 17
2600 17
2600 17
2600 18
2600 17
2600 17
2600 17
2600 17
2600 17
2600 17
2600 17
2600 17
2600 17
2600 17
2600 17
2600 17
2600 17
2600 17
2600 17
2600 17
2600 17
2600 17
2600 17
2600 17
2600 17
2600 17
2600 17
2600 17
2600 17
2600 17
2600 18
2600 18
2600 18
2600 18
2600 17
2600 17
2600 17
2600 17
2600 17
2600 17
2600 17
2600 17
2600 18
2600 17
2600 17
2600 17
2600 17
2600 18
2600 17
2600 17
2600 18
2600 17
2600 17
2600 17
2600 17
2600 17
2600 18
2600 17
2600 18
2600 17
2600 17
2600 17
2600 18
2600 18
2600 18
2600 17
2600 17
2600 17
2600 17
2600 17
2600 17
2600 17
2600 17
2600 17
2600 17
2600 17
2600 17
2600 17
2600 18
2600 17
2600 18
2600 17
2605 16
2605 16
2605 15
2605 15
2605 16
2605 16
2605 16
2605 15
2605 15
2605 15
2605 16
2605 16
2605 15
2605 16
2605 16
2605 16
2605 16
2605 16
2605 16
2605 16
2605 16
2605 16
2605 16
2605 16
2605 15
2605 16
2605 15
2605 16
2605 15
2605 16
2605 15
2605 16
2605 15
2605 16
2605 15
2605 16
2605 16
2605 16
2605 15
2605 16
2605 16
2605 16
2605 15
2605 16
2605 15
2605 15
2605 15
2605 15
2605 15
2605 15
2605 16
2605 16
2605 15
2605 16
2605 16
2605 15
2605 16
2605 16
2605 16
2605 16
2605 16
2605 15
2605 15
2605 16
2605 16
2605 15
2605 16
2605 15
2605 15
2605 15
2605 16
2605 15
2605 16
2605 16
2605 16
2605 14
2605 16
2605 16
2605 15
2605 15
2605 16
2605 16
2605 16
2605 16
2605 16
2605 16
2605 16
2605 15
2605 16
2605 16
2605 16
2605 16
2605 16
2605 15
2605 15
2605 16
2605 16
2605 16
2610 13
2610 13
2610 13
2610 14
2610 13
2610 13
2610 14
2610 14
2610 13
2610 14
2610 13
2610 13
2610 14
2610 13
2610 13
2610 14
2610 13
2610 13
2610 13
2610 13
2610 13
2610 13
2610 13
2610 14
2610 13
2610 13
2610 14
2610 13
2610 13
2610 13
2610 13
2610 13
2610 14
2610 13
2610 13
2610 14
2610 13
2610 14
2610 13
2610 14
2610 14
2610 14
2610 14
2610 14
2610 13
2610 13
2610 14
2610 14
2610 14
2610 13
2610 13
2610 13
2610 13
2610 13
2610 14
2610 14
2610 13
2610 13
2610 14
2610 13
2610 13
2610 13
2610 13
2610 13
2610 13
2610 14
2610 13
2610 13
2610 13
2610 14
2610 13
2610 13
2610 13
2610 13
2610 13
2610 13
2610 13
2610 14
2610 13
2610 13
2610 14
2610 13
2610 13
2610 13
2610 14
2610 13
2610 13
2610 13
2610 13
2610 13
2610 13
2610 14
2610 13
2610 13
2610 13
2610 13
2610 13
2610 13
2610 14
2610 13
2615 11
2615 11
2615 11
2615 12
2615 11
2615 11
2615 11
2615 11
2615 11
2615 11
2615 11
2615 11
2615 11
2615 11
2615 11
2615 11
2615 11
2615 11
2615 11
2615 11
2615 11
2615 11
2615 11
2615 11
2615 11
2615 11
2615 11
2615 11
2615 11
2615 11
2615 11
2615 11
2615 11
2615 11
2615 11
2615 11
2615 11
2615 11
2615 11
2615 12
2615 11
2615 11
2615 11
2615 11
2615 11
2615 11
2615 12
2615 11
2615 11
2615 11
2615 11
2615 11
2615 11
2615 11
2615 11
2615 11
2615 11
2615 11
2615 11
2615 11
2615 12
2615 11
2615 11
2615 11
2615 12
2615 12
2615 11
2615 11
2615 11
2615 11
2615 11
2615 11
2615 11
2615 11
2615 12
2615 11
2615 11
2615 12
2615 11
2615 11
2615 11
2615 11
2615 12
2615 11
2615 11
2615 11
2615 11
2615 11
2615 12
2615 12
2615 11
2615 11
2615 11
2615 13
2615 11
2615 12
2615 11
2615 11
2615 11
2615 12
2620 8
2620 9
2620 8
2620 8
2620 8
2620 9
2620 8
2620 9
2620 8
2620 9
2620 8
2620 9
2620 9
2620 9
2620 8
2620 8
2620 9
2620 9
2620 8
2620 9
2620 9
2620 9
2620 8
2620 8
2620 9
2620 9
2620 9
2620 8
2620 9
2620 9
2620 9
2620 8
2620 9
2620 8
2620 8
2620 9
2620 9
2620 9
2620 8
2620 9
2620 8
2620 8
2620 8
2620 9
2620 8
2620 8
2620 8
2620 9
2620 9
2620 9
2620 8
2620 9
2620 8
2620 9
2620 9
2620 9
2620 9
2620 9
2620 9
2620 9
2620 9
2620 8
2620 8
2620 9
2620 8
2620 8
2620 8
2620 9
2620 8
2620 8
2620 8
2620 9
2620 9
2620 9
2620 8
2620 9
2620 8
2620 9
2620 8
2620 8
2620 9
2620 9
2620 8
2620 9
2620 9
2620 8
2620 9
2620 9
2620 9
2620 9
2620 8
2620 8
2620 8
2620 8
2620 8
2620 9
2620 8
2620 9
2620 9
2620 9
2625 6
2625 7
2625 5
2625 6
2625 6
2625 7
2625 5
2625 6
2625 6
2625 6
2625 6
2625 6
2625 6
2625 5
2625 6
2625 7
2625 6
2625 6
2625 6
2625 7
2625 7
2625 5
2625 6
2625 7
2625 5
2625 6
2625 6
2625 5
2625 6
2625 6
2625 7
2625 6
2625 7
2625 6
2625 6
2625 7
2625 6
2625 6
2625 7
2625 6
2625 6
2625 6
2625 7
2625 6
2625 6
2625 6
2625 5
2625 7
2625 6
2625 6
2625 7
2625 7
2625 6
2625 7
2625 6
2625 6
2625 6
2625 5
2625 6
2625 6
2625 6
2625 7
2625 6
2625 6
2625 6
2625 5
2625 7
2625 6
2625 6
2625 7
2625 6
2625 6
2625 6
2625 6
2625 6
2625 7
2625 6
2625 6
2625 7
2625 6
2625 6
2625 6
2625 6
2625 6
2625 6
2625 6
2625 6
2625 6
2625 6
2625 6
2625 7
2625 7
2625 7
2625 6
2625 7
2625 6
2625 7
2625 6
2625 6
2625 6
2630 4
2630 4
2630 5
2630 5
2630 3
2630 4
2630 4
2630 4
2630 4
2630 4
2630 4
2630 4
2630 4
2630 4
2630 4
2630 4
2630 5
2630 3
2630 3
2630 4
2630 4
2630 4
2630 4
2630 4
2630 4
2630 4
2630 3
2630 5
2630 3
2630 5
2630 4
2630 4
2630 4
2630 5
2630 4
2630 4
2630 4
2630 4
2630 4
2630 4
2630 4
2630 4
2630 4
2630 4
2630 4
2630 4
2630 4
2630 4
2630 3
2630 4
2630 4
2630 4
2630 4
2630 4
2630 4
2630 4
2630 4
2630 4
2630 4
2630 4
2630 3
2630 4
2630 4
2630 5
2630 4
2630 4
2630 4
2630 4
2630 5
2630 4
2630 4
2630 4
2630 4
2630 4
2630 4
2630 3
2630 5
2630 3
2630 4
2630 4
2630 4
2630 4
2630 4
2630 5
2630 4
2630 4
2630 4
2630 4
2630 4
2630 5
2630 4
2630 4
2630 4
2630 4
2630 4
2630 5
2630 4
2630 4
2630 4
2630 4
2635 4
