TOA measurement vs Delay ---- Mon Jun 15 00:41:53 2020
Pixel = 4
config file = config/asic_config_B4.yml
NofIterations = 100
LSBest = 22.84475409011835
mean value = [  0.           0.           0.           0.           0.
   0.           0.           0.           0.           0.
   0.           0.           0.           0.           0.
   0.           0.           0.           0.           0.
   0.           0.           0.         125.87272727 123.94949495
 121.74489796 120.02       117.9        115.39       113.26262626
 111.58       109.35353535 106.37       104.91       103.
 101.25        98.37        95.75        94.33333333  92.95
  90.2         88.16        86.26        84.23232323  81.52
  79.67        77.86        75.44        73.45454545  71.06
  69.12        66.95        63.95        62.46        60.95959596
  59.15        56.21212121  54.56        52.81        50.99
  48.3         46.41        44.06        42.25        39.75
  37.94        35.85858586  33.45454545  30.97        29.52525253
  27.83        25.58        23.60606061  21.70707071  19.92929293
  17.68        14.96969697  12.63636364  10.38         8.91919192
   6.17         3.6746988    0.           0.           0.
   0.           0.           0.           0.           0.
   0.           0.           0.           0.           0.
   0.           0.           0.           0.           0.        ]
sigma = [0.         0.         0.         0.         0.         0.
 0.         0.         0.         0.         0.         0.
 0.         0.         0.         0.         0.         0.
 0.         0.         0.         0.         0.         0.48038667
 0.85868983 1.05360952 0.8384112  1.00664459 0.9493331  0.83739445
 0.81665986 1.25881242 0.66063101 1.03210142 1.09696551 1.30798828
 0.92543683 0.81904416 0.80559909 0.92240627 1.13284303 0.82324561
 0.9673331  0.9095818  0.86771731 0.89690208 1.0879951  1.12682445
 0.82140219 0.84837099 1.28410799 1.00540208 0.93318451 0.72920048
 0.94328238 1.01529963 0.83360877 0.93259495 0.85862293 0.96604003
 0.91287093 1.07945974 1.18310326 0.62516664 1.13614846 1.16607604
 1.28813624 1.15817452 0.76969691 0.8344651  0.8151278  1.0231976
 0.87551638 0.99876212 0.8572628  1.08670757 0.89419616 1.34524637
 0.6472506  1.10829533 0.951017   1.11470745 0.         0.
 0.         0.         0.         0.         0.         0.
 0.         0.         0.         0.         0.         0.
 0.         0.         0.         0.        ]
Pulse delay   TOA 
2255 24
2260 22
2265 20
2270 19
2275 15
2280 13
2285 11
2315 126
2315 126
2315 126
2315 126
2315 126
2315 126
2315 125
2315 126
2315 126
2315 126
2315 126
2315 126
2315 126
2315 126
2315 126
2315 126
2315 126
2315 126
2315 125
2315 126
2315 126
2315 126
2315 126
2315 126
2315 126
2315 125
2315 126
2315 126
2315 126
2315 126
2315 126
2315 126
2315 126
2315 126
2315 126
2315 126
2315 126
2315 126
2315 126
2315 126
2315 126
2315 126
2315 126
2315 126
2315 126
2315 125
2315 126
2315 124
2315 126
2315 126
2315 126
2315 126
2315 126
2315 126
2315 125
2320 123
2320 124
2320 124
2320 125
2320 124
2320 124
2320 124
2320 124
2320 124
2320 125
2320 125
2320 124
2320 124
2320 124
2320 124
2320 122
2320 124
2320 124
2320 124
2320 122
2320 124
2320 125
2320 124
2320 124
2320 125
2320 124
2320 124
2320 124
2320 123
2320 124
2320 126
2320 124
2320 123
2320 123
2320 125
2320 124
2320 122
2320 124
2320 125
2320 125
2320 124
2320 124
2320 124
2320 124
2320 124
2320 125
2320 123
2320 122
2320 124
2320 125
2320 122
2320 124
2320 124
2320 124
2320 123
2320 124
2320 124
2320 124
2320 124
2320 123
2320 124
2320 124
2320 124
2320 124
2320 122
2320 124
2320 124
2320 124
2320 123
2320 124
2320 124
2320 126
2320 124
2320 124
2320 124
2320 125
2320 124
2320 125
2320 122
2320 124
2320 124
2320 124
2320 124
2320 124
2320 124
2320 124
2320 124
2320 124
2320 124
2320 124
2320 124
2320 124
2320 123
2320 123
2320 125
2320 123
2320 124
2320 125
2320 126
2325 122
2325 123
2325 122
2325 121
2325 120
2325 122
2325 120
2325 121
2325 120
2325 122
2325 121
2325 122
2325 124
2325 121
2325 122
2325 123
2325 122
2325 121
2325 122
2325 122
2325 120
2325 121
2325 124
2325 121
2325 121
2325 122
2325 121
2325 121
2325 123
2325 123
2325 124
2325 121
2325 123
2325 120
2325 122
2325 122
2325 123
2325 121
2325 120
2325 122
2325 122
2325 122
2325 122
2325 122
2325 121
2325 123
2325 121
2325 122
2325 121
2325 122
2325 123
2325 121
2325 122
2325 122
2325 122
2325 122
2325 122
2325 123
2325 121
2325 122
2325 121
2325 122
2325 124
2325 122
2325 122
2325 122
2325 122
2325 120
2325 120
2325 122
2325 121
2325 121
2325 122
2325 121
2325 122
2325 120
2325 122
2325 121
2325 124
2325 122
2325 121
2325 123
2325 122
2325 123
2325 120
2325 122
2325 122
2325 121
2325 123
2325 121
2325 122
2325 123
2325 122
2325 120
2325 120
2325 122
2325 122
2325 123
2330 118
2330 119
2330 120
2330 119
2330 121
2330 120
2330 122
2330 120
2330 121
2330 121
2330 120
2330 120
2330 120
2330 118
2330 119
2330 120
2330 120
2330 120
2330 120
2330 120
2330 121
2330 120
2330 120
2330 120
2330 122
2330 120
2330 120
2330 120
2330 122
2330 120
2330 120
2330 120
2330 119
2330 120
2330 119
2330 120
2330 120
2330 120
2330 120
2330 121
2330 121
2330 121
2330 121
2330 119
2330 119
2330 119
2330 119
2330 120
2330 121
2330 119
2330 120
2330 120
2330 120
2330 120
2330 120
2330 120
2330 120
2330 119
2330 120
2330 121
2330 120
2330 120
2330 121
2330 120
2330 120
2330 120
2330 120
2330 120
2330 120
2330 122
2330 119
2330 120
2330 120
2330 120
2330 120
2330 119
2330 119
2330 120
2330 119
2330 120
2330 120
2330 121
2330 120
2330 119
2330 121
2330 119
2330 118
2330 120
2330 120
2330 120
2330 120
2330 120
2330 121
2330 120
2330 120
2330 121
2330 120
2330 120
2330 121
2330 121
2335 118
2335 118
2335 117
2335 118
2335 119
2335 117
2335 117
2335 118
2335 119
2335 119
2335 118
2335 120
2335 118
2335 117
2335 117
2335 119
2335 116
2335 118
2335 119
2335 118
2335 117
2335 119
2335 118
2335 118
2335 120
2335 118
2335 119
2335 116
2335 118
2335 119
2335 118
2335 118
2335 117
2335 118
2335 117
2335 120
2335 118
2335 117
2335 118
2335 118
2335 118
2335 118
2335 119
2335 118
2335 116
2335 119
2335 116
2335 118
2335 119
2335 116
2335 118
2335 117
2335 118
2335 117
2335 117
2335 119
2335 118
2335 118
2335 117
2335 116
2335 119
2335 119
2335 120
2335 117
2335 117
2335 118
2335 118
2335 118
2335 119
2335 119
2335 118
2335 117
2335 118
2335 119
2335 117
2335 118
2335 118
2335 117
2335 116
2335 117
2335 118
2335 117
2335 118
2335 118
2335 117
2335 118
2335 117
2335 119
2335 118
2335 116
2335 117
2335 118
2335 118
2335 119
2335 119
2335 118
2335 117
2335 119
2335 118
2335 119
2340 116
2340 114
2340 116
2340 115
2340 115
2340 114
2340 116
2340 116
2340 116
2340 116
2340 116
2340 116
2340 117
2340 116
2340 114
2340 116
2340 114
2340 116
2340 116
2340 115
2340 116
2340 115
2340 116
2340 114
2340 113
2340 116
2340 116
2340 115
2340 115
2340 114
2340 116
2340 114
2340 114
2340 115
2340 115
2340 115
2340 116
2340 115
2340 114
2340 117
2340 116
2340 116
2340 116
2340 115
2340 116
2340 116
2340 116
2340 115
2340 116
2340 116
2340 115
2340 116
2340 117
2340 116
2340 116
2340 115
2340 116
2340 116
2340 115
2340 114
2340 114
2340 116
2340 114
2340 116
2340 116
2340 116
2340 116
2340 116
2340 115
2340 117
2340 116
2340 116
2340 116
2340 114
2340 116
2340 116
2340 116
2340 116
2340 115
2340 114
2340 116
2340 116
2340 114
2340 115
2340 116
2340 116
2340 114
2340 114
2340 116
2340 116
2340 113
2340 114
2340 116
2340 115
2340 114
2340 115
2340 116
2340 116
2340 115
2340 116
2345 113
2345 113
2345 113
2345 113
2345 113
2345 115
2345 113
2345 114
2345 113
2345 114
2345 112
2345 113
2345 113
2345 115
2345 113
2345 113
2345 113
2345 112
2345 113
2345 114
2345 113
2345 112
2345 114
2345 113
2345 115
2345 113
2345 113
2345 114
2345 113
2345 113
2345 114
2345 113
2345 114
2345 112
2345 113
2345 112
2345 114
2345 113
2345 112
2345 113
2345 115
2345 112
2345 114
2345 112
2345 113
2345 114
2345 114
2345 115
2345 113
2345 113
2345 114
2345 113
2345 114
2345 113
2345 114
2345 113
2345 113
2345 112
2345 113
2345 113
2345 113
2345 114
2345 113
2345 114
2345 112
2345 114
2345 114
2345 116
2345 113
2345 113
2345 113
2345 113
2345 113
2345 112
2345 114
2345 113
2345 112
2345 113
2345 113
2345 114
2345 113
2345 113
2345 113
2345 113
2345 113
2345 114
2345 114
2345 114
2345 113
2345 114
2345 113
2345 114
2345 112
2345 113
2345 114
2345 113
2345 113
2345 113
2345 113
2350 112
2350 112
2350 112
2350 113
2350 112
2350 110
2350 111
2350 111
2350 111
2350 112
2350 112
2350 111
2350 112
2350 113
2350 112
2350 110
2350 111
2350 110
2350 112
2350 111
2350 111
2350 110
2350 111
2350 110
2350 112
2350 112
2350 112
2350 112
2350 112
2350 113
2350 112
2350 112
2350 112
2350 112
2350 112
2350 112
2350 112
2350 112
2350 111
2350 111
2350 112
2350 111
2350 113
2350 112
2350 110
2350 111
2350 111
2350 113
2350 111
2350 111
2350 112
2350 112
2350 111
2350 112
2350 113
2350 112
2350 112
2350 112
2350 112
2350 112
2350 111
2350 112
2350 111
2350 111
2350 113
2350 111
2350 111
2350 111
2350 112
2350 112
2350 111
2350 111
2350 111
2350 112
2350 113
2350 111
2350 111
2350 112
2350 112
2350 111
2350 111
2350 111
2350 112
2350 111
2350 111
2350 112
2350 111
2350 113
2350 111
2350 111
2350 111
2350 111
2350 111
2350 111
2350 112
2350 113
2350 111
2350 113
2350 112
2350 111
2355 110
2355 108
2355 111
2355 107
2355 108
2355 110
2355 110
2355 110
2355 110
2355 109
2355 109
2355 110
2355 108
2355 110
2355 110
2355 111
2355 109
2355 111
2355 109
2355 109
2355 110
2355 109
2355 110
2355 111
2355 109
2355 110
2355 111
2355 110
2355 111
2355 110
2355 110
2355 109
2355 111
2355 111
2355 110
2355 107
2355 110
2355 109
2355 109
2355 107
2355 111
2355 110
2355 107
2355 109
2355 107
2355 109
2355 111
2355 107
2355 109
2355 109
2355 110
2355 107
2355 109
2355 110
2355 107
2355 109
2355 110
2355 107
2355 110
2355 110
2355 110
2355 111
2355 109
2355 107
2355 110
2355 110
2355 109
2355 109
2355 109
2355 109
2355 109
2355 110
2355 110
2355 109
2355 108
2355 109
2355 110
2355 111
2355 110
2355 110
2355 107
2355 110
2355 110
2355 107
2355 109
2355 111
2355 109
2355 109
2355 111
2355 107
2355 108
2355 107
2355 111
2355 109
2355 111
2355 110
2355 110
2355 110
2355 110
2360 107
2360 107
2360 107
2360 106
2360 107
2360 106
2360 106
2360 106
2360 107
2360 107
2360 107
2360 106
2360 106
2360 106
2360 107
2360 107
2360 106
2360 106
2360 106
2360 106
2360 107
2360 105
2360 107
2360 107
2360 105
2360 106
2360 106
2360 106
2360 106
2360 106
2360 106
2360 107
2360 106
2360 106
2360 106
2360 107
2360 107
2360 106
2360 106
2360 106
2360 105
2360 107
2360 107
2360 106
2360 106
2360 107
2360 107
2360 107
2360 107
2360 106
2360 106
2360 107
2360 106
2360 107
2360 107
2360 106
2360 107
2360 106
2360 106
2360 107
2360 107
2360 106
2360 106
2360 107
2360 107
2360 107
2360 107
2360 106
2360 106
2360 106
2360 106
2360 107
2360 106
2360 106
2360 107
2360 106
2360 107
2360 107
2360 107
2360 106
2360 106
2360 107
2360 107
2360 107
2360 106
2360 106
2360 107
2360 106
2360 106
2360 106
2360 106
2360 105
2360 107
2360 106
2360 107
2360 105
2360 106
2360 107
2360 105
2360 106
2365 105
2365 106
2365 106
2365 105
2365 105
2365 105
2365 105
2365 105
2365 106
2365 105
2365 106
2365 106
2365 106
2365 106
2365 105
2365 106
2365 105
2365 106
2365 105
2365 104
2365 103
2365 105
2365 105
2365 105
2365 106
2365 105
2365 105
2365 105
2365 106
2365 106
2365 105
2365 103
2365 105
2365 106
2365 104
2365 104
2365 104
2365 103
2365 105
2365 104
2365 105
2365 104
2365 105
2365 105
2365 105
2365 104
2365 105
2365 105
2365 103
2365 106
2365 103
2365 106
2365 106
2365 105
2365 103
2365 106
2365 106
2365 105
2365 106
2365 106
2365 105
2365 104
2365 103
2365 106
2365 103
2365 106
2365 106
2365 105
2365 106
2365 105
2365 103
2365 105
2365 104
2365 105
2365 106
2365 104
2365 106
2365 106
2365 106
2365 105
2365 105
2365 104
2365 105
2365 105
2365 103
2365 105
2365 106
2365 103
2365 105
2365 103
2365 106
2365 103
2365 106
2365 105
2365 104
2365 106
2365 104
2365 104
2365 104
2365 105
2370 103
2370 104
2370 103
2370 103
2370 103
2370 103
2370 103
2370 103
2370 103
2370 103
2370 102
2370 103
2370 103
2370 103
2370 101
2370 99
2370 103
2370 102
2370 105
2370 102
2370 103
2370 103
2370 103
2370 103
2370 103
2370 103
2370 103
2370 103
2370 102
2370 102
2370 103
2370 103
2370 106
2370 104
2370 103
2370 102
2370 101
2370 103
2370 103
2370 105
2370 103
2370 103
2370 103
2370 104
2370 103
2370 103
2370 103
2370 103
2370 103
2370 103
2370 103
2370 103
2370 102
2370 103
2370 101
2370 103
2370 102
2370 103
2370 103
2370 105
2370 103
2370 102
2370 102
2370 104
2370 103
2370 103
2370 103
2370 103
2370 103
2370 103
2370 101
2370 102
2370 103
2370 102
2370 103
2370 106
2370 103
2370 105
2370 106
2370 103
2370 103
2370 103
2370 103
2370 102
2370 103
2370 103
2370 103
2370 105
2370 102
2370 103
2370 102
2370 103
2370 105
2370 102
2370 103
2370 105
2370 102
2370 105
2370 103
2370 103
2375 101
2375 102
2375 101
2375 101
2375 102
2375 99
2375 101
2375 103
2375 101
2375 102
2375 101
2375 103
2375 101
2375 101
2375 103
2375 99
2375 102
2375 102
2375 99
2375 102
2375 101
2375 103
2375 101
2375 103
2375 101
2375 103
2375 102
2375 101
2375 102
2375 102
2375 103
2375 101
2375 101
2375 101
2375 102
2375 103
2375 101
2375 101
2375 103
2375 103
2375 99
2375 99
2375 102
2375 103
2375 102
2375 103
2375 101
2375 101
2375 99
2375 102
2375 102
2375 99
2375 101
2375 101
2375 101
2375 101
2375 102
2375 102
2375 101
2375 99
2375 101
2375 99
2375 102
2375 99
2375 101
2375 102
2375 102
2375 99
2375 102
2375 102
2375 99
2375 102
2375 102
2375 99
2375 101
2375 101
2375 102
2375 101
2375 102
2375 99
2375 102
2375 102
2375 102
2375 102
2375 99
2375 99
2375 101
2375 103
2375 101
2375 101
2375 99
2375 102
2375 99
2375 103
2375 102
2375 102
2375 101
2375 99
2375 103
2375 102
2380 96
2380 99
2380 98
2380 98
2380 99
2380 97
2380 96
2380 99
2380 99
2380 98
2380 98
2380 98
2380 99
2380 98
2380 99
2380 98
2380 98
2380 99
2380 99
2380 99
2380 98
2380 99
2380 99
2380 99
2380 99
2380 98
2380 98
2380 98
2380 98
2380 98
2380 98
2380 99
2380 98
2380 97
2380 99
2380 98
2380 97
2380 99
2380 101
2380 99
2380 97
2380 99
2380 99
2380 99
2380 98
2380 99
2380 99
2380 98
2380 99
2380 99
2380 99
2380 99
2380 99
2380 97
2380 98
2380 98
2380 98
2380 97
2380 98
2380 99
2380 99
2380 97
2380 97
2380 99
2380 99
2380 98
2380 99
2380 97
2380 99
2380 98
2380 98
2380 99
2380 98
2380 99
2380 98
2380 99
2380 96
2380 98
2380 98
2380 98
2380 101
2380 98
2380 97
2380 99
2380 98
2380 99
2380 99
2380 99
2380 99
2380 98
2380 97
2380 99
2380 97
2380 99
2380 99
2380 99
2380 99
2380 99
2380 99
2380 99
2385 95
2385 95
2385 95
2385 97
2385 95
2385 95
2385 96
2385 96
2385 96
2385 96
2385 95
2385 98
2385 95
2385 96
2385 95
2385 95
2385 96
2385 97
2385 96
2385 97
2385 96
2385 96
2385 96
2385 95
2385 95
2385 95
2385 96
2385 96
2385 96
2385 96
2385 95
2385 97
2385 97
2385 95
2385 95
2385 96
2385 95
2385 96
2385 96
2385 95
2385 97
2385 96
2385 95
2385 96
2385 96
2385 96
2385 96
2385 97
2385 96
2385 95
2385 96
2385 97
2385 97
2385 96
2385 97
2385 96
2385 95
2385 95
2385 96
2385 96
2385 94
2385 95
2385 96
2385 95
2385 95
2385 95
2385 98
2385 96
2385 97
2385 95
2385 96
2385 96
2385 96
2385 95
2385 95
2385 96
2385 96
2385 96
2385 96
2385 96
2385 96
2385 96
2385 96
2385 95
2385 95
2385 95
2385 95
2385 96
2385 96
2385 96
2385 95
2385 96
2385 95
2385 97
2385 95
2385 95
2385 94
2385 95
2385 96
2385 96
2390 95
2390 95
2390 94
2390 95
2390 93
2390 94
2390 94
2390 94
2390 95
2390 95
2390 94
2390 94
2390 94
2390 93
2390 94
2390 94
2390 94
2390 94
2390 94
2390 94
2390 94
2390 95
2390 95
2390 95
2390 95
2390 94
2390 94
2390 95
2390 92
2390 95
2390 95
2390 94
2390 94
2390 94
2390 95
2390 94
2390 95
2390 95
2390 96
2390 92
2390 94
2390 94
2390 94
2390 94
2390 95
2390 94
2390 95
2390 94
2390 94
2390 94
2390 95
2390 95
2390 95
2390 94
2390 95
2390 95
2390 95
2390 94
2390 94
2390 94
2390 95
2390 94
2390 94
2390 94
2390 95
2390 94
2390 92
2390 95
2390 94
2390 94
2390 94
2390 94
2390 92
2390 95
2390 94
2390 95
2390 95
2390 94
2390 95
2390 95
2390 95
2390 95
2390 93
2390 95
2390 94
2390 95
2390 94
2390 95
2390 94
2390 94
2390 94
2390 94
2390 95
2390 94
2390 94
2390 96
2390 95
2390 95
2390 95
2395 94
2395 94
2395 93
2395 92
2395 93
2395 93
2395 93
2395 92
2395 94
2395 92
2395 92
2395 93
2395 92
2395 94
2395 92
2395 94
2395 92
2395 93
2395 93
2395 92
2395 93
2395 92
2395 93
2395 92
2395 94
2395 93
2395 92
2395 93
2395 94
2395 93
2395 93
2395 94
2395 92
2395 92
2395 94
2395 94
2395 94
2395 92
2395 93
2395 94
2395 92
2395 91
2395 92
2395 93
2395 94
2395 92
2395 92
2395 93
2395 92
2395 91
2395 93
2395 93
2395 95
2395 92
2395 92
2395 94
2395 94
2395 92
2395 93
2395 92
2395 92
2395 94
2395 94
2395 92
2395 94
2395 93
2395 93
2395 94
2395 93
2395 92
2395 93
2395 92
2395 92
2395 92
2395 93
2395 94
2395 94
2395 93
2395 93
2395 94
2395 93
2395 94
2395 94
2395 94
2395 94
2395 93
2395 93
2395 92
2395 94
2395 92
2395 94
2395 93
2395 93
2395 93
2395 92
2395 94
2395 92
2395 92
2395 94
2395 94
2400 89
2400 90
2400 89
2400 90
2400 89
2400 92
2400 90
2400 90
2400 91
2400 90
2400 89
2400 89
2400 89
2400 92
2400 90
2400 88
2400 91
2400 90
2400 92
2400 91
2400 88
2400 89
2400 92
2400 91
2400 91
2400 90
2400 90
2400 90
2400 88
2400 91
2400 90
2400 92
2400 91
2400 90
2400 91
2400 90
2400 92
2400 89
2400 89
2400 91
2400 88
2400 89
2400 89
2400 89
2400 91
2400 90
2400 90
2400 91
2400 92
2400 89
2400 91
2400 92
2400 89
2400 91
2400 90
2400 89
2400 90
2400 89
2400 91
2400 92
2400 91
2400 90
2400 91
2400 89
2400 89
2400 90
2400 90
2400 91
2400 91
2400 89
2400 91
2400 90
2400 90
2400 90
2400 92
2400 91
2400 88
2400 91
2400 90
2400 90
2400 89
2400 91
2400 90
2400 91
2400 91
2400 90
2400 92
2400 89
2400 89
2400 90
2400 91
2400 90
2400 92
2400 91
2400 90
2400 89
2400 89
2400 91
2400 92
2400 91
2405 88
2405 87
2405 89
2405 88
2405 89
2405 87
2405 88
2405 88
2405 88
2405 86
2405 88
2405 89
2405 88
2405 88
2405 88
2405 87
2405 88
2405 87
2405 88
2405 89
2405 88
2405 89
2405 88
2405 89
2405 88
2405 88
2405 88
2405 89
2405 88
2405 88
2405 88
2405 89
2405 89
2405 88
2405 88
2405 89
2405 88
2405 89
2405 90
2405 88
2405 88
2405 88
2405 88
2405 88
2405 86
2405 88
2405 88
2405 88
2405 87
2405 87
2405 87
2405 88
2405 89
2405 88
2405 88
2405 87
2405 89
2405 88
2405 89
2405 88
2405 88
2405 88
2405 87
2405 88
2405 91
2405 88
2405 87
2405 89
2405 88
2405 88
2405 88
2405 89
2405 88
2405 88
2405 89
2405 89
2405 89
2405 88
2405 89
2405 88
2405 89
2405 88
2405 89
2405 88
2405 90
2405 88
2405 87
2405 88
2405 88
2405 88
2405 87
2405 88
2405 89
2405 89
2405 89
2405 88
2405 88
2405 88
2405 88
2405 88
2410 87
2410 86
2410 85
2410 85
2410 86
2410 86
2410 87
2410 89
2410 86
2410 86
2410 85
2410 87
2410 86
2410 85
2410 87
2410 86
2410 86
2410 85
2410 87
2410 86
2410 86
2410 86
2410 86
2410 85
2410 87
2410 86
2410 87
2410 86
2410 86
2410 87
2410 87
2410 86
2410 86
2410 86
2410 86
2410 85
2410 88
2410 86
2410 87
2410 85
2410 88
2410 86
2410 86
2410 88
2410 86
2410 88
2410 87
2410 86
2410 88
2410 86
2410 87
2410 84
2410 85
2410 86
2410 85
2410 85
2410 88
2410 85
2410 87
2410 87
2410 86
2410 87
2410 87
2410 87
2410 85
2410 85
2410 85
2410 87
2410 87
2410 86
2410 86
2410 85
2410 87
2410 88
2410 86
2410 86
2410 86
2410 86
2410 86
2410 86
2410 86
2410 85
2410 86
2410 85
2410 86
2410 86
2410 85
2410 87
2410 87
2410 87
2410 86
2410 87
2410 87
2410 87
2410 86
2410 86
2410 87
2410 88
2410 86
2410 87
2415 83
2415 85
2415 85
2415 85
2415 84
2415 85
2415 83
2415 84
2415 84
2415 83
2415 85
2415 84
2415 85
2415 84
2415 82
2415 84
2415 84
2415 84
2415 82
2415 83
2415 84
2415 86
2415 84
2415 84
2415 84
2415 84
2415 85
2415 85
2415 85
2415 84
2415 82
2415 84
2415 83
2415 84
2415 84
2415 84
2415 84
2415 85
2415 84
2415 84
2415 85
2415 84
2415 84
2415 83
2415 85
2415 84
2415 84
2415 84
2415 85
2415 86
2415 83
2415 85
2415 84
2415 84
2415 85
2415 84
2415 84
2415 85
2415 84
2415 86
2415 84
2415 85
2415 85
2415 86
2415 84
2415 83
2415 84
2415 84
2415 86
2415 84
2415 85
2415 84
2415 85
2415 84
2415 85
2415 82
2415 84
2415 84
2415 84
2415 83
2415 85
2415 84
2415 86
2415 85
2415 84
2415 85
2415 85
2415 84
2415 84
2415 85
2415 84
2415 85
2415 84
2415 84
2415 84
2415 84
2415 83
2415 85
2415 85
2420 81
2420 81
2420 81
2420 82
2420 82
2420 82
2420 81
2420 82
2420 81
2420 82
2420 81
2420 82
2420 82
2420 81
2420 81
2420 83
2420 82
2420 81
2420 82
2420 81
2420 81
2420 82
2420 80
2420 82
2420 80
2420 80
2420 82
2420 82
2420 82
2420 82
2420 81
2420 82
2420 81
2420 82
2420 82
2420 81
2420 81
2420 80
2420 82
2420 83
2420 80
2420 81
2420 81
2420 82
2420 81
2420 83
2420 81
2420 82
2420 81
2420 81
2420 83
2420 81
2420 82
2420 81
2420 82
2420 79
2420 82
2420 83
2420 81
2420 81
2420 82
2420 84
2420 81
2420 83
2420 82
2420 81
2420 81
2420 81
2420 81
2420 83
2420 82
2420 82
2420 82
2420 82
2420 81
2420 81
2420 81
2420 82
2420 81
2420 82
2420 81
2420 83
2420 81
2420 82
2420 80
2420 81
2420 81
2420 81
2420 82
2420 82
2420 83
2420 81
2420 81
2420 81
2420 82
2420 81
2420 81
2420 82
2420 82
2420 82
2425 81
2425 80
2425 79
2425 80
2425 79
2425 81
2425 79
2425 79
2425 80
2425 80
2425 79
2425 81
2425 79
2425 79
2425 79
2425 79
2425 79
2425 80
2425 78
2425 80
2425 81
2425 79
2425 80
2425 81
2425 80
2425 78
2425 79
2425 79
2425 80
2425 80
2425 81
2425 80
2425 80
2425 81
2425 81
2425 80
2425 79
2425 79
2425 80
2425 79
2425 80
2425 81
2425 79
2425 81
2425 79
2425 80
2425 79
2425 79
2425 79
2425 81
2425 79
2425 80
2425 79
2425 80
2425 79
2425 81
2425 79
2425 80
2425 80
2425 80
2425 80
2425 79
2425 80
2425 79
2425 79
2425 79
2425 81
2425 79
2425 81
2425 79
2425 79
2425 80
2425 80
2425 80
2425 78
2425 80
2425 81
2425 79
2425 80
2425 77
2425 80
2425 80
2425 81
2425 79
2425 80
2425 78
2425 80
2425 80
2425 80
2425 81
2425 79
2425 79
2425 80
2425 80
2425 80
2425 79
2425 80
2425 78
2425 80
2425 80
2430 78
2430 77
2430 78
2430 78
2430 79
2430 77
2430 77
2430 78
2430 79
2430 79
2430 78
2430 79
2430 79
2430 78
2430 79
2430 79
2430 78
2430 76
2430 79
2430 77
2430 78
2430 77
2430 79
2430 79
2430 78
2430 79
2430 79
2430 79
2430 79
2430 78
2430 76
2430 78
2430 77
2430 78
2430 77
2430 79
2430 78
2430 75
2430 78
2430 78
2430 78
2430 76
2430 79
2430 78
2430 77
2430 78
2430 77
2430 78
2430 77
2430 77
2430 78
2430 76
2430 78
2430 77
2430 78
2430 78
2430 79
2430 76
2430 78
2430 77
2430 77
2430 79
2430 77
2430 76
2430 77
2430 79
2430 78
2430 79
2430 79
2430 79
2430 78
2430 77
2430 78
2430 80
2430 79
2430 78
2430 77
2430 76
2430 79
2430 78
2430 78
2430 78
2430 78
2430 79
2430 78
2430 79
2430 78
2430 77
2430 79
2430 78
2430 79
2430 76
2430 77
2430 75
2430 78
2430 79
2430 78
2430 75
2430 78
2430 78
2435 75
2435 75
2435 75
2435 76
2435 74
2435 75
2435 75
2435 75
2435 77
2435 75
2435 76
2435 75
2435 77
2435 74
2435 75
2435 75
2435 74
2435 77
2435 75
2435 75
2435 77
2435 74
2435 78
2435 75
2435 75
2435 77
2435 75
2435 77
2435 77
2435 75
2435 75
2435 74
2435 77
2435 75
2435 77
2435 75
2435 75
2435 74
2435 74
2435 77
2435 75
2435 77
2435 78
2435 75
2435 75
2435 74
2435 74
2435 77
2435 75
2435 75
2435 74
2435 76
2435 75
2435 77
2435 74
2435 77
2435 75
2435 75
2435 75
2435 78
2435 75
2435 75
2435 75
2435 74
2435 74
2435 75
2435 75
2435 75
2435 76
2435 77
2435 75
2435 78
2435 75
2435 77
2435 75
2435 76
2435 75
2435 75
2435 75
2435 75
2435 76
2435 76
2435 76
2435 74
2435 77
2435 74
2435 75
2435 75
2435 75
2435 77
2435 74
2435 75
2435 75
2435 75
2435 76
2435 75
2435 75
2435 77
2435 76
2435 75
2440 73
2440 74
2440 74
2440 74
2440 74
2440 74
2440 73
2440 74
2440 74
2440 74
2440 73
2440 73
2440 74
2440 74
2440 73
2440 72
2440 74
2440 74
2440 74
2440 74
2440 74
2440 74
2440 74
2440 74
2440 74
2440 73
2440 74
2440 71
2440 72
2440 74
2440 74
2440 74
2440 74
2440 73
2440 73
2440 74
2440 74
2440 73
2440 72
2440 73
2440 73
2440 74
2440 73
2440 74
2440 73
2440 73
2440 74
2440 74
2440 73
2440 74
2440 74
2440 73
2440 73
2440 73
2440 74
2440 73
2440 73
2440 74
2440 74
2440 72
2440 73
2440 73
2440 71
2440 74
2440 74
2440 74
2440 73
2440 74
2440 73
2440 74
2440 74
2440 74
2440 74
2440 73
2440 74
2440 73
2440 74
2440 73
2440 74
2440 74
2440 73
2440 73
2440 74
2440 73
2440 75
2440 73
2440 74
2440 74
2440 74
2440 74
2440 74
2440 73
2440 71
2440 71
2440 73
2440 73
2440 74
2440 73
2440 74
2445 71
2445 71
2445 71
2445 71
2445 71
2445 71
2445 71
2445 71
2445 70
2445 71
2445 73
2445 71
2445 71
2445 71
2445 73
2445 70
2445 71
2445 72
2445 71
2445 73
2445 70
2445 71
2445 71
2445 70
2445 70
2445 71
2445 71
2445 72
2445 71
2445 73
2445 71
2445 71
2445 71
2445 71
2445 71
2445 71
2445 71
2445 71
2445 71
2445 71
2445 71
2445 73
2445 72
2445 71
2445 71
2445 73
2445 71
2445 70
2445 72
2445 70
2445 71
2445 71
2445 72
2445 72
2445 71
2445 72
2445 71
2445 71
2445 71
2445 71
2445 71
2445 71
2445 70
2445 73
2445 71
2445 70
2445 71
2445 71
2445 71
2445 70
2445 70
2445 71
2445 70
2445 71
2445 71
2445 70
2445 71
2445 71
2445 73
2445 71
2445 71
2445 71
2445 70
2445 73
2445 71
2445 71
2445 71
2445 69
2445 71
2445 71
2445 71
2445 71
2445 70
2445 71
2445 71
2445 71
2445 71
2445 70
2445 71
2445 70
2450 69
2450 67
2450 69
2450 69
2450 71
2450 69
2450 69
2450 67
2450 71
2450 69
2450 69
2450 69
2450 71
2450 69
2450 70
2450 70
2450 67
2450 69
2450 69
2450 70
2450 69
2450 67
2450 70
2450 69
2450 69
2450 70
2450 69
2450 71
2450 69
2450 69
2450 70
2450 69
2450 70
2450 69
2450 67
2450 70
2450 70
2450 69
2450 67
2450 67
2450 70
2450 70
2450 70
2450 70
2450 70
2450 71
2450 70
2450 67
2450 70
2450 67
2450 69
2450 67
2450 67
2450 70
2450 69
2450 71
2450 69
2450 69
2450 67
2450 69
2450 69
2450 67
2450 69
2450 67
2450 69
2450 69
2450 70
2450 69
2450 70
2450 71
2450 69
2450 67
2450 66
2450 70
2450 70
2450 70
2450 70
2450 70
2450 69
2450 69
2450 69
2450 70
2450 70
2450 69
2450 71
2450 67
2450 69
2450 67
2450 70
2450 70
2450 71
2450 69
2450 70
2450 70
2450 70
2450 67
2450 71
2450 70
2450 70
2450 67
2455 66
2455 69
2455 67
2455 67
2455 67
2455 67
2455 67
2455 67
2455 66
2455 67
2455 67
2455 69
2455 67
2455 67
2455 67
2455 67
2455 69
2455 67
2455 66
2455 67
2455 67
2455 66
2455 66
2455 67
2455 67
2455 66
2455 66
2455 67
2455 66
2455 67
2455 66
2455 67
2455 67
2455 67
2455 67
2455 67
2455 67
2455 67
2455 67
2455 67
2455 67
2455 65
2455 67
2455 67
2455 67
2455 67
2455 66
2455 67
2455 71
2455 67
2455 70
2455 67
2455 66
2455 67
2455 67
2455 67
2455 66
2455 67
2455 67
2455 66
2455 67
2455 65
2455 66
2455 67
2455 67
2455 67
2455 67
2455 69
2455 67
2455 65
2455 67
2455 67
2455 67
2455 67
2455 67
2455 69
2455 67
2455 67
2455 67
2455 67
2455 65
2455 67
2455 69
2455 67
2455 67
2455 67
2455 67
2455 66
2455 67
2455 67
2455 66
2455 67
2455 67
2455 69
2455 66
2455 69
2455 66
2455 67
2455 66
2455 66
2460 64
2460 63
2460 63
2460 63
2460 64
2460 64
2460 64
2460 62
2460 64
2460 64
2460 64
2460 63
2460 64
2460 63
2460 63
2460 65
2460 65
2460 64
2460 64
2460 63
2460 63
2460 64
2460 62
2460 64
2460 65
2460 63
2460 67
2460 64
2460 66
2460 65
2460 64
2460 64
2460 64
2460 64
2460 64
2460 63
2460 64
2460 65
2460 63
2460 63
2460 66
2460 64
2460 63
2460 64
2460 64
2460 63
2460 66
2460 64
2460 64
2460 63
2460 64
2460 65
2460 66
2460 64
2460 65
2460 64
2460 64
2460 64
2460 63
2460 63
2460 64
2460 64
2460 63
2460 64
2460 64
2460 64
2460 65
2460 64
2460 64
2460 64
2460 64
2460 65
2460 63
2460 64
2460 64
2460 64
2460 63
2460 63
2460 65
2460 64
2460 63
2460 64
2460 63
2460 63
2460 64
2460 65
2460 64
2460 65
2460 66
2460 63
2460 64
2460 65
2460 64
2460 64
2460 63
2460 63
2460 65
2460 64
2460 63
2460 64
2465 62
2465 62
2465 62
2465 62
2465 62
2465 63
2465 62
2465 62
2465 63
2465 63
2465 63
2465 63
2465 63
2465 62
2465 63
2465 63
2465 62
2465 63
2465 60
2465 62
2465 61
2465 62
2465 64
2465 62
2465 63
2465 63
2465 63
2465 63
2465 62
2465 63
2465 64
2465 62
2465 62
2465 63
2465 62
2465 62
2465 63
2465 63
2465 62
2465 63
2465 63
2465 62
2465 63
2465 63
2465 63
2465 63
2465 61
2465 62
2465 62
2465 62
2465 63
2465 63
2465 62
2465 63
2465 62
2465 62
2465 62
2465 62
2465 62
2465 63
2465 62
2465 62
2465 63
2465 61
2465 63
2465 63
2465 63
2465 63
2465 62
2465 61
2465 63
2465 62
2465 63
2465 63
2465 63
2465 62
2465 63
2465 63
2465 62
2465 62
2465 63
2465 62
2465 62
2465 62
2465 62
2465 62
2465 63
2465 63
2465 62
2465 62
2465 62
2465 63
2465 64
2465 63
2465 63
2465 63
2465 63
2465 62
2465 62
2465 62
2470 62
2470 60
2470 61
2470 63
2470 60
2470 61
2470 60
2470 61
2470 60
2470 60
2470 61
2470 62
2470 61
2470 60
2470 62
2470 62
2470 60
2470 60
2470 60
2470 60
2470 61
2470 62
2470 60
2470 61
2470 62
2470 60
2470 60
2470 59
2470 61
2470 61
2470 61
2470 61
2470 60
2470 60
2470 61
2470 61
2470 62
2470 60
2470 62
2470 62
2470 62
2470 60
2470 61
2470 62
2470 61
2470 61
2470 60
2470 61
2470 62
2470 60
2470 61
2470 61
2470 61
2470 62
2470 61
2470 59
2470 62
2470 61
2470 62
2470 62
2470 62
2470 62
2470 62
2470 61
2470 60
2470 60
2470 61
2470 60
2470 61
2470 61
2470 60
2470 62
2470 62
2470 60
2470 62
2470 60
2470 60
2470 61
2470 62
2470 60
2470 61
2470 62
2470 61
2470 61
2470 62
2470 62
2470 62
2470 61
2470 62
2470 62
2470 60
2470 61
2470 61
2470 62
2470 60
2470 62
2470 59
2470 59
2470 61
2475 60
2475 58
2475 60
2475 57
2475 58
2475 60
2475 60
2475 59
2475 59
2475 60
2475 59
2475 57
2475 59
2475 59
2475 59
2475 59
2475 60
2475 60
2475 60
2475 59
2475 60
2475 61
2475 60
2475 60
2475 60
2475 60
2475 60
2475 59
2475 57
2475 59
2475 60
2475 60
2475 58
2475 60
2475 58
2475 60
2475 59
2475 60
2475 58
2475 60
2475 60
2475 60
2475 60
2475 58
2475 59
2475 59
2475 60
2475 58
2475 58
2475 60
2475 59
2475 60
2475 59
2475 60
2475 60
2475 58
2475 58
2475 60
2475 60
2475 58
2475 60
2475 60
2475 60
2475 59
2475 58
2475 60
2475 60
2475 59
2475 60
2475 59
2475 59
2475 59
2475 60
2475 58
2475 60
2475 60
2475 58
2475 60
2475 58
2475 60
2475 57
2475 58
2475 58
2475 57
2475 60
2475 60
2475 58
2475 58
2475 58
2475 59
2475 59
2475 60
2475 57
2475 58
2475 60
2475 58
2475 59
2475 60
2475 60
2475 59
2480 56
2480 56
2480 56
2480 56
2480 56
2480 56
2480 56
2480 57
2480 56
2480 56
2480 56
2480 57
2480 57
2480 58
2480 56
2480 57
2480 56
2480 56
2480 55
2480 56
2480 57
2480 56
2480 56
2480 58
2480 57
2480 56
2480 57
2480 58
2480 57
2480 56
2480 57
2480 56
2480 55
2480 55
2480 56
2480 57
2480 56
2480 56
2480 55
2480 55
2480 58
2480 55
2480 56
2480 56
2480 56
2480 56
2480 56
2480 57
2480 56
2480 56
2480 56
2480 57
2480 56
2480 56
2480 56
2480 57
2480 56
2480 56
2480 57
2480 57
2480 55
2480 55
2480 55
2480 56
2480 57
2480 56
2480 57
2480 56
2480 56
2480 56
2480 58
2480 56
2480 57
2480 56
2480 57
2480 56
2480 56
2480 56
2480 56
2480 56
2480 57
2480 56
2480 54
2480 56
2480 54
2480 55
2480 56
2480 56
2480 57
2480 56
2480 58
2480 56
2480 56
2480 56
2480 56
2480 57
2480 57
2480 56
2480 56
2485 54
2485 55
2485 52
2485 56
2485 55
2485 56
2485 54
2485 55
2485 53
2485 55
2485 56
2485 55
2485 55
2485 55
2485 55
2485 55
2485 55
2485 53
2485 54
2485 55
2485 55
2485 55
2485 55
2485 53
2485 55
2485 55
2485 54
2485 56
2485 53
2485 55
2485 55
2485 54
2485 55
2485 55
2485 54
2485 54
2485 55
2485 55
2485 54
2485 55
2485 54
2485 55
2485 55
2485 56
2485 55
2485 56
2485 53
2485 55
2485 56
2485 55
2485 54
2485 55
2485 53
2485 55
2485 55
2485 54
2485 53
2485 54
2485 54
2485 54
2485 56
2485 54
2485 54
2485 54
2485 55
2485 54
2485 55
2485 55
2485 56
2485 55
2485 55
2485 55
2485 55
2485 55
2485 56
2485 55
2485 54
2485 55
2485 54
2485 55
2485 54
2485 54
2485 54
2485 56
2485 54
2485 54
2485 55
2485 56
2485 54
2485 54
2485 54
2485 56
2485 54
2485 54
2485 54
2485 53
2485 53
2485 53
2485 54
2485 53
2490 52
2490 52
2490 53
2490 53
2490 54
2490 53
2490 52
2490 54
2490 53
2490 52
2490 53
2490 52
2490 54
2490 53
2490 53
2490 53
2490 53
2490 53
2490 53
2490 52
2490 52
2490 52
2490 53
2490 51
2490 53
2490 53
2490 52
2490 54
2490 52
2490 53
2490 53
2490 53
2490 52
2490 54
2490 52
2490 53
2490 53
2490 52
2490 54
2490 54
2490 52
2490 52
2490 54
2490 53
2490 54
2490 52
2490 52
2490 51
2490 53
2490 52
2490 53
2490 54
2490 52
2490 54
2490 54
2490 52
2490 53
2490 52
2490 52
2490 52
2490 54
2490 54
2490 54
2490 52
2490 53
2490 53
2490 52
2490 53
2490 53
2490 53
2490 53
2490 53
2490 52
2490 52
2490 53
2490 54
2490 53
2490 52
2490 51
2490 53
2490 52
2490 53
2490 53
2490 53
2490 53
2490 53
2490 54
2490 54
2490 53
2490 54
2490 53
2490 52
2490 53
2490 52
2490 53
2490 52
2490 52
2490 52
2490 53
2490 55
2495 51
2495 50
2495 51
2495 52
2495 52
2495 52
2495 52
2495 51
2495 50
2495 52
2495 49
2495 50
2495 51
2495 50
2495 50
2495 52
2495 50
2495 50
2495 52
2495 50
2495 52
2495 51
2495 51
2495 51
2495 51
2495 51
2495 52
2495 52
2495 51
2495 50
2495 51
2495 52
2495 52
2495 50
2495 51
2495 52
2495 51
2495 52
2495 52
2495 52
2495 50
2495 51
2495 51
2495 50
2495 52
2495 50
2495 50
2495 50
2495 51
2495 52
2495 51
2495 52
2495 52
2495 52
2495 49
2495 51
2495 51
2495 50
2495 52
2495 51
2495 52
2495 52
2495 52
2495 49
2495 51
2495 52
2495 51
2495 52
2495 51
2495 50
2495 50
2495 52
2495 50
2495 51
2495 51
2495 51
2495 51
2495 52
2495 50
2495 52
2495 52
2495 51
2495 51
2495 50
2495 51
2495 51
2495 52
2495 50
2495 50
2495 49
2495 52
2495 52
2495 51
2495 50
2495 50
2495 52
2495 52
2495 49
2495 49
2495 51
2500 49
2500 49
2500 49
2500 49
2500 47
2500 48
2500 50
2500 48
2500 49
2500 46
2500 48
2500 48
2500 49
2500 48
2500 49
2500 49
2500 48
2500 48
2500 48
2500 48
2500 47
2500 47
2500 48
2500 50
2500 47
2500 48
2500 48
2500 47
2500 48
2500 48
2500 49
2500 50
2500 49
2500 48
2500 48
2500 49
2500 48
2500 49
2500 48
2500 49
2500 50
2500 49
2500 48
2500 49
2500 48
2500 50
2500 48
2500 47
2500 48
2500 49
2500 49
2500 47
2500 49
2500 49
2500 49
2500 47
2500 48
2500 49
2500 47
2500 49
2500 48
2500 48
2500 48
2500 49
2500 49
2500 48
2500 47
2500 49
2500 49
2500 49
2500 49
2500 48
2500 49
2500 49
2500 48
2500 49
2500 49
2500 48
2500 48
2500 49
2500 48
2500 49
2500 47
2500 48
2500 49
2500 48
2500 48
2500 47
2500 47
2500 48
2500 49
2500 49
2500 49
2500 46
2500 46
2500 48
2500 49
2500 48
2500 48
2500 48
2505 46
2505 47
2505 47
2505 46
2505 46
2505 46
2505 46
2505 48
2505 47
2505 47
2505 47
2505 48
2505 44
2505 46
2505 48
2505 47
2505 47
2505 46
2505 45
2505 46
2505 47
2505 45
2505 45
2505 46
2505 48
2505 46
2505 46
2505 47
2505 47
2505 47
2505 47
2505 47
2505 47
2505 47
2505 47
2505 47
2505 47
2505 45
2505 46
2505 46
2505 47
2505 46
2505 47
2505 47
2505 46
2505 48
2505 46
2505 47
2505 45
2505 46
2505 47
2505 48
2505 46
2505 45
2505 47
2505 43
2505 47
2505 46
2505 46
2505 46
2505 48
2505 45
2505 47
2505 46
2505 47
2505 45
2505 46
2505 45
2505 46
2505 46
2505 46
2505 46
2505 48
2505 48
2505 47
2505 46
2505 47
2505 47
2505 46
2505 46
2505 45
2505 45
2505 47
2505 47
2505 48
2505 47
2505 47
2505 48
2505 45
2505 43
2505 46
2505 46
2505 45
2505 46
2505 49
2505 46
2505 47
2505 47
2505 47
2505 46
2510 42
2510 43
2510 44
2510 45
2510 43
2510 44
2510 43
2510 45
2510 46
2510 42
2510 44
2510 44
2510 42
2510 43
2510 43
2510 45
2510 44
2510 43
2510 45
2510 43
2510 45
2510 43
2510 43
2510 43
2510 43
2510 44
2510 45
2510 44
2510 43
2510 43
2510 45
2510 43
2510 44
2510 45
2510 45
2510 43
2510 46
2510 45
2510 43
2510 45
2510 45
2510 43
2510 43
2510 45
2510 45
2510 43
2510 46
2510 43
2510 45
2510 44
2510 45
2510 43
2510 43
2510 45
2510 46
2510 46
2510 43
2510 45
2510 43
2510 45
2510 44
2510 46
2510 43
2510 46
2510 43
2510 43
2510 45
2510 45
2510 45
2510 45
2510 43
2510 43
2510 43
2510 46
2510 46
2510 43
2510 44
2510 45
2510 44
2510 43
2510 45
2510 43
2510 44
2510 43
2510 42
2510 46
2510 45
2510 45
2510 43
2510 45
2510 45
2510 42
2510 45
2510 45
2510 45
2510 43
2510 43
2510 43
2510 45
2510 45
2515 42
2515 43
2515 42
2515 42
2515 42
2515 42
2515 42
2515 43
2515 42
2515 43
2515 43
2515 42
2515 43
2515 43
2515 42
2515 42
2515 41
2515 42
2515 43
2515 42
2515 42
2515 41
2515 42
2515 42
2515 43
2515 43
2515 42
2515 42
2515 41
2515 42
2515 43
2515 42
2515 42
2515 43
2515 42
2515 42
2515 42
2515 42
2515 42
2515 42
2515 42
2515 42
2515 42
2515 42
2515 42
2515 43
2515 42
2515 42
2515 42
2515 42
2515 42
2515 42
2515 43
2515 43
2515 43
2515 42
2515 45
2515 42
2515 42
2515 42
2515 42
2515 43
2515 42
2515 43
2515 43
2515 42
2515 42
2515 43
2515 42
2515 43
2515 42
2515 42
2515 42
2515 43
2515 42
2515 42
2515 42
2515 42
2515 42
2515 43
2515 42
2515 42
2515 42
2515 42
2515 42
2515 42
2515 42
2515 43
2515 42
2515 42
2515 42
2515 42
2515 42
2515 43
2515 43
2515 42
2515 42
2515 42
2515 42
2515 42
2520 41
2520 41
2520 41
2520 40
2520 39
2520 39
2520 39
2520 39
2520 39
2520 39
2520 38
2520 39
2520 39
2520 39
2520 39
2520 38
2520 39
2520 41
2520 42
2520 39
2520 39
2520 41
2520 40
2520 41
2520 39
2520 40
2520 42
2520 39
2520 41
2520 39
2520 41
2520 41
2520 41
2520 39
2520 41
2520 39
2520 39
2520 42
2520 38
2520 39
2520 39
2520 41
2520 41
2520 41
2520 39
2520 41
2520 39
2520 39
2520 41
2520 41
2520 41
2520 39
2520 41
2520 40
2520 41
2520 41
2520 39
2520 39
2520 39
2520 40
2520 41
2520 39
2520 41
2520 39
2520 40
2520 39
2520 39
2520 39
2520 39
2520 39
2520 40
2520 39
2520 41
2520 38
2520 39
2520 39
2520 41
2520 39
2520 42
2520 42
2520 38
2520 39
2520 39
2520 39
2520 39
2520 41
2520 38
2520 39
2520 41
2520 41
2520 41
2520 40
2520 39
2520 39
2520 39
2520 38
2520 40
2520 39
2520 39
2520 39
2525 37
2525 39
2525 37
2525 39
2525 35
2525 39
2525 38
2525 38
2525 38
2525 39
2525 39
2525 39
2525 38
2525 38
2525 35
2525 39
2525 39
2525 37
2525 35
2525 39
2525 39
2525 39
2525 38
2525 38
2525 39
2525 37
2525 38
2525 37
2525 39
2525 39
2525 39
2525 39
2525 39
2525 37
2525 39
2525 38
2525 38
2525 37
2525 35
2525 39
2525 38
2525 38
2525 39
2525 38
2525 39
2525 38
2525 39
2525 37
2525 37
2525 39
2525 37
2525 38
2525 39
2525 39
2525 37
2525 37
2525 38
2525 37
2525 39
2525 38
2525 35
2525 38
2525 37
2525 39
2525 37
2525 38
2525 38
2525 38
2525 39
2525 39
2525 37
2525 38
2525 38
2525 38
2525 38
2525 38
2525 35
2525 38
2525 39
2525 38
2525 37
2525 37
2525 37
2525 38
2525 39
2525 39
2525 40
2525 38
2525 38
2525 37
2525 38
2525 39
2525 37
2525 37
2525 39
2525 40
2525 37
2525 38
2525 35
2525 38
2530 37
2530 37
2530 35
2530 35
2530 35
2530 37
2530 35
2530 35
2530 35
2530 37
2530 35
2530 37
2530 35
2530 35
2530 37
2530 37
2530 35
2530 35
2530 35
2530 38
2530 35
2530 37
2530 35
2530 35
2530 37
2530 35
2530 35
2530 39
2530 35
2530 35
2530 37
2530 35
2530 35
2530 37
2530 37
2530 35
2530 37
2530 35
2530 34
2530 35
2530 35
2530 35
2530 35
2530 37
2530 37
2530 35
2530 38
2530 35
2530 33
2530 38
2530 35
2530 35
2530 34
2530 35
2530 35
2530 37
2530 37
2530 37
2530 35
2530 35
2530 37
2530 34
2530 35
2530 35
2530 38
2530 37
2530 35
2530 35
2530 35
2530 35
2530 37
2530 37
2530 37
2530 35
2530 35
2530 35
2530 38
2530 35
2530 39
2530 35
2530 35
2530 35
2530 39
2530 35
2530 35
2530 37
2530 35
2530 35
2530 35
2530 35
2530 37
2530 35
2530 37
2530 37
2530 37
2530 37
2530 35
2530 38
2530 37
2535 34
2535 33
2535 35
2535 34
2535 34
2535 34
2535 35
2535 31
2535 32
2535 32
2535 32
2535 33
2535 35
2535 35
2535 33
2535 34
2535 34
2535 32
2535 32
2535 33
2535 34
2535 34
2535 33
2535 34
2535 34
2535 35
2535 35
2535 32
2535 32
2535 32
2535 35
2535 35
2535 34
2535 33
2535 34
2535 33
2535 35
2535 34
2535 34
2535 33
2535 33
2535 34
2535 32
2535 34
2535 35
2535 34
2535 35
2535 33
2535 32
2535 33
2535 32
2535 32
2535 35
2535 33
2535 34
2535 33
2535 33
2535 34
2535 33
2535 34
2535 34
2535 32
2535 33
2535 34
2535 33
2535 32
2535 32
2535 32
2535 32
2535 33
2535 35
2535 32
2535 35
2535 34
2535 34
2535 34
2535 32
2535 34
2535 34
2535 35
2535 35
2535 35
2535 34
2535 34
2535 34
2535 32
2535 34
2535 32
2535 31
2535 34
2535 34
2535 35
2535 34
2535 31
2535 33
2535 35
2535 32
2535 34
2535 33
2540 31
2540 30
2540 31
2540 31
2540 31
2540 31
2540 31
2540 31
2540 31
2540 30
2540 31
2540 32
2540 31
2540 31
2540 30
2540 30
2540 33
2540 30
2540 31
2540 31
2540 30
2540 32
2540 31
2540 31
2540 31
2540 31
2540 30
2540 30
2540 32
2540 31
2540 31
2540 30
2540 30
2540 30
2540 31
2540 31
2540 31
2540 31
2540 31
2540 32
2540 31
2540 30
2540 31
2540 31
2540 31
2540 30
2540 32
2540 33
2540 32
2540 30
2540 31
2540 30
2540 32
2540 30
2540 32
2540 32
2540 31
2540 31
2540 31
2540 32
2540 31
2540 32
2540 30
2540 31
2540 31
2540 31
2540 31
2540 31
2540 30
2540 30
2540 31
2540 32
2540 31
2540 31
2540 31
2540 31
2540 31
2540 30
2540 32
2540 30
2540 31
2540 32
2540 31
2540 31
2540 31
2540 32
2540 30
2540 30
2540 30
2540 31
2540 31
2540 31
2540 30
2540 32
2540 31
2540 32
2540 31
2540 31
2540 31
2540 32
2545 30
2545 30
2545 29
2545 30
2545 30
2545 30
2545 29
2545 29
2545 30
2545 30
2545 29
2545 29
2545 29
2545 29
2545 30
2545 29
2545 30
2545 30
2545 28
2545 30
2545 31
2545 30
2545 30
2545 30
2545 29
2545 30
2545 30
2545 29
2545 29
2545 30
2545 30
2545 29
2545 28
2545 30
2545 30
2545 30
2545 29
2545 30
2545 29
2545 28
2545 30
2545 30
2545 28
2545 29
2545 28
2545 30
2545 30
2545 30
2545 31
2545 30
2545 30
2545 30
2545 30
2545 27
2545 30
2545 28
2545 30
2545 29
2545 29
2545 30
2545 29
2545 29
2545 28
2545 31
2545 30
2545 29
2545 29
2545 30
2545 28
2545 28
2545 30
2545 31
2545 30
2545 29
2545 31
2545 29
2545 30
2545 29
2545 30
2545 30
2545 30
2545 30
2545 29
2545 30
2545 31
2545 30
2545 29
2545 29
2545 30
2545 29
2545 30
2545 30
2545 29
2545 29
2545 30
2545 29
2545 29
2545 30
2545 30
2550 28
2550 27
2550 28
2550 28
2550 28
2550 28
2550 29
2550 28
2550 28
2550 28
2550 26
2550 27
2550 26
2550 28
2550 28
2550 27
2550 27
2550 27
2550 28
2550 29
2550 27
2550 28
2550 27
2550 27
2550 30
2550 28
2550 29
2550 27
2550 28
2550 27
2550 30
2550 28
2550 28
2550 28
2550 28
2550 27
2550 28
2550 28
2550 28
2550 28
2550 28
2550 29
2550 28
2550 28
2550 28
2550 27
2550 28
2550 28
2550 28
2550 27
2550 27
2550 28
2550 27
2550 27
2550 28
2550 28
2550 28
2550 28
2550 28
2550 28
2550 28
2550 28
2550 28
2550 28
2550 28
2550 26
2550 28
2550 27
2550 28
2550 28
2550 30
2550 28
2550 26
2550 29
2550 28
2550 28
2550 28
2550 28
2550 29
2550 28
2550 28
2550 28
2550 28
2550 28
2550 28
2550 28
2550 29
2550 28
2550 28
2550 28
2550 27
2550 26
2550 28
2550 28
2550 28
2550 29
2550 27
2550 28
2550 27
2550 27
2555 26
2555 26
2555 24
2555 27
2555 26
2555 25
2555 26
2555 25
2555 26
2555 26
2555 25
2555 27
2555 26
2555 26
2555 25
2555 25
2555 24
2555 23
2555 24
2555 26
2555 27
2555 26
2555 25
2555 24
2555 25
2555 24
2555 25
2555 27
2555 24
2555 24
2555 26
2555 26
2555 26
2555 25
2555 24
2555 25
2555 25
2555 25
2555 28
2555 26
2555 25
2555 25
2555 26
2555 27
2555 26
2555 25
2555 25
2555 27
2555 25
2555 26
2555 26
2555 26
2555 25
2555 25
2555 27
2555 25
2555 26
2555 25
2555 26
2555 25
2555 25
2555 27
2555 26
2555 26
2555 24
2555 26
2555 27
2555 24
2555 24
2555 23
2555 25
2555 26
2555 27
2555 26
2555 25
2555 25
2555 27
2555 26
2555 27
2555 27
2555 25
2555 26
2555 25
2555 26
2555 26
2555 27
2555 27
2555 25
2555 26
2555 27
2555 26
2555 26
2555 26
2555 26
2555 25
2555 26
2555 26
2555 25
2555 26
2555 25
2560 24
2560 24
2560 24
2560 24
2560 24
2560 24
2560 23
2560 21
2560 23
2560 24
2560 22
2560 23
2560 25
2560 23
2560 24
2560 25
2560 23
2560 22
2560 22
2560 24
2560 24
2560 24
2560 24
2560 24
2560 23
2560 23
2560 24
2560 24
2560 22
2560 25
2560 24
2560 24
2560 24
2560 24
2560 25
2560 24
2560 24
2560 24
2560 24
2560 24
2560 25
2560 24
2560 24
2560 24
2560 24
2560 23
2560 23
2560 23
2560 24
2560 23
2560 22
2560 23
2560 24
2560 22
2560 23
2560 24
2560 23
2560 25
2560 24
2560 24
2560 23
2560 22
2560 23
2560 24
2560 24
2560 24
2560 22
2560 24
2560 24
2560 24
2560 23
2560 23
2560 24
2560 25
2560 23
2560 25
2560 24
2560 23
2560 24
2560 23
2560 24
2560 24
2560 23
2560 24
2560 24
2560 23
2560 23
2560 23
2560 24
2560 23
2560 24
2560 24
2560 25
2560 25
2560 24
2560 23
2560 24
2560 22
2560 23
2565 21
2565 23
2565 22
2565 22
2565 22
2565 23
2565 21
2565 23
2565 22
2565 21
2565 22
2565 20
2565 21
2565 22
2565 23
2565 22
2565 22
2565 22
2565 23
2565 22
2565 24
2565 22
2565 20
2565 22
2565 21
2565 20
2565 21
2565 21
2565 23
2565 24
2565 21
2565 21
2565 22
2565 20
2565 22
2565 20
2565 24
2565 20
2565 22
2565 22
2565 22
2565 22
2565 21
2565 21
2565 23
2565 21
2565 21
2565 23
2565 22
2565 23
2565 23
2565 21
2565 21
2565 21
2565 22
2565 20
2565 23
2565 21
2565 21
2565 22
2565 21
2565 21
2565 22
2565 21
2565 21
2565 22
2565 20
2565 22
2565 21
2565 23
2565 22
2565 21
2565 21
2565 22
2565 21
2565 22
2565 22
2565 22
2565 21
2565 22
2565 22
2565 22
2565 21
2565 21
2565 22
2565 22
2565 21
2565 21
2565 23
2565 23
2565 21
2565 23
2565 21
2565 22
2565 22
2565 23
2565 20
2565 21
2565 23
2570 21
2570 20
2570 20
2570 20
2570 19
2570 19
2570 21
2570 21
2570 21
2570 20
2570 20
2570 21
2570 20
2570 19
2570 19
2570 20
2570 20
2570 20
2570 20
2570 22
2570 20
2570 19
2570 21
2570 20
2570 20
2570 19
2570 21
2570 21
2570 22
2570 19
2570 20
2570 20
2570 20
2570 19
2570 21
2570 20
2570 20
2570 20
2570 20
2570 18
2570 19
2570 19
2570 20
2570 20
2570 20
2570 20
2570 18
2570 19
2570 21
2570 20
2570 18
2570 21
2570 20
2570 20
2570 20
2570 19
2570 20
2570 20
2570 20
2570 22
2570 19
2570 20
2570 20
2570 20
2570 19
2570 19
2570 20
2570 20
2570 21
2570 20
2570 18
2570 19
2570 20
2570 21
2570 20
2570 20
2570 20
2570 20
2570 20
2570 20
2570 20
2570 20
2570 20
2570 20
2570 21
2570 18
2570 20
2570 20
2570 20
2570 19
2570 20
2570 20
2570 20
2570 20
2570 20
2570 21
2570 20
2570 19
2570 20
2575 16
2575 17
2575 20
2575 17
2575 18
2575 17
2575 19
2575 17
2575 19
2575 17
2575 17
2575 20
2575 20
2575 18
2575 18
2575 19
2575 18
2575 16
2575 17
2575 17
2575 18
2575 17
2575 17
2575 17
2575 17
2575 20
2575 19
2575 17
2575 18
2575 17
2575 19
2575 18
2575 17
2575 18
2575 17
2575 19
2575 19
2575 17
2575 17
2575 17
2575 16
2575 17
2575 17
2575 18
2575 18
2575 19
2575 18
2575 17
2575 17
2575 18
2575 18
2575 18
2575 17
2575 17
2575 18
2575 18
2575 17
2575 17
2575 17
2575 17
2575 19
2575 18
2575 20
2575 19
2575 20
2575 16
2575 17
2575 17
2575 19
2575 16
2575 18
2575 19
2575 17
2575 16
2575 19
2575 17
2575 18
2575 18
2575 18
2575 18
2575 17
2575 16
2575 17
2575 18
2575 19
2575 17
2575 17
2575 19
2575 17
2575 17
2575 17
2575 16
2575 16
2575 19
2575 18
2575 17
2575 19
2575 18
2575 17
2575 17
2580 16
2580 15
2580 15
2580 14
2580 14
2580 16
2580 16
2580 14
2580 16
2580 14
2580 15
2580 15
2580 17
2580 17
2580 15
2580 15
2580 15
2580 15
2580 15
2580 15
2580 15
2580 16
2580 15
2580 16
2580 15
2580 16
2580 15
2580 15
2580 17
2580 14
2580 15
2580 14
2580 15
2580 16
2580 15
2580 14
2580 15
2580 16
2580 14
2580 14
2580 14
2580 15
2580 15
2580 15
2580 15
2580 14
2580 16
2580 15
2580 16
2580 15
2580 15
2580 13
2580 16
2580 14
2580 15
2580 15
2580 16
2580 15
2580 16
2580 14
2580 14
2580 14
2580 15
2580 15
2580 15
2580 14
2580 15
2580 14
2580 15
2580 15
2580 15
2580 14
2580 17
2580 14
2580 15
2580 15
2580 15
2580 16
2580 15
2580 14
2580 14
2580 16
2580 16
2580 16
2580 14
2580 15
2580 15
2580 14
2580 15
2580 14
2580 13
2580 14
2580 14
2580 15
2580 15
2580 14
2580 15
2580 16
2580 16
2585 13
2585 13
2585 13
2585 12
2585 11
2585 10
2585 14
2585 13
2585 14
2585 14
2585 13
2585 13
2585 14
2585 13
2585 13
2585 11
2585 11
2585 11
2585 11
2585 12
2585 14
2585 13
2585 13
2585 10
2585 11
2585 13
2585 14
2585 13
2585 14
2585 13
2585 14
2585 14
2585 14
2585 11
2585 14
2585 15
2585 13
2585 13
2585 11
2585 12
2585 13
2585 11
2585 11
2585 14
2585 13
2585 13
2585 14
2585 14
2585 11
2585 11
2585 13
2585 14
2585 14
2585 14
2585 14
2585 14
2585 14
2585 13
2585 11
2585 14
2585 11
2585 12
2585 11
2585 14
2585 11
2585 14
2585 11
2585 13
2585 11
2585 14
2585 11
2585 13
2585 13
2585 11
2585 13
2585 13
2585 13
2585 11
2585 13
2585 13
2585 10
2585 12
2585 14
2585 14
2585 10
2585 13
2585 15
2585 12
2585 12
2585 13
2585 11
2585 12
2585 11
2585 13
2585 14
2585 14
2585 11
2585 15
2585 11
2590 10
2590 11
2590 10
2590 10
2590 10
2590 11
2590 10
2590 11
2590 10
2590 10
2590 9
2590 11
2590 10
2590 10
2590 12
2590 10
2590 11
2590 11
2590 10
2590 11
2590 10
2590 11
2590 10
2590 11
2590 10
2590 11
2590 10
2590 10
2590 11
2590 11
2590 10
2590 11
2590 11
2590 10
2590 11
2590 11
2590 11
2590 11
2590 11
2590 10
2590 10
2590 10
2590 10
2590 10
2590 10
2590 10
2590 10
2590 11
2590 11
2590 11
2590 10
2590 10
2590 11
2590 10
2590 11
2590 10
2590 10
2590 11
2590 11
2590 10
2590 10
2590 10
2590 11
2590 9
2590 10
2590 10
2590 11
2590 11
2590 11
2590 10
2590 10
2590 10
2590 10
2590 10
2590 12
2590 11
2590 11
2590 11
2590 10
2590 10
2590 11
2590 10
2590 10
2590 10
2590 10
2590 10
2590 10
2590 10
2590 10
2590 10
2590 10
2590 11
2590 10
2590 10
2590 10
2590 11
2590 11
2590 10
2590 9
2590 10
2595 9
2595 9
2595 10
2595 10
2595 9
2595 7
2595 9
2595 8
2595 10
2595 10
2595 10
2595 7
2595 10
2595 9
2595 7
2595 10
2595 9
2595 9
2595 9
2595 7
2595 10
2595 10
2595 10
2595 7
2595 8
2595 9
2595 7
2595 9
2595 7
2595 7
2595 10
2595 10
2595 8
2595 9
2595 7
2595 10
2595 9
2595 10
2595 11
2595 7
2595 10
2595 9
2595 10
2595 10
2595 10
2595 9
2595 9
2595 7
2595 8
2595 7
2595 10
2595 10
2595 7
2595 7
2595 9
2595 9
2595 9
2595 9
2595 10
2595 9
2595 9
2595 9
2595 10
2595 10
2595 10
2595 9
2595 10
2595 7
2595 9
2595 9
2595 9
2595 9
2595 9
2595 9
2595 9
2595 7
2595 9
2595 10
2595 10
2595 9
2595 8
2595 9
2595 9
2595 10
2595 8
2595 9
2595 10
2595 7
2595 9
2595 10
2595 9
2595 10
2595 9
2595 8
2595 8
2595 10
2595 9
2595 8
2595 10
2600 6
2600 6
2600 7
2600 7
2600 6
2600 6
2600 7
2600 6
2600 6
2600 6
2600 7
2600 6
2600 5
2600 7
2600 7
2600 7
2600 7
2600 6
2600 7
2600 7
2600 5
2600 6
2600 5
2600 7
2600 6
2600 6
2600 6
2600 7
2600 6
2600 5
2600 6
2600 3
2600 7
2600 7
2600 6
2600 6
2600 7
2600 7
2600 7
2600 5
2600 3
2600 5
2600 5
2600 6
2600 7
2600 6
2600 6
2600 3
2600 7
2600 6
2600 6
2600 6
2600 7
2600 6
2600 7
2600 7
2600 6
2600 7
2600 7
2600 6
2600 7
2600 5
2600 6
2600 6
2600 7
2600 7
2600 7
2600 6
2600 6
2600 5
2600 7
2600 6
2600 6
2600 5
2600 7
2600 5
2600 6
2600 6
2600 6
2600 5
2600 7
2600 4
2600 6
2600 6
2600 6
2600 7
2600 6
2600 7
2600 7
2600 5
2600 7
2600 7
2600 6
2600 7
2600 6
2600 7
2600 7
2600 7
2600 6
2600 7
2605 3
2605 3
2605 3
2605 3
2605 3
2605 3
2605 3
2605 3
2605 5
2605 6
2605 3
2605 3
2605 3
2605 3
2605 5
2605 3
2605 3
2605 5
2605 3
2605 3
2605 5
2605 5
2605 3
2605 3
2605 3
2605 5
2605 3
2605 3
2605 5
2605 5
2605 3
2605 3
2605 3
2605 5
2605 3
2605 3
2605 5
2605 3
2605 3
2605 3
2605 7
2605 3
2605 3
2605 3
2605 5
2605 6
2605 5
2605 3
2605 3
2605 3
2605 3
2605 3
2605 5
2605 3
2605 3
2605 5
2605 3
2605 3
2605 3
2605 5
2605 5
2605 5
2605 3
2605 3
2605 7
2605 5
2605 5
2605 3
2605 3
2605 3
2605 3
2605 3
2605 3
2605 3
2605 3
2605 5
2605 3
2605 3
2605 3
2605 3
2605 3
2605 5
2605 3
2610 3
2610 3
2610 3
2610 3
2610 3
2610 3
