TOA measurement vs Delay ---- Mon Jun 15 00:40:28 2020
Pixel = 14
config file = config/asic_config_B4.yml
NofIterations = 100
LSBest = 23.99947975816914
mean value = [  0.           0.           0.           0.           0.
   0.           0.           0.           0.           0.
   0.           0.           0.           0.           0.
 125.07407407 123.59793814 121.29       120.         117.69
 114.87       113.26       111.83       110.07       107.77
 105.28       103.87       101.73        98.83        97.
  95.07        93.26        91.4040404   89.81        87.3877551
  85.61        82.77        81.13        79.68686869  77.98
  75.47        73.29        71.22        69.17        66.41
  64.81        63.4040404   61.68        59.38        57.52
  55.74        53.43        51.03030303  49.16        47.95
  45.87755102  43.38        41.47474747  39.43        37.65
  34.95959596  33.18181818  31.56565657  29.98        27.72
  25.96        24.51020408  21.79        19.21        17.74
  15.84        14.55        12.71        10.01         8.39
   7.13684211   0.           0.           0.           0.
   0.           0.           0.           0.           0.
   0.           0.           0.           0.           0.
   0.           0.           0.           0.           0.
   0.           0.           0.           0.           0.        ]
sigma = [0.         0.         0.         0.         0.         0.
 0.         0.         0.         0.         0.         0.
 0.         0.         0.         1.0381938  1.61629244 1.81362436
 2.02072594 2.25770532 1.6051272  1.54781567 1.53115425 2.05144664
 1.61258592 1.90917085 1.99409963 1.93918368 1.82877919 1.73877351
 1.39586294 1.7423356  1.62085021 1.59913518 1.88828821 1.93938994
 1.57493915 1.67225397 1.63775817 1.73289738 1.73563629 1.55217052
 2.2967223  2.21459552 1.69270001 1.64840327 1.47740006 1.49027962
 1.7941386  1.59151919 1.70168544 1.87308124 1.70903449 1.51582761
 1.51354991 1.9343756  1.88120529 1.84483135 1.94638982 2.02751901
 1.76980391 1.82844327 2.0265242  1.63796622 2.0211218  1.84437885
 1.85894545 2.14691251 1.80256299 1.52175337 1.77700122 1.75237933
 1.72314635 1.73009634 1.975154   1.87262191 0.         0.
 0.         0.         0.         0.         0.         0.
 0.         0.         0.         0.         0.         0.
 0.         0.         0.         0.         0.         0.
 0.         0.         0.         0.        ]
Pulse delay   TOA 
2200 2
2260 125
2265 125
2265 126
2265 126
2270 126
2270 125
2270 126
2270 126
2270 123
2270 125
2270 126
2270 126
2270 125
2270 126
2270 125
2270 125
2270 126
2275 126
2275 125
2275 124
2275 124
2275 125
2275 123
2275 126
2275 126
2275 124
2275 125
2275 123
2275 126
2275 125
2275 126
2275 126
2275 125
2275 124
2275 125
2275 124
2275 126
2275 123
2275 126
2275 126
2275 126
2275 126
2275 125
2275 126
2275 126
2275 125
2275 126
2275 124
2275 124
2275 125
2275 126
2275 125
2275 126
2275 125
2275 123
2275 126
2275 124
2275 126
2275 125
2275 124
2275 125
2275 125
2275 126
2275 126
2275 126
2275 124
2275 126
2275 125
2275 123
2275 126
2275 126
2280 123
2280 125
2280 121
2280 123
2280 126
2280 125
2280 123
2280 123
2280 125
2280 122
2280 123
2280 123
2280 124
2280 124
2280 125
2280 121
2280 125
2280 125
2280 123
2280 126
2280 124
2280 123
2280 126
2280 125
2280 124
2280 126
2280 125
2280 122
2280 116
2280 124
2280 125
2280 123
2280 123
2280 122
2280 123
2280 123
2280 124
2280 123
2280 123
2280 124
2280 126
2280 126
2280 124
2280 121
2280 124
2280 124
2280 122
2280 124
2280 125
2280 125
2280 125
2280 125
2280 124
2280 124
2280 124
2280 123
2280 126
2280 122
2280 124
2280 124
2280 122
2280 123
2280 122
2280 125
2280 122
2280 125
2280 123
2280 122
2280 125
2280 122
2280 123
2280 122
2280 122
2280 125
2280 123
2280 122
2280 125
2280 122
2280 125
2280 122
2280 124
2280 124
2280 125
2280 122
2280 122
2280 125
2280 123
2280 125
2280 122
2280 123
2280 120
2280 126
2280 125
2280 123
2280 124
2280 123
2280 126
2285 122
2285 114
2285 122
2285 119
2285 122
2285 120
2285 117
2285 120
2285 121
2285 121
2285 121
2285 118
2285 122
2285 120
2285 117
2285 121
2285 122
2285 120
2285 123
2285 122
2285 120
2285 120
2285 122
2285 122
2285 120
2285 122
2285 122
2285 122
2285 122
2285 121
2285 120
2285 123
2285 123
2285 120
2285 121
2285 122
2285 123
2285 117
2285 122
2285 120
2285 121
2285 120
2285 123
2285 125
2285 121
2285 123
2285 120
2285 122
2285 121
2285 123
2285 121
2285 123
2285 123
2285 122
2285 122
2285 123
2285 123
2285 123
2285 123
2285 120
2285 121
2285 123
2285 122
2285 123
2285 122
2285 123
2285 122
2285 118
2285 120
2285 122
2285 120
2285 120
2285 123
2285 122
2285 122
2285 120
2285 120
2285 124
2285 121
2285 123
2285 119
2285 121
2285 123
2285 125
2285 122
2285 117
2285 120
2285 122
2285 123
2285 120
2285 122
2285 123
2285 122
2285 123
2285 124
2285 121
2285 121
2285 121
2285 120
2285 119
2290 122
2290 118
2290 121
2290 121
2290 122
2290 120
2290 123
2290 119
2290 122
2290 118
2290 121
2290 120
2290 121
2290 122
2290 120
2290 123
2290 122
2290 122
2290 120
2290 121
2290 123
2290 121
2290 121
2290 120
2290 122
2290 117
2290 120
2290 118
2290 118
2290 116
2290 120
2290 120
2290 118
2290 118
2290 119
2290 122
2290 120
2290 118
2290 118
2290 119
2290 121
2290 120
2290 118
2290 123
2290 121
2290 121
2290 120
2290 117
2290 118
2290 118
2290 122
2290 122
2290 122
2290 118
2290 116
2290 120
2290 118
2290 122
2290 123
2290 118
2290 122
2290 122
2290 119
2290 122
2290 118
2290 116
2290 120
2290 113
2290 121
2290 118
2290 122
2290 122
2290 122
2290 118
2290 120
2290 118
2290 119
2290 117
2290 122
2290 117
2290 119
2290 120
2290 120
2290 122
2290 122
2290 122
2290 122
2290 119
2290 120
2290 120
2290 120
2290 122
2290 122
2290 123
2290 116
2290 119
2290 121
2290 120
2290 121
2290 118
2295 115
2295 122
2295 119
2295 117
2295 120
2295 117
2295 118
2295 120
2295 119
2295 119
2295 119
2295 115
2295 120
2295 121
2295 117
2295 118
2295 123
2295 121
2295 116
2295 118
2295 114
2295 115
2295 121
2295 116
2295 118
2295 117
2295 117
2295 121
2295 120
2295 119
2295 116
2295 117
2295 116
2295 119
2295 116
2295 117
2295 115
2295 120
2295 115
2295 119
2295 116
2295 114
2295 115
2295 120
2295 116
2295 122
2295 115
2295 115
2295 117
2295 122
2295 122
2295 120
2295 115
2295 120
2295 118
2295 118
2295 118
2295 115
2295 118
2295 115
2295 118
2295 118
2295 116
2295 119
2295 122
2295 120
2295 118
2295 116
2295 116
2295 119
2295 120
2295 117
2295 117
2295 115
2295 119
2295 114
2295 119
2295 118
2295 112
2295 114
2295 117
2295 116
2295 120
2295 118
2295 118
2295 119
2295 118
2295 118
2295 115
2295 120
2295 120
2295 116
2295 117
2295 117
2295 117
2295 114
2295 119
2295 118
2295 115
2295 117
2300 114
2300 115
2300 113
2300 115
2300 115
2300 115
2300 117
2300 115
2300 115
2300 114
2300 115
2300 116
2300 117
2300 115
2300 117
2300 116
2300 113
2300 115
2300 116
2300 116
2300 114
2300 114
2300 113
2300 115
2300 117
2300 114
2300 113
2300 115
2300 113
2300 114
2300 116
2300 115
2300 114
2300 116
2300 113
2300 113
2300 114
2300 115
2300 112
2300 115
2300 115
2300 114
2300 115
2300 113
2300 117
2300 115
2300 115
2300 121
2300 115
2300 114
2300 117
2300 116
2300 114
2300 115
2300 113
2300 114
2300 117
2300 114
2300 114
2300 115
2300 113
2300 115
2300 115
2300 115
2300 116
2300 114
2300 116
2300 116
2300 115
2300 114
2300 114
2300 116
2300 117
2300 115
2300 113
2300 112
2300 114
2300 116
2300 118
2300 119
2300 109
2300 117
2300 113
2300 115
2300 116
2300 115
2300 116
2300 116
2300 115
2300 115
2300 116
2300 113
2300 115
2300 113
2300 113
2300 114
2300 114
2300 115
2300 117
2300 115
2305 111
2305 111
2305 113
2305 115
2305 110
2305 114
2305 116
2305 111
2305 112
2305 114
2305 113
2305 113
2305 113
2305 113
2305 113
2305 115
2305 113
2305 111
2305 116
2305 113
2305 112
2305 112
2305 113
2305 115
2305 115
2305 113
2305 113
2305 116
2305 115
2305 113
2305 113
2305 114
2305 114
2305 113
2305 113
2305 117
2305 114
2305 113
2305 115
2305 115
2305 114
2305 114
2305 112
2305 113
2305 114
2305 113
2305 113
2305 113
2305 114
2305 115
2305 112
2305 113
2305 113
2305 110
2305 111
2305 111
2305 114
2305 116
2305 113
2305 114
2305 116
2305 113
2305 115
2305 115
2305 111
2305 113
2305 113
2305 113
2305 111
2305 114
2305 112
2305 114
2305 112
2305 114
2305 115
2305 113
2305 111
2305 115
2305 113
2305 113
2305 116
2305 111
2305 109
2305 111
2305 115
2305 116
2305 112
2305 114
2305 113
2305 113
2305 113
2305 113
2305 113
2305 113
2305 114
2305 113
2305 114
2305 113
2305 113
2305 111
2310 113
2310 112
2310 111
2310 110
2310 110
2310 112
2310 111
2310 113
2310 113
2310 111
2310 113
2310 111
2310 113
2310 113
2310 110
2310 113
2310 111
2310 116
2310 113
2310 110
2310 114
2310 113
2310 114
2310 114
2310 113
2310 113
2310 109
2310 111
2310 111
2310 113
2310 113
2310 113
2310 113
2310 111
2310 111
2310 111
2310 111
2310 110
2310 114
2310 113
2310 113
2310 110
2310 111
2310 115
2310 113
2310 111
2310 113
2310 112
2310 113
2310 109
2310 112
2310 111
2310 112
2310 113
2310 112
2310 113
2310 113
2310 114
2310 112
2310 113
2310 112
2310 111
2310 113
2310 112
2310 108
2310 110
2310 111
2310 109
2310 111
2310 113
2310 110
2310 114
2310 110
2310 112
2310 110
2310 111
2310 110
2310 107
2310 112
2310 111
2310 113
2310 113
2310 111
2310 111
2310 110
2310 113
2310 111
2310 113
2310 113
2310 113
2310 110
2310 111
2310 112
2310 113
2310 112
2310 111
2310 113
2310 112
2310 111
2310 111
2315 113
2315 109
2315 111
2315 107
2315 107
2315 111
2315 110
2315 110
2315 107
2315 109
2315 112
2315 110
2315 112
2315 111
2315 109
2315 108
2315 108
2315 111
2315 112
2315 111
2315 112
2315 108
2315 106
2315 112
2315 109
2315 109
2315 110
2315 111
2315 106
2315 112
2315 111
2315 111
2315 111
2315 111
2315 109
2315 109
2315 112
2315 113
2315 109
2315 111
2315 111
2315 110
2315 111
2315 113
2315 107
2315 111
2315 112
2315 106
2315 105
2315 108
2315 109
2315 109
2315 111
2315 112
2315 113
2315 113
2315 111
2315 110
2315 109
2315 110
2315 111
2315 113
2315 110
2315 113
2315 111
2315 110
2315 113
2315 109
2315 111
2315 109
2315 110
2315 110
2315 110
2315 111
2315 105
2315 110
2315 114
2315 113
2315 106
2315 110
2315 106
2315 111
2315 112
2315 112
2315 110
2315 105
2315 112
2315 109
2315 112
2315 111
2315 108
2315 110
2315 111
2315 109
2315 110
2315 109
2315 113
2315 109
2315 108
2315 110
2320 109
2320 109
2320 106
2320 109
2320 105
2320 109
2320 109
2320 109
2320 109
2320 109
2320 106
2320 106
2320 106
2320 107
2320 105
2320 109
2320 108
2320 110
2320 106
2320 106
2320 109
2320 106
2320 109
2320 109
2320 106
2320 107
2320 109
2320 106
2320 107
2320 109
2320 107
2320 107
2320 108
2320 109
2320 106
2320 108
2320 108
2320 106
2320 107
2320 106
2320 107
2320 106
2320 106
2320 106
2320 109
2320 111
2320 105
2320 108
2320 106
2320 109
2320 112
2320 106
2320 110
2320 106
2320 106
2320 106
2320 109
2320 107
2320 106
2320 107
2320 108
2320 109
2320 106
2320 106
2320 107
2320 107
2320 109
2320 109
2320 109
2320 105
2320 109
2320 106
2320 110
2320 109
2320 106
2320 109
2320 110
2320 108
2320 110
2320 107
2320 109
2320 107
2320 108
2320 109
2320 109
2320 106
2320 109
2320 109
2320 111
2320 109
2320 106
2320 110
2320 109
2320 109
2320 109
2320 110
2320 108
2320 106
2320 108
2320 108
2325 100
2325 105
2325 109
2325 106
2325 103
2325 107
2325 108
2325 109
2325 105
2325 106
2325 106
2325 105
2325 107
2325 105
2325 109
2325 105
2325 107
2325 106
2325 106
2325 105
2325 104
2325 105
2325 105
2325 106
2325 106
2325 101
2325 106
2325 107
2325 105
2325 104
2325 105
2325 106
2325 106
2325 100
2325 107
2325 103
2325 106
2325 105
2325 107
2325 104
2325 105
2325 105
2325 103
2325 104
2325 105
2325 105
2325 101
2325 105
2325 103
2325 108
2325 106
2325 108
2325 106
2325 105
2325 101
2325 105
2325 106
2325 109
2325 104
2325 105
2325 106
2325 106
2325 104
2325 107
2325 105
2325 106
2325 106
2325 105
2325 106
2325 104
2325 106
2325 105
2325 103
2325 103
2325 105
2325 106
2325 106
2325 105
2325 106
2325 105
2325 106
2325 106
2325 108
2325 106
2325 104
2325 108
2325 106
2325 100
2325 104
2325 106
2325 106
2325 107
2325 105
2325 108
2325 106
2325 106
2325 106
2325 100
2325 105
2325 104
2330 106
2330 105
2330 105
2330 104
2330 103
2330 99
2330 105
2330 105
2330 101
2330 101
2330 102
2330 103
2330 101
2330 106
2330 106
2330 105
2330 106
2330 103
2330 104
2330 105
2330 106
2330 106
2330 104
2330 106
2330 104
2330 105
2330 104
2330 105
2330 105
2330 101
2330 105
2330 103
2330 103
2330 104
2330 103
2330 103
2330 106
2330 103
2330 103
2330 102
2330 106
2330 103
2330 104
2330 103
2330 99
2330 104
2330 105
2330 106
2330 101
2330 106
2330 103
2330 106
2330 104
2330 109
2330 106
2330 105
2330 104
2330 102
2330 103
2330 100
2330 104
2330 105
2330 105
2330 105
2330 100
2330 105
2330 102
2330 102
2330 102
2330 103
2330 106
2330 106
2330 101
2330 106
2330 106
2330 107
2330 104
2330 101
2330 106
2330 101
2330 103
2330 101
2330 104
2330 106
2330 104
2330 101
2330 101
2330 104
2330 106
2330 106
2330 101
2330 105
2330 106
2330 103
2330 104
2330 100
2330 105
2330 106
2330 104
2330 105
2335 103
2335 101
2335 99
2335 104
2335 103
2335 100
2335 98
2335 101
2335 97
2335 104
2335 104
2335 100
2335 101
2335 103
2335 101
2335 101
2335 103
2335 101
2335 101
2335 103
2335 101
2335 98
2335 103
2335 101
2335 104
2335 101
2335 102
2335 99
2335 99
2335 101
2335 100
2335 100
2335 99
2335 103
2335 100
2335 101
2335 101
2335 100
2335 101
2335 104
2335 100
2335 104
2335 104
2335 100
2335 103
2335 105
2335 103
2335 104
2335 105
2335 104
2335 103
2335 100
2335 105
2335 99
2335 100
2335 105
2335 100
2335 99
2335 99
2335 102
2335 101
2335 103
2335 103
2335 103
2335 100
2335 104
2335 101
2335 103
2335 101
2335 103
2335 101
2335 104
2335 103
2335 103
2335 103
2335 99
2335 103
2335 105
2335 101
2335 100
2335 100
2335 101
2335 101
2335 103
2335 101
2335 103
2335 103
2335 101
2335 104
2335 106
2335 101
2335 101
2335 103
2335 101
2335 99
2335 102
2335 105
2335 99
2335 101
2335 104
2340 98
2340 101
2340 101
2340 97
2340 100
2340 98
2340 101
2340 102
2340 99
2340 99
2340 97
2340 97
2340 97
2340 96
2340 99
2340 101
2340 100
2340 100
2340 98
2340 97
2340 101
2340 98
2340 98
2340 98
2340 100
2340 100
2340 98
2340 97
2340 97
2340 97
2340 98
2340 99
2340 99
2340 100
2340 101
2340 101
2340 95
2340 97
2340 99
2340 99
2340 98
2340 97
2340 96
2340 97
2340 99
2340 100
2340 99
2340 96
2340 97
2340 101
2340 100
2340 97
2340 100
2340 98
2340 101
2340 100
2340 103
2340 98
2340 100
2340 97
2340 97
2340 100
2340 98
2340 97
2340 98
2340 97
2340 99
2340 101
2340 99
2340 94
2340 98
2340 98
2340 100
2340 100
2340 103
2340 98
2340 99
2340 103
2340 100
2340 98
2340 98
2340 100
2340 100
2340 101
2340 98
2340 97
2340 104
2340 101
2340 101
2340 99
2340 100
2340 98
2340 99
2340 100
2340 99
2340 97
2340 97
2340 97
2340 97
2340 99
2345 97
2345 98
2345 99
2345 95
2345 95
2345 96
2345 99
2345 98
2345 97
2345 95
2345 100
2345 97
2345 96
2345 97
2345 96
2345 99
2345 98
2345 93
2345 96
2345 94
2345 97
2345 96
2345 97
2345 96
2345 97
2345 99
2345 94
2345 97
2345 100
2345 97
2345 97
2345 98
2345 97
2345 96
2345 95
2345 97
2345 97
2345 97
2345 97
2345 94
2345 97
2345 97
2345 95
2345 100
2345 97
2345 97
2345 96
2345 99
2345 99
2345 97
2345 96
2345 97
2345 97
2345 99
2345 98
2345 99
2345 95
2345 96
2345 93
2345 99
2345 96
2345 99
2345 98
2345 97
2345 98
2345 100
2345 96
2345 97
2345 96
2345 95
2345 100
2345 95
2345 100
2345 97
2345 96
2345 98
2345 98
2345 99
2345 96
2345 95
2345 94
2345 94
2345 99
2345 96
2345 96
2345 98
2345 100
2345 101
2345 95
2345 98
2345 97
2345 100
2345 98
2345 96
2345 97
2345 96
2345 97
2345 97
2345 98
2345 94
2350 94
2350 94
2350 97
2350 97
2350 94
2350 96
2350 95
2350 94
2350 96
2350 95
2350 94
2350 95
2350 96
2350 94
2350 94
2350 95
2350 97
2350 99
2350 94
2350 95
2350 95
2350 95
2350 97
2350 95
2350 95
2350 96
2350 94
2350 95
2350 98
2350 95
2350 95
2350 98
2350 91
2350 96
2350 95
2350 96
2350 92
2350 97
2350 95
2350 95
2350 94
2350 94
2350 95
2350 95
2350 94
2350 95
2350 95
2350 95
2350 95
2350 95
2350 96
2350 96
2350 96
2350 92
2350 97
2350 95
2350 97
2350 95
2350 98
2350 96
2350 95
2350 95
2350 97
2350 92
2350 95
2350 94
2350 94
2350 95
2350 95
2350 95
2350 96
2350 94
2350 95
2350 94
2350 93
2350 94
2350 95
2350 95
2350 95
2350 94
2350 95
2350 96
2350 97
2350 93
2350 95
2350 95
2350 95
2350 95
2350 95
2350 95
2350 95
2350 94
2350 96
2350 95
2350 95
2350 93
2350 94
2350 99
2350 95
2350 93
2355 93
2355 93
2355 96
2355 92
2355 95
2355 94
2355 92
2355 94
2355 92
2355 94
2355 92
2355 93
2355 93
2355 93
2355 87
2355 94
2355 94
2355 91
2355 93
2355 91
2355 95
2355 93
2355 91
2355 95
2355 92
2355 94
2355 93
2355 92
2355 93
2355 91
2355 90
2355 92
2355 93
2355 92
2355 91
2355 95
2355 95
2355 96
2355 94
2355 93
2355 97
2355 94
2355 90
2355 95
2355 93
2355 95
2355 93
2355 93
2355 92
2355 90
2355 95
2355 94
2355 95
2355 94
2355 96
2355 95
2355 95
2355 93
2355 93
2355 95
2355 95
2355 95
2355 95
2355 94
2355 95
2355 91
2355 92
2355 91
2355 91
2355 93
2355 95
2355 95
2355 95
2355 91
2355 94
2355 92
2355 96
2355 94
2355 95
2355 90
2355 94
2355 90
2355 95
2355 93
2355 92
2355 94
2355 94
2355 95
2355 93
2355 92
2355 92
2355 94
2355 91
2355 93
2355 95
2355 92
2355 94
2355 93
2355 93
2355 95
2360 91
2360 93
2360 91
2360 92
2360 90
2360 93
2360 90
2360 92
2360 89
2360 93
2360 94
2360 92
2360 94
2360 91
2360 93
2360 91
2360 89
2360 93
2360 91
2360 93
2360 92
2360 90
2360 94
2360 92
2360 93
2360 92
2360 92
2360 93
2360 90
2360 89
2360 91
2360 92
2360 93
2360 93
2360 93
2360 91
2360 93
2360 89
2360 91
2360 89
2360 91
2360 88
2360 93
2360 90
2360 91
2360 93
2360 93
2360 91
2360 91
2360 91
2360 90
2360 93
2360 91
2360 93
2360 92
2360 90
2360 92
2360 94
2360 91
2360 91
2360 94
2360 91
2360 94
2360 90
2360 93
2360 94
2360 92
2360 91
2360 91
2360 90
2360 90
2360 91
2360 92
2360 91
2360 94
2360 91
2360 90
2360 90
2360 91
2360 91
2360 91
2360 88
2360 93
2360 91
2360 90
2360 90
2360 87
2360 91
2360 91
2360 93
2360 87
2360 91
2360 93
2360 93
2360 92
2360 92
2360 90
2360 91
2360 88
2365 91
2365 91
2365 92
2365 90
2365 89
2365 92
2365 90
2365 91
2365 90
2365 90
2365 92
2365 91
2365 90
2365 90
2365 86
2365 91
2365 91
2365 90
2365 87
2365 92
2365 90
2365 91
2365 91
2365 90
2365 87
2365 88
2365 90
2365 87
2365 89
2365 90
2365 90
2365 89
2365 90
2365 89
2365 92
2365 90
2365 90
2365 90
2365 90
2365 90
2365 90
2365 90
2365 90
2365 90
2365 87
2365 88
2365 90
2365 90
2365 89
2365 91
2365 91
2365 90
2365 90
2365 91
2365 89
2365 93
2365 86
2365 91
2365 90
2365 91
2365 88
2365 90
2365 93
2365 90
2365 90
2365 86
2365 90
2365 91
2365 90
2365 91
2365 90
2365 90
2365 88
2365 88
2365 89
2365 90
2365 90
2365 86
2365 91
2365 91
2365 88
2365 90
2365 90
2365 91
2365 89
2365 91
2365 88
2365 91
2365 93
2365 91
2365 86
2365 88
2365 92
2365 91
2365 91
2365 89
2365 90
2365 88
2365 86
2365 90
2370 86
2370 88
2370 88
2370 87
2370 90
2370 87
2370 90
2370 87
2370 86
2370 89
2370 88
2370 86
2370 86
2370 89
2370 84
2370 88
2370 86
2370 87
2370 88
2370 90
2370 87
2370 88
2370 86
2370 90
2370 88
2370 87
2370 90
2370 88
2370 88
2370 85
2370 89
2370 87
2370 87
2370 89
2370 90
2370 85
2370 90
2370 85
2370 87
2370 87
2370 85
2370 90
2370 86
2370 88
2370 88
2370 87
2370 86
2370 88
2370 83
2370 86
2370 88
2370 84
2370 86
2370 86
2370 91
2370 89
2370 90
2370 91
2370 88
2370 90
2370 90
2370 88
2370 86
2370 89
2370 86
2370 85
2370 88
2370 86
2370 88
2370 88
2370 88
2370 90
2370 89
2370 84
2370 89
2370 86
2370 88
2370 89
2370 85
2370 86
2370 86
2370 87
2370 88
2370 84
2370 88
2370 84
2370 89
2370 84
2370 86
2370 89
2370 86
2370 89
2370 85
2370 87
2370 87
2370 84
2370 91
2370 89
2375 87
2375 85
2375 86
2375 86
2375 84
2375 84
2375 86
2375 86
2375 85
2375 86
2375 85
2375 84
2375 83
2375 84
2375 87
2375 86
2375 87
2375 87
2375 85
2375 88
2375 84
2375 88
2375 85
2375 85
2375 85
2375 86
2375 83
2375 86
2375 85
2375 88
2375 84
2375 83
2375 86
2375 84
2375 86
2375 90
2375 88
2375 88
2375 85
2375 83
2375 90
2375 86
2375 82
2375 86
2375 83
2375 89
2375 83
2375 85
2375 84
2375 88
2375 84
2375 83
2375 86
2375 81
2375 85
2375 84
2375 84
2375 89
2375 86
2375 87
2375 86
2375 85
2375 88
2375 87
2375 86
2375 84
2375 84
2375 87
2375 88
2375 85
2375 86
2375 85
2375 86
2375 88
2375 86
2375 85
2375 88
2375 86
2375 88
2375 82
2375 83
2375 86
2375 85
2375 83
2375 85
2375 88
2375 83
2375 86
2375 86
2375 88
2375 87
2375 87
2375 89
2375 86
2375 87
2375 84
2375 83
2375 81
2375 88
2375 88
2380 81
2380 84
2380 82
2380 84
2380 81
2380 86
2380 81
2380 80
2380 82
2380 83
2380 83
2380 81
2380 79
2380 83
2380 82
2380 81
2380 83
2380 83
2380 81
2380 79
2380 83
2380 83
2380 83
2380 85
2380 85
2380 83
2380 84
2380 83
2380 83
2380 83
2380 83
2380 85
2380 86
2380 83
2380 81
2380 84
2380 82
2380 84
2380 82
2380 81
2380 84
2380 83
2380 84
2380 81
2380 81
2380 81
2380 82
2380 82
2380 83
2380 85
2380 83
2380 85
2380 84
2380 82
2380 83
2380 83
2380 83
2380 81
2380 81
2380 85
2380 83
2380 83
2380 84
2380 82
2380 83
2380 81
2380 85
2380 85
2380 83
2380 83
2380 82
2380 82
2380 84
2380 84
2380 83
2380 83
2380 82
2380 81
2380 86
2380 81
2380 81
2380 81
2380 82
2380 81
2380 84
2380 84
2380 83
2380 84
2380 82
2380 84
2380 83
2380 82
2380 81
2380 81
2380 81
2380 84
2380 84
2380 88
2380 83
2380 83
2385 81
2385 78
2385 81
2385 81
2385 85
2385 80
2385 83
2385 83
2385 82
2385 81
2385 82
2385 83
2385 81
2385 79
2385 82
2385 81
2385 79
2385 77
2385 82
2385 80
2385 81
2385 79
2385 82
2385 81
2385 81
2385 82
2385 81
2385 83
2385 82
2385 83
2385 81
2385 82
2385 83
2385 83
2385 82
2385 77
2385 83
2385 82
2385 79
2385 76
2385 81
2385 81
2385 83
2385 82
2385 83
2385 79
2385 80
2385 79
2385 77
2385 83
2385 81
2385 81
2385 81
2385 84
2385 80
2385 80
2385 80
2385 83
2385 79
2385 80
2385 79
2385 81
2385 81
2385 81
2385 83
2385 82
2385 82
2385 83
2385 79
2385 83
2385 82
2385 81
2385 84
2385 81
2385 83
2385 81
2385 80
2385 79
2385 81
2385 81
2385 80
2385 81
2385 83
2385 83
2385 82
2385 82
2385 82
2385 81
2385 81
2385 79
2385 82
2385 80
2385 79
2385 81
2385 81
2385 81
2385 80
2385 83
2385 81
2385 83
2390 81
2390 74
2390 79
2390 80
2390 81
2390 81
2390 79
2390 79
2390 81
2390 79
2390 80
2390 80
2390 79
2390 82
2390 79
2390 80
2390 79
2390 80
2390 81
2390 79
2390 84
2390 80
2390 77
2390 80
2390 80
2390 82
2390 83
2390 79
2390 81
2390 80
2390 80
2390 77
2390 81
2390 81
2390 78
2390 79
2390 81
2390 79
2390 79
2390 81
2390 80
2390 79
2390 80
2390 78
2390 77
2390 81
2390 81
2390 79
2390 81
2390 81
2390 80
2390 80
2390 81
2390 77
2390 78
2390 79
2390 80
2390 81
2390 79
2390 79
2390 80
2390 77
2390 81
2390 78
2390 79
2390 81
2390 81
2390 80
2390 79
2390 78
2390 82
2390 79
2390 80
2390 82
2390 79
2390 81
2390 82
2390 79
2390 77
2390 80
2390 81
2390 81
2390 79
2390 78
2390 81
2390 81
2390 79
2390 75
2390 79
2390 80
2390 81
2390 77
2390 81
2390 81
2390 81
2390 76
2390 79
2390 80
2390 78
2395 81
2395 78
2395 80
2395 79
2395 78
2395 78
2395 77
2395 79
2395 79
2395 79
2395 77
2395 78
2395 77
2395 79
2395 77
2395 81
2395 77
2395 77
2395 78
2395 74
2395 77
2395 77
2395 79
2395 79
2395 78
2395 77
2395 75
2395 80
2395 77
2395 78
2395 78
2395 77
2395 76
2395 80
2395 77
2395 75
2395 81
2395 75
2395 78
2395 78
2395 77
2395 77
2395 80
2395 76
2395 80
2395 79
2395 75
2395 80
2395 77
2395 80
2395 71
2395 79
2395 75
2395 78
2395 79
2395 78
2395 79
2395 79
2395 79
2395 76
2395 79
2395 81
2395 80
2395 77
2395 78
2395 80
2395 78
2395 77
2395 78
2395 77
2395 77
2395 74
2395 78
2395 79
2395 78
2395 77
2395 78
2395 79
2395 79
2395 79
2395 80
2395 80
2395 77
2395 81
2395 79
2395 77
2395 76
2395 77
2395 78
2395 77
2395 78
2395 80
2395 80
2395 77
2395 77
2395 76
2395 79
2395 79
2395 79
2395 79
2400 75
2400 75
2400 74
2400 77
2400 74
2400 76
2400 77
2400 73
2400 74
2400 75
2400 74
2400 77
2400 74
2400 74
2400 75
2400 74
2400 77
2400 74
2400 74
2400 77
2400 79
2400 75
2400 77
2400 77
2400 77
2400 78
2400 75
2400 75
2400 74
2400 74
2400 77
2400 77
2400 75
2400 76
2400 77
2400 74
2400 74
2400 79
2400 78
2400 77
2400 71
2400 73
2400 75
2400 77
2400 78
2400 74
2400 77
2400 72
2400 74
2400 76
2400 75
2400 77
2400 74
2400 74
2400 75
2400 74
2400 73
2400 73
2400 74
2400 73
2400 77
2400 77
2400 77
2400 76
2400 77
2400 75
2400 74
2400 76
2400 78
2400 74
2400 77
2400 77
2400 75
2400 74
2400 77
2400 74
2400 78
2400 78
2400 77
2400 75
2400 79
2400 75
2400 75
2400 73
2400 76
2400 75
2400 77
2400 74
2400 74
2400 77
2400 79
2400 74
2400 76
2400 77
2400 74
2400 77
2400 73
2400 74
2400 76
2400 75
2405 74
2405 74
2405 74
2405 74
2405 73
2405 72
2405 75
2405 72
2405 72
2405 74
2405 73
2405 72
2405 72
2405 72
2405 72
2405 71
2405 70
2405 74
2405 74
2405 71
2405 74
2405 74
2405 73
2405 74
2405 74
2405 74
2405 71
2405 74
2405 73
2405 72
2405 72
2405 73
2405 74
2405 73
2405 77
2405 72
2405 73
2405 73
2405 74
2405 74
2405 74
2405 72
2405 74
2405 73
2405 76
2405 74
2405 74
2405 75
2405 74
2405 72
2405 75
2405 74
2405 73
2405 74
2405 74
2405 75
2405 74
2405 77
2405 74
2405 74
2405 73
2405 75
2405 74
2405 73
2405 66
2405 74
2405 74
2405 74
2405 74
2405 72
2405 72
2405 73
2405 77
2405 74
2405 71
2405 72
2405 74
2405 72
2405 72
2405 73
2405 76
2405 73
2405 74
2405 74
2405 74
2405 75
2405 72
2405 73
2405 73
2405 71
2405 71
2405 74
2405 74
2405 74
2405 71
2405 73
2405 71
2405 74
2405 74
2405 74
2410 71
2410 72
2410 72
2410 74
2410 74
2410 71
2410 74
2410 74
2410 71
2410 72
2410 72
2410 68
2410 63
2410 71
2410 74
2410 77
2410 73
2410 68
2410 72
2410 71
2410 71
2410 71
2410 68
2410 71
2410 73
2410 73
2410 70
2410 69
2410 69
2410 68
2410 71
2410 73
2410 73
2410 72
2410 68
2410 71
2410 74
2410 74
2410 74
2410 69
2410 71
2410 69
2410 73
2410 73
2410 68
2410 69
2410 68
2410 70
2410 74
2410 69
2410 72
2410 68
2410 71
2410 73
2410 69
2410 71
2410 65
2410 73
2410 75
2410 70
2410 71
2410 71
2410 73
2410 71
2410 71
2410 69
2410 72
2410 72
2410 71
2410 69
2410 74
2410 72
2410 74
2410 72
2410 72
2410 73
2410 68
2410 72
2410 72
2410 74
2410 67
2410 72
2410 71
2410 73
2410 74
2410 74
2410 70
2410 73
2410 72
2410 72
2410 71
2410 69
2410 74
2410 70
2410 69
2410 69
2410 72
2410 69
2410 68
2410 73
2415 73
2415 71
2415 71
2415 69
2415 66
2415 69
2415 69
2415 68
2415 68
2415 68
2415 72
2415 69
2415 69
2415 69
2415 69
2415 68
2415 71
2415 69
2415 73
2415 68
2415 65
2415 68
2415 68
2415 63
2415 71
2415 66
2415 67
2415 64
2415 70
2415 69
2415 74
2415 71
2415 70
2415 67
2415 69
2415 67
2415 68
2415 69
2415 66
2415 69
2415 73
2415 67
2415 71
2415 69
2415 69
2415 71
2415 69
2415 71
2415 69
2415 67
2415 69
2415 73
2415 72
2415 69
2415 68
2415 68
2415 69
2415 68
2415 68
2415 71
2415 64
2415 67
2415 74
2415 68
2415 70
2415 69
2415 71
2415 69
2415 74
2415 72
2415 72
2415 71
2415 67
2415 67
2415 68
2415 71
2415 68
2415 71
2415 67
2415 67
2415 71
2415 68
2415 71
2415 68
2415 72
2415 68
2415 69
2415 68
2415 71
2415 69
2415 66
2415 69
2415 73
2415 72
2415 69
2415 68
2415 68
2415 72
2415 68
2415 69
2420 69
2420 67
2420 69
2420 68
2420 66
2420 68
2420 67
2420 66
2420 65
2420 65
2420 65
2420 68
2420 66
2420 65
2420 68
2420 69
2420 68
2420 63
2420 67
2420 68
2420 64
2420 65
2420 67
2420 65
2420 65
2420 64
2420 67
2420 66
2420 63
2420 68
2420 67
2420 66
2420 65
2420 68
2420 66
2420 66
2420 65
2420 67
2420 66
2420 68
2420 65
2420 64
2420 68
2420 69
2420 66
2420 68
2420 63
2420 66
2420 68
2420 64
2420 64
2420 65
2420 68
2420 68
2420 68
2420 69
2420 66
2420 65
2420 68
2420 65
2420 67
2420 66
2420 69
2420 69
2420 68
2420 65
2420 65
2420 65
2420 67
2420 65
2420 65
2420 67
2420 68
2420 65
2420 68
2420 68
2420 67
2420 68
2420 70
2420 65
2420 63
2420 66
2420 65
2420 68
2420 66
2420 67
2420 65
2420 68
2420 65
2420 65
2420 64
2420 65
2420 68
2420 68
2420 68
2420 67
2420 63
2420 67
2420 66
2420 68
2425 66
2425 65
2425 63
2425 63
2425 64
2425 64
2425 68
2425 64
2425 65
2425 65
2425 67
2425 64
2425 66
2425 65
2425 64
2425 62
2425 65
2425 66
2425 66
2425 63
2425 64
2425 66
2425 63
2425 65
2425 65
2425 66
2425 63
2425 65
2425 66
2425 65
2425 66
2425 64
2425 66
2425 63
2425 65
2425 61
2425 65
2425 65
2425 66
2425 68
2425 63
2425 65
2425 61
2425 66
2425 67
2425 63
2425 65
2425 64
2425 65
2425 62
2425 66
2425 65
2425 63
2425 65
2425 61
2425 62
2425 63
2425 67
2425 66
2425 64
2425 63
2425 67
2425 63
2425 63
2425 67
2425 63
2425 64
2425 64
2425 66
2425 68
2425 66
2425 65
2425 66
2425 67
2425 65
2425 67
2425 63
2425 63
2425 63
2425 68
2425 65
2425 66
2425 66
2425 65
2425 66
2425 65
2425 64
2425 67
2425 66
2425 65
2425 64
2425 66
2425 64
2425 66
2425 62
2425 65
2425 65
2425 68
2425 66
2425 64
2430 64
2430 64
2430 63
2430 63
2430 63
2430 65
2430 65
2430 63
2430 65
2430 62
2430 63
2430 65
2430 63
2430 64
2430 62
2430 64
2430 63
2430 61
2430 65
2430 63
2430 63
2430 64
2430 67
2430 64
2430 62
2430 64
2430 66
2430 63
2430 65
2430 63
2430 64
2430 64
2430 63
2430 62
2430 65
2430 63
2430 64
2430 63
2430 65
2430 65
2430 63
2430 64
2430 62
2430 63
2430 63
2430 64
2430 63
2430 63
2430 64
2430 62
2430 64
2430 64
2430 63
2430 64
2430 63
2430 67
2430 60
2430 63
2430 62
2430 64
2430 61
2430 63
2430 65
2430 64
2430 63
2430 64
2430 65
2430 63
2430 63
2430 62
2430 65
2430 63
2430 63
2430 62
2430 65
2430 63
2430 66
2430 61
2430 63
2430 63
2430 62
2430 64
2430 61
2430 63
2430 64
2430 62
2430 61
2430 61
2430 62
2430 65
2430 63
2430 64
2430 69
2430 63
2430 64
2430 63
2430 61
2430 60
2430 64
2435 61
2435 63
2435 59
2435 60
2435 59
2435 61
2435 63
2435 62
2435 63
2435 61
2435 63
2435 63
2435 61
2435 63
2435 61
2435 61
2435 61
2435 60
2435 62
2435 62
2435 64
2435 62
2435 63
2435 60
2435 62
2435 63
2435 60
2435 62
2435 62
2435 57
2435 61
2435 62
2435 63
2435 61
2435 62
2435 63
2435 63
2435 61
2435 62
2435 61
2435 63
2435 62
2435 62
2435 59
2435 58
2435 64
2435 62
2435 63
2435 64
2435 61
2435 61
2435 59
2435 63
2435 63
2435 60
2435 61
2435 65
2435 61
2435 62
2435 62
2435 62
2435 62
2435 61
2435 61
2435 58
2435 63
2435 60
2435 62
2435 63
2435 61
2435 63
2435 63
2435 63
2435 62
2435 62
2435 61
2435 62
2435 62
2435 60
2435 61
2435 59
2435 63
2435 61
2435 62
2435 62
2435 59
2435 63
2435 59
2435 62
2435 61
2435 63
2435 63
2435 63
2435 62
2435 62
2435 63
2435 64
2435 63
2435 63
2435 61
2440 63
2440 58
2440 58
2440 63
2440 59
2440 60
2440 62
2440 59
2440 62
2440 58
2440 60
2440 61
2440 58
2440 59
2440 57
2440 60
2440 55
2440 61
2440 58
2440 60
2440 61
2440 59
2440 57
2440 59
2440 58
2440 60
2440 58
2440 60
2440 58
2440 63
2440 58
2440 58
2440 59
2440 56
2440 59
2440 60
2440 57
2440 57
2440 59
2440 58
2440 58
2440 55
2440 60
2440 58
2440 58
2440 58
2440 59
2440 61
2440 61
2440 59
2440 62
2440 60
2440 61
2440 59
2440 62
2440 63
2440 62
2440 58
2440 56
2440 61
2440 59
2440 59
2440 62
2440 58
2440 60
2440 62
2440 59
2440 61
2440 57
2440 59
2440 58
2440 62
2440 59
2440 58
2440 61
2440 61
2440 62
2440 59
2440 60
2440 58
2440 60
2440 59
2440 61
2440 60
2440 57
2440 59
2440 61
2440 61
2440 59
2440 62
2440 58
2440 59
2440 61
2440 61
2440 58
2440 59
2440 57
2440 58
2440 59
2440 59
2445 58
2445 58
2445 58
2445 59
2445 58
2445 53
2445 54
2445 55
2445 59
2445 56
2445 57
2445 58
2445 58
2445 59
2445 58
2445 58
2445 55
2445 60
2445 58
2445 58
2445 54
2445 60
2445 58
2445 56
2445 59
2445 60
2445 59
2445 59
2445 57
2445 56
2445 58
2445 59
2445 60
2445 56
2445 58
2445 58
2445 59
2445 56
2445 58
2445 58
2445 58
2445 60
2445 58
2445 59
2445 58
2445 58
2445 54
2445 58
2445 58
2445 58
2445 54
2445 58
2445 58
2445 54
2445 58
2445 58
2445 57
2445 55
2445 57
2445 58
2445 58
2445 58
2445 58
2445 56
2445 58
2445 59
2445 56
2445 58
2445 57
2445 58
2445 54
2445 56
2445 60
2445 59
2445 58
2445 56
2445 58
2445 59
2445 58
2445 58
2445 56
2445 55
2445 58
2445 59
2445 58
2445 58
2445 59
2445 57
2445 57
2445 56
2445 58
2445 61
2445 56
2445 56
2445 56
2445 58
2445 58
2445 58
2445 58
2445 57
2450 56
2450 51
2450 56
2450 57
2450 56
2450 58
2450 54
2450 57
2450 58
2450 54
2450 54
2450 58
2450 56
2450 56
2450 55
2450 55
2450 56
2450 58
2450 59
2450 58
2450 53
2450 53
2450 55
2450 54
2450 58
2450 57
2450 56
2450 56
2450 54
2450 56
2450 56
2450 54
2450 59
2450 54
2450 55
2450 58
2450 57
2450 56
2450 55
2450 56
2450 58
2450 56
2450 56
2450 56
2450 56
2450 56
2450 56
2450 55
2450 55
2450 56
2450 54
2450 58
2450 57
2450 54
2450 57
2450 58
2450 58
2450 56
2450 58
2450 56
2450 56
2450 56
2450 58
2450 53
2450 53
2450 57
2450 58
2450 55
2450 55
2450 57
2450 57
2450 51
2450 58
2450 54
2450 58
2450 54
2450 56
2450 55
2450 55
2450 56
2450 55
2450 55
2450 54
2450 53
2450 56
2450 56
2450 53
2450 55
2450 54
2450 55
2450 57
2450 56
2450 55
2450 58
2450 56
2450 56
2450 52
2450 54
2450 56
2450 56
2455 52
2455 57
2455 56
2455 51
2455 56
2455 51
2455 54
2455 54
2455 52
2455 53
2455 56
2455 52
2455 51
2455 55
2455 52
2455 53
2455 54
2455 54
2455 54
2455 49
2455 54
2455 56
2455 52
2455 54
2455 54
2455 53
2455 52
2455 55
2455 53
2455 51
2455 52
2455 51
2455 52
2455 56
2455 56
2455 54
2455 51
2455 53
2455 53
2455 50
2455 57
2455 54
2455 51
2455 53
2455 53
2455 56
2455 51
2455 56
2455 51
2455 55
2455 53
2455 53
2455 54
2455 51
2455 56
2455 55
2455 53
2455 52
2455 53
2455 55
2455 55
2455 52
2455 53
2455 57
2455 54
2455 54
2455 56
2455 53
2455 50
2455 53
2455 56
2455 53
2455 54
2455 53
2455 54
2455 53
2455 51
2455 52
2455 52
2455 58
2455 52
2455 56
2455 56
2455 55
2455 52
2455 56
2455 51
2455 52
2455 52
2455 53
2455 54
2455 53
2455 51
2455 53
2455 53
2455 56
2455 52
2455 54
2455 55
2455 54
2460 49
2460 52
2460 51
2460 52
2460 52
2460 50
2460 50
2460 50
2460 52
2460 54
2460 49
2460 53
2460 50
2460 53
2460 51
2460 53
2460 50
2460 51
2460 52
2460 52
2460 52
2460 53
2460 51
2460 45
2460 50
2460 50
2460 49
2460 53
2460 49
2460 53
2460 51
2460 54
2460 49
2460 50
2460 49
2460 50
2460 51
2460 53
2460 54
2460 52
2460 49
2460 50
2460 51
2460 51
2460 50
2460 49
2460 53
2460 48
2460 50
2460 50
2460 54
2460 49
2460 51
2460 50
2460 53
2460 52
2460 51
2460 52
2460 51
2460 52
2460 53
2460 49
2460 50
2460 54
2460 51
2460 53
2460 49
2460 50
2460 54
2460 50
2460 53
2460 50
2460 51
2460 52
2460 51
2460 51
2460 51
2460 52
2460 51
2460 49
2460 53
2460 54
2460 47
2460 51
2460 49
2460 51
2460 49
2460 51
2460 52
2460 51
2460 51
2460 49
2460 51
2460 51
2460 53
2460 51
2460 49
2460 53
2460 52
2465 49
2465 47
2465 47
2465 49
2465 49
2465 49
2465 51
2465 50
2465 51
2465 50
2465 50
2465 49
2465 48
2465 51
2465 50
2465 49
2465 48
2465 47
2465 48
2465 47
2465 48
2465 51
2465 49
2465 51
2465 51
2465 50
2465 50
2465 45
2465 52
2465 51
2465 51
2465 48
2465 49
2465 49
2465 49
2465 45
2465 49
2465 50
2465 48
2465 50
2465 49
2465 49
2465 49
2465 49
2465 48
2465 50
2465 49
2465 49
2465 49
2465 52
2465 50
2465 52
2465 51
2465 50
2465 49
2465 49
2465 49
2465 49
2465 49
2465 51
2465 49
2465 51
2465 48
2465 50
2465 47
2465 50
2465 50
2465 49
2465 48
2465 50
2465 50
2465 49
2465 48
2465 50
2465 49
2465 51
2465 47
2465 51
2465 47
2465 47
2465 47
2465 48
2465 48
2465 50
2465 51
2465 49
2465 49
2465 49
2465 49
2465 49
2465 51
2465 51
2465 45
2465 48
2465 51
2465 49
2465 49
2465 46
2465 48
2465 51
2470 49
2470 49
2470 48
2470 48
2470 49
2470 47
2470 49
2470 48
2470 46
2470 46
2470 49
2470 47
2470 47
2470 47
2470 47
2470 48
2470 49
2470 48
2470 50
2470 47
2470 47
2470 49
2470 45
2470 48
2470 49
2470 48
2470 49
2470 49
2470 49
2470 50
2470 48
2470 49
2470 45
2470 49
2470 47
2470 49
2470 51
2470 51
2470 49
2470 45
2470 50
2470 45
2470 45
2470 47
2470 50
2470 49
2470 47
2470 46
2470 45
2470 47
2470 49
2470 48
2470 45
2470 48
2470 47
2470 49
2470 46
2470 49
2470 50
2470 47
2470 47
2470 48
2470 49
2470 49
2470 48
2470 47
2470 46
2470 47
2470 45
2470 48
2470 51
2470 49
2470 48
2470 49
2470 48
2470 49
2470 49
2470 49
2470 47
2470 49
2470 46
2470 45
2470 49
2470 48
2470 48
2470 49
2470 49
2470 49
2470 48
2470 47
2470 48
2470 47
2470 48
2470 49
2470 50
2470 50
2470 48
2470 45
2470 48
2470 49
2475 45
2475 45
2475 43
2475 42
2475 44
2475 45
2475 47
2475 46
2475 49
2475 49
2475 47
2475 46
2475 45
2475 42
2475 47
2475 46
2475 47
2475 47
2475 42
2475 47
2475 45
2475 44
2475 42
2475 45
2475 42
2475 48
2475 45
2475 46
2475 46
2475 47
2475 49
2475 46
2475 49
2475 45
2475 45
2475 49
2475 46
2475 47
2475 45
2475 45
2475 46
2475 46
2475 42
2475 45
2475 43
2475 49
2475 47
2475 46
2475 46
2475 47
2475 48
2475 50
2475 47
2475 48
2475 47
2475 47
2475 45
2475 48
2475 47
2475 47
2475 45
2475 45
2475 47
2475 49
2475 46
2475 45
2475 47
2475 45
2475 47
2475 48
2475 46
2475 48
2475 42
2475 47
2475 46
2475 47
2475 47
2475 48
2475 42
2475 46
2475 46
2475 45
2475 45
2475 43
2475 45
2475 46
2475 45
2475 42
2475 47
2475 45
2475 45
2475 48
2475 45
2475 48
2475 43
2475 43
2475 47
2475 47
2480 42
2480 42
2480 43
2480 41
2480 45
2480 42
2480 45
2480 42
2480 45
2480 42
2480 46
2480 42
2480 42
2480 45
2480 43
2480 42
2480 41
2480 42
2480 45
2480 43
2480 42
2480 42
2480 40
2480 45
2480 45
2480 43
2480 42
2480 43
2480 43
2480 45
2480 44
2480 42
2480 41
2480 48
2480 47
2480 42
2480 40
2480 45
2480 43
2480 46
2480 42
2480 41
2480 45
2480 43
2480 43
2480 42
2480 42
2480 45
2480 43
2480 45
2480 43
2480 41
2480 42
2480 45
2480 47
2480 45
2480 45
2480 42
2480 42
2480 45
2480 42
2480 45
2480 43
2480 43
2480 43
2480 48
2480 42
2480 42
2480 41
2480 43
2480 44
2480 45
2480 42
2480 42
2480 45
2480 43
2480 45
2480 42
2480 46
2480 39
2480 44
2480 46
2480 45
2480 48
2480 42
2480 44
2480 42
2480 42
2480 42
2480 45
2480 43
2480 42
2480 45
2480 47
2480 42
2480 42
2480 46
2480 42
2480 45
2480 43
2485 43
2485 42
2485 41
2485 39
2485 35
2485 42
2485 42
2485 44
2485 45
2485 41
2485 44
2485 41
2485 42
2485 42
2485 42
2485 42
2485 42
2485 43
2485 39
2485 38
2485 42
2485 36
2485 46
2485 42
2485 42
2485 40
2485 42
2485 42
2485 40
2485 41
2485 39
2485 42
2485 42
2485 42
2485 42
2485 42
2485 42
2485 42
2485 44
2485 39
2485 43
2485 44
2485 42
2485 42
2485 41
2485 45
2485 42
2485 40
2485 40
2485 42
2485 42
2485 40
2485 40
2485 43
2485 42
2485 39
2485 40
2485 38
2485 42
2485 42
2485 42
2485 41
2485 42
2485 40
2485 42
2485 42
2485 41
2485 43
2485 42
2485 43
2485 42
2485 43
2485 41
2485 41
2485 43
2485 40
2485 39
2485 43
2485 40
2485 39
2485 42
2485 42
2485 39
2485 43
2485 42
2485 42
2485 42
2485 42
2485 41
2485 42
2485 45
2485 39
2485 41
2485 45
2485 40
2485 42
2485 42
2485 37
2485 42
2490 40
2490 37
2490 37
2490 40
2490 34
2490 37
2490 41
2490 39
2490 37
2490 39
2490 42
2490 40
2490 42
2490 41
2490 40
2490 40
2490 42
2490 42
2490 40
2490 41
2490 42
2490 40
2490 37
2490 41
2490 41
2490 36
2490 42
2490 35
2490 37
2490 39
2490 41
2490 37
2490 38
2490 42
2490 39
2490 37
2490 39
2490 41
2490 41
2490 42
2490 37
2490 42
2490 37
2490 41
2490 38
2490 37
2490 42
2490 39
2490 42
2490 40
2490 41
2490 41
2490 39
2490 37
2490 39
2490 39
2490 42
2490 37
2490 39
2490 39
2490 39
2490 41
2490 39
2490 42
2490 40
2490 41
2490 41
2490 39
2490 39
2490 42
2490 40
2490 39
2490 39
2490 42
2490 36
2490 39
2490 38
2490 39
2490 37
2490 40
2490 41
2490 39
2490 41
2490 38
2490 40
2490 40
2490 40
2490 37
2490 36
2490 43
2490 38
2490 43
2490 39
2490 38
2490 40
2490 39
2490 37
2490 40
2490 39
2490 37
2495 39
2495 40
2495 40
2495 37
2495 41
2495 36
2495 37
2495 40
2495 39
2495 37
2495 39
2495 33
2495 40
2495 36
2495 34
2495 39
2495 37
2495 39
2495 36
2495 39
2495 41
2495 37
2495 36
2495 37
2495 36
2495 41
2495 38
2495 37
2495 35
2495 37
2495 37
2495 40
2495 37
2495 41
2495 34
2495 37
2495 37
2495 37
2495 36
2495 37
2495 36
2495 37
2495 40
2495 37
2495 35
2495 34
2495 37
2495 40
2495 39
2495 40
2495 36
2495 39
2495 35
2495 36
2495 35
2495 37
2495 40
2495 38
2495 35
2495 37
2495 42
2495 37
2495 40
2495 39
2495 37
2495 42
2495 39
2495 37
2495 40
2495 37
2495 39
2495 36
2495 39
2495 39
2495 39
2495 36
2495 36
2495 39
2495 37
2495 37
2495 40
2495 37
2495 35
2495 37
2495 37
2495 39
2495 39
2495 37
2495 34
2495 37
2495 36
2495 40
2495 39
2495 34
2495 40
2495 39
2495 33
2495 39
2495 37
2495 40
2500 37
2500 36
2500 37
2500 35
2500 33
2500 34
2500 36
2500 35
2500 36
2500 36
2500 40
2500 36
2500 34
2500 36
2500 36
2500 37
2500 36
2500 33
2500 36
2500 37
2500 33
2500 35
2500 35
2500 37
2500 33
2500 34
2500 35
2500 35
2500 34
2500 32
2500 36
2500 34
2500 36
2500 34
2500 37
2500 33
2500 33
2500 37
2500 35
2500 35
2500 34
2500 33
2500 34
2500 32
2500 33
2500 38
2500 32
2500 36
2500 36
2500 34
2500 37
2500 34
2500 34
2500 35
2500 34
2500 33
2500 36
2500 34
2500 34
2500 35
2500 35
2500 33
2500 35
2500 35
2500 35
2500 36
2500 34
2500 34
2500 33
2500 34
2500 33
2500 33
2500 34
2500 37
2500 37
2500 39
2500 35
2500 36
2500 33
2500 35
2500 35
2500 34
2500 35
2500 39
2500 37
2500 37
2500 31
2500 37
2500 33
2500 35
2500 33
2500 33
2500 36
2500 35
2500 39
2500 35
2500 37
2500 31
2500 36
2505 31
2505 33
2505 36
2505 32
2505 35
2505 33
2505 35
2505 33
2505 36
2505 31
2505 35
2505 33
2505 31
2505 34
2505 29
2505 30
2505 33
2505 31
2505 35
2505 35
2505 33
2505 33
2505 37
2505 36
2505 34
2505 33
2505 33
2505 36
2505 34
2505 33
2505 34
2505 33
2505 35
2505 36
2505 32
2505 32
2505 28
2505 37
2505 33
2505 33
2505 34
2505 34
2505 36
2505 33
2505 31
2505 30
2505 34
2505 33
2505 33
2505 32
2505 31
2505 33
2505 33
2505 32
2505 35
2505 31
2505 35
2505 31
2505 33
2505 33
2505 32
2505 33
2505 34
2505 32
2505 34
2505 32
2505 34
2505 33
2505 34
2505 33
2505 28
2505 35
2505 33
2505 33
2505 31
2505 33
2505 31
2505 36
2505 31
2505 35
2505 32
2505 35
2505 35
2505 33
2505 35
2505 33
2505 34
2505 33
2505 30
2505 34
2505 34
2505 31
2505 34
2505 34
2505 31
2505 33
2505 34
2505 35
2505 35
2510 33
2510 36
2510 31
2510 31
2510 31
2510 30
2510 31
2510 34
2510 34
2510 29
2510 33
2510 34
2510 31
2510 32
2510 26
2510 32
2510 34
2510 31
2510 35
2510 33
2510 31
2510 32
2510 32
2510 30
2510 34
2510 31
2510 30
2510 31
2510 29
2510 33
2510 31
2510 33
2510 29
2510 31
2510 32
2510 26
2510 34
2510 33
2510 31
2510 27
2510 32
2510 28
2510 31
2510 31
2510 33
2510 31
2510 31
2510 30
2510 33
2510 31
2510 31
2510 32
2510 33
2510 31
2510 31
2510 31
2510 32
2510 31
2510 33
2510 32
2510 33
2510 33
2510 33
2510 36
2510 31
2510 35
2510 32
2510 30
2510 32
2510 32
2510 32
2510 29
2510 32
2510 33
2510 27
2510 31
2510 32
2510 34
2510 31
2510 30
2510 31
2510 31
2510 34
2510 35
2510 26
2510 33
2510 33
2510 31
2510 29
2510 29
2510 33
2510 31
2510 32
2510 31
2510 29
2510 31
2510 31
2510 36
2510 32
2515 31
2515 30
2515 29
2515 29
2515 30
2515 30
2515 29
2515 31
2515 31
2515 31
2515 33
2515 29
2515 31
2515 29
2515 31
2515 29
2515 29
2515 30
2515 27
2515 29
2515 28
2515 29
2515 32
2515 28
2515 33
2515 29
2515 32
2515 24
2515 29
2515 31
2515 31
2515 31
2515 30
2515 31
2515 33
2515 30
2515 32
2515 31
2515 31
2515 31
2515 30
2515 30
2515 27
2515 30
2515 31
2515 31
2515 30
2515 31
2515 26
2515 28
2515 31
2515 31
2515 27
2515 28
2515 29
2515 31
2515 32
2515 32
2515 31
2515 31
2515 29
2515 31
2515 28
2515 29
2515 30
2515 31
2515 31
2515 33
2515 31
2515 30
2515 29
2515 31
2515 28
2515 29
2515 29
2515 31
2515 29
2515 28
2515 30
2515 30
2515 30
2515 28
2515 30
2515 32
2515 30
2515 30
2515 29
2515 27
2515 32
2515 32
2515 30
2515 30
2515 27
2515 31
2515 32
2515 31
2515 30
2515 31
2515 27
2515 31
2520 26
2520 28
2520 30
2520 25
2520 26
2520 26
2520 24
2520 26
2520 30
2520 26
2520 26
2520 26
2520 27
2520 30
2520 31
2520 26
2520 28
2520 29
2520 27
2520 28
2520 27
2520 28
2520 28
2520 26
2520 26
2520 26
2520 26
2520 26
2520 26
2520 26
2520 26
2520 28
2520 29
2520 30
2520 27
2520 29
2520 30
2520 27
2520 25
2520 31
2520 27
2520 29
2520 28
2520 26
2520 31
2520 24
2520 27
2520 27
2520 29
2520 27
2520 26
2520 27
2520 29
2520 27
2520 29
2520 31
2520 26
2520 29
2520 21
2520 30
2520 27
2520 29
2520 28
2520 29
2520 25
2520 27
2520 29
2520 30
2520 29
2520 27
2520 27
2520 31
2520 29
2520 29
2520 27
2520 28
2520 23
2520 27
2520 29
2520 29
2520 26
2520 31
2520 29
2520 30
2520 32
2520 27
2520 26
2520 27
2520 31
2520 28
2520 26
2520 27
2520 27
2520 29
2520 27
2520 27
2520 31
2520 32
2520 31
2520 27
2525 26
2525 28
2525 23
2525 27
2525 25
2525 26
2525 27
2525 28
2525 25
2525 27
2525 24
2525 26
2525 29
2525 28
2525 26
2525 25
2525 28
2525 26
2525 24
2525 21
2525 27
2525 28
2525 28
2525 24
2525 28
2525 23
2525 24
2525 26
2525 28
2525 26
2525 25
2525 26
2525 24
2525 24
2525 26
2525 26
2525 25
2525 26
2525 29
2525 25
2525 25
2525 26
2525 26
2525 25
2525 28
2525 26
2525 23
2525 25
2525 26
2525 27
2525 26
2525 24
2525 26
2525 28
2525 24
2525 26
2525 29
2525 20
2525 28
2525 22
2525 28
2525 26
2525 27
2525 26
2525 26
2525 25
2525 26
2525 28
2525 28
2525 25
2525 27
2525 24
2525 26
2525 29
2525 26
2525 24
2525 24
2525 27
2525 26
2525 25
2525 25
2525 29
2525 28
2525 29
2525 22
2525 24
2525 26
2525 27
2525 28
2525 27
2525 29
2525 26
2525 24
2525 26
2525 24
2525 26
2525 26
2525 25
2525 27
2525 28
2530 26
2530 25
2530 23
2530 27
2530 24
2530 22
2530 24
2530 26
2530 26
2530 25
2530 22
2530 24
2530 24
2530 26
2530 26
2530 26
2530 25
2530 24
2530 24
2530 24
2530 24
2530 22
2530 23
2530 24
2530 24
2530 23
2530 26
2530 26
2530 28
2530 27
2530 28
2530 26
2530 24
2530 24
2530 24
2530 20
2530 26
2530 27
2530 25
2530 26
2530 26
2530 26
2530 25
2530 25
2530 26
2530 25
2530 26
2530 28
2530 26
2530 27
2530 23
2530 22
2530 27
2530 23
2530 23
2530 27
2530 22
2530 21
2530 25
2530 24
2530 24
2530 26
2530 24
2530 26
2530 23
2530 22
2530 25
2530 22
2530 22
2530 23
2530 25
2530 25
2530 26
2530 25
2530 19
2530 26
2530 26
2530 22
2530 23
2530 26
2530 23
2530 21
2530 26
2530 26
2530 26
2530 24
2530 25
2530 22
2530 25
2530 22
2530 26
2530 21
2530 26
2530 23
2530 24
2530 23
2530 26
2530 26
2535 19
2535 24
2535 20
2535 22
2535 22
2535 21
2535 22
2535 18
2535 26
2535 21
2535 22
2535 18
2535 22
2535 20
2535 17
2535 19
2535 24
2535 22
2535 22
2535 20
2535 20
2535 24
2535 26
2535 21
2535 24
2535 23
2535 16
2535 22
2535 17
2535 22
2535 24
2535 21
2535 23
2535 22
2535 21
2535 20
2535 21
2535 23
2535 22
2535 24
2535 21
2535 22
2535 22
2535 22
2535 26
2535 26
2535 24
2535 22
2535 26
2535 21
2535 20
2535 22
2535 24
2535 23
2535 21
2535 19
2535 21
2535 21
2535 24
2535 21
2535 20
2535 23
2535 20
2535 23
2535 26
2535 22
2535 21
2535 20
2535 22
2535 19
2535 19
2535 24
2535 21
2535 24
2535 26
2535 24
2535 22
2535 18
2535 18
2535 23
2535 24
2535 21
2535 21
2535 21
2535 19
2535 23
2535 21
2535 23
2535 22
2535 22
2535 24
2535 22
2535 24
2535 23
2535 19
2535 22
2535 22
2535 24
2535 20
2535 22
2540 16
2540 18
2540 19
2540 20
2540 17
2540 18
2540 17
2540 19
2540 20
2540 20
2540 18
2540 20
2540 20
2540 21
2540 18
2540 17
2540 20
2540 19
2540 21
2540 19
2540 19
2540 19
2540 16
2540 18
2540 19
2540 21
2540 19
2540 17
2540 22
2540 18
2540 19
2540 19
2540 19
2540 21
2540 17
2540 19
2540 19
2540 19
2540 21
2540 22
2540 22
2540 21
2540 20
2540 19
2540 20
2540 20
2540 16
2540 18
2540 19
2540 19
2540 18
2540 19
2540 22
2540 18
2540 22
2540 13
2540 21
2540 20
2540 19
2540 19
2540 17
2540 18
2540 20
2540 24
2540 20
2540 19
2540 21
2540 22
2540 21
2540 19
2540 19
2540 19
2540 20
2540 20
2540 18
2540 16
2540 21
2540 22
2540 17
2540 21
2540 21
2540 21
2540 16
2540 19
2540 20
2540 21
2540 19
2540 19
2540 19
2540 17
2540 20
2540 19
2540 16
2540 21
2540 22
2540 19
2540 16
2540 20
2540 17
2540 20
2545 19
2545 19
2545 17
2545 16
2545 18
2545 17
2545 20
2545 17
2545 18
2545 18
2545 20
2545 19
2545 17
2545 19
2545 18
2545 18
2545 15
2545 18
2545 19
2545 18
2545 18
2545 17
2545 21
2545 18
2545 18
2545 19
2545 15
2545 18
2545 18
2545 17
2545 19
2545 16
2545 14
2545 18
2545 18
2545 18
2545 17
2545 18
2545 18
2545 17
2545 14
2545 19
2545 17
2545 18
2545 20
2545 21
2545 18
2545 19
2545 17
2545 15
2545 18
2545 19
2545 16
2545 16
2545 18
2545 18
2545 17
2545 17
2545 17
2545 18
2545 18
2545 17
2545 19
2545 18
2545 20
2545 17
2545 20
2545 17
2545 17
2545 21
2545 20
2545 17
2545 19
2545 17
2545 18
2545 18
2545 19
2545 18
2545 14
2545 18
2545 19
2545 20
2545 17
2545 18
2545 19
2545 19
2545 19
2545 17
2545 17
2545 17
2545 14
2545 15
2545 18
2545 18
2545 16
2545 19
2545 17
2545 16
2545 15
2545 18
2550 19
2550 14
2550 13
2550 15
2550 16
2550 17
2550 17
2550 14
2550 15
2550 13
2550 17
2550 17
2550 16
2550 17
2550 17
2550 13
2550 15
2550 16
2550 16
2550 18
2550 17
2550 15
2550 15
2550 17
2550 15
2550 16
2550 14
2550 15
2550 17
2550 18
2550 18
2550 17
2550 19
2550 15
2550 19
2550 14
2550 12
2550 17
2550 15
2550 17
2550 14
2550 17
2550 13
2550 19
2550 13
2550 16
2550 16
2550 15
2550 19
2550 19
2550 17
2550 17
2550 15
2550 17
2550 14
2550 17
2550 15
2550 17
2550 14
2550 17
2550 17
2550 15
2550 13
2550 14
2550 16
2550 13
2550 15
2550 16
2550 17
2550 17
2550 13
2550 16
2550 17
2550 16
2550 10
2550 13
2550 17
2550 19
2550 14
2550 18
2550 17
2550 16
2550 17
2550 15
2550 18
2550 16
2550 16
2550 17
2550 16
2550 15
2550 15
2550 17
2550 14
2550 15
2550 14
2550 15
2550 17
2550 16
2550 17
2550 17
2555 14
2555 17
2555 15
2555 14
2555 13
2555 19
2555 15
2555 15
2555 17
2555 13
2555 16
2555 15
2555 14
2555 14
2555 13
2555 11
2555 15
2555 17
2555 13
2555 16
2555 15
2555 18
2555 17
2555 15
2555 14
2555 15
2555 13
2555 13
2555 16
2555 15
2555 15
2555 17
2555 13
2555 14
2555 16
2555 15
2555 13
2555 9
2555 14
2555 13
2555 15
2555 16
2555 15
2555 16
2555 13
2555 11
2555 14
2555 10
2555 13
2555 15
2555 17
2555 15
2555 15
2555 13
2555 14
2555 13
2555 15
2555 13
2555 14
2555 17
2555 10
2555 17
2555 14
2555 13
2555 16
2555 13
2555 14
2555 14
2555 17
2555 13
2555 15
2555 13
2555 16
2555 13
2555 13
2555 14
2555 17
2555 16
2555 14
2555 14
2555 16
2555 13
2555 16
2555 15
2555 14
2555 15
2555 13
2555 15
2555 14
2555 14
2555 14
2555 16
2555 15
2555 14
2555 14
2555 17
2555 14
2555 17
2555 17
2555 16
2560 15
2560 13
2560 15
2560 15
2560 11
2560 15
2560 11
2560 10
2560 11
2560 12
2560 13
2560 13
2560 13
2560 12
2560 11
2560 11
2560 13
2560 14
2560 13
2560 13
2560 13
2560 15
2560 11
2560 13
2560 15
2560 10
2560 15
2560 12
2560 14
2560 13
2560 14
2560 12
2560 9
2560 14
2560 15
2560 11
2560 15
2560 14
2560 10
2560 15
2560 13
2560 10
2560 13
2560 13
2560 14
2560 13
2560 13
2560 13
2560 15
2560 13
2560 14
2560 13
2560 15
2560 12
2560 11
2560 14
2560 10
2560 11
2560 11
2560 13
2560 13
2560 15
2560 13
2560 13
2560 15
2560 13
2560 11
2560 13
2560 9
2560 12
2560 15
2560 12
2560 13
2560 17
2560 13
2560 14
2560 12
2560 12
2560 12
2560 10
2560 10
2560 10
2560 12
2560 12
2560 14
2560 12
2560 11
2560 12
2560 15
2560 12
2560 13
2560 9
2560 13
2560 10
2560 13
2560 14
2560 13
2560 11
2560 16
2560 14
2565 10
2565 11
2565 11
2565 10
2565 10
2565 13
2565 10
2565 9
2565 9
2565 10
2565 13
2565 10
2565 10
2565 8
2565 8
2565 10
2565 9
2565 10
2565 8
2565 10
2565 10
2565 10
2565 11
2565 8
2565 10
2565 10
2565 13
2565 10
2565 10
2565 10
2565 13
2565 9
2565 10
2565 13
2565 9
2565 10
2565 9
2565 13
2565 9
2565 10
2565 10
2565 10
2565 10
2565 10
2565 8
2565 10
2565 10
2565 9
2565 12
2565 9
2565 9
2565 11
2565 8
2565 11
2565 10
2565 10
2565 11
2565 10
2565 10
2565 10
2565 8
2565 13
2565 5
2565 8
2565 10
2565 11
2565 10
2565 10
2565 11
2565 10
2565 8
2565 8
2565 8
2565 13
2565 10
2565 14
2565 10
2565 12
2565 11
2565 8
2565 4
2565 9
2565 5
2565 9
2565 12
2565 10
2565 10
2565 9
2565 12
2565 11
2565 10
2565 13
2565 10
2565 9
2565 13
2565 11
2565 10
2565 13
2565 9
2565 10
2570 9
2570 9
2570 10
2570 7
2570 10
2570 10
2570 10
2570 9
2570 9
2570 8
2570 10
2570 8
2570 11
2570 12
2570 10
2570 7
2570 8
2570 7
2570 9
2570 10
2570 10
2570 7
2570 10
2570 5
2570 5
2570 6
2570 8
2570 10
2570 9
2570 10
2570 10
2570 6
2570 8
2570 9
2570 7
2570 8
2570 9
2570 4
2570 10
2570 10
2570 5
2570 9
2570 5
2570 7
2570 7
2570 9
2570 10
2570 9
2570 10
2570 10
2570 5
2570 4
2570 10
2570 10
2570 7
2570 12
2570 9
2570 13
2570 5
2570 11
2570 7
2570 6
2570 7
2570 7
2570 9
2570 7
2570 10
2570 7
2570 8
2570 4
2570 4
2570 5
2570 8
2570 10
2570 10
2570 9
2570 10
2570 10
2570 10
2570 8
2570 9
2570 10
2570 10
2570 10
2570 9
2570 9
2570 4
2570 10
2570 7
2570 10
2570 7
2570 10
2570 8
2570 8
2570 7
2570 9
2570 10
2570 10
2570 7
2570 8
2575 6
2575 9
2575 8
2575 10
2575 7
2575 8
2575 5
2575 5
2575 8
2575 4
2575 7
2575 8
2575 10
2575 9
2575 9
2575 10
2575 8
2575 7
2575 5
2575 6
2575 7
2575 5
2575 5
2575 7
2575 5
2575 10
2575 7
2575 5
2575 4
2575 6
2575 9
2575 5
2575 9
2575 9
2575 8
2575 5
2575 9
2575 7
2575 5
2575 8
2575 7
2575 7
2575 6
2575 8
2575 7
2575 8
2575 6
2575 9
2575 6
2575 10
2575 7
2575 10
2575 5
2575 10
2575 4
2575 7
2575 8
2575 4
2575 6
2575 10
2575 9
2575 7
2575 10
2575 7
2575 5
2575 9
2575 7
2575 4
2575 5
2575 8
2575 7
2575 10
2575 5
2575 9
2575 8
2575 4
2575 10
2575 5
2575 9
2575 10
2575 8
2575 7
2575 5
2575 6
2575 5
2575 5
2575 7
2575 9
2575 4
2575 8
2575 8
2575 5
2575 8
2575 7
2575 9
2580 4
2580 5
2580 5
2580 4
2580 5
2580 8
2580 4
2580 6
2580 5
2580 4
2580 4
2580 5
2580 5
2580 4
2580 4
2580 5
2580 7
2580 5
2580 5
2580 4
2580 5
2580 5
2580 5
2580 5
2580 4
2580 4
2580 5
2580 6
2580 5
2580 4
2580 5
2580 7
2580 5
2580 4
2580 4
2580 7
2580 8
2580 5
2580 8
2580 5
2580 6
2580 7
2580 4
2580 5
2580 4
2580 4
2580 4
2580 4
2585 5
2585 4
2585 4
2585 6
2585 4
2585 4
2585 4
2585 5
2585 4
2585 5
2585 5
2585 4
2585 4
2585 4
