TOA measurement vs Delay ---- Mon Jun 15 00:49:30 2020
Pixel = 4
config file = config/asic_config_B4.yml
NofIterations = 100
LSBest = 22.82419037274143
mean value = [  0.           0.           0.           0.           0.
   0.           0.           0.           0.           0.
   0.           0.           0.           0.           0.
   0.           0.           0.           0.           0.
   0.           0.           0.           0.           0.
   0.           0.         125.95698925 123.64       121.27
 119.56       117.35353535 115.07       112.77       111.46
 109.22       106.27       104.72       102.80612245 100.77
  97.80808081  95.63        94.23469388  92.42        89.76
  87.84        85.99        84.17171717  81.29        79.56565657
  77.48        74.85        73.13        70.85        68.92857143
  66.80808081  63.72        62.24242424  60.89        58.96
  56.34        54.56        52.87        50.86734694  48.23
  46.46        43.84        42.06122449  39.4         37.84848485
  35.06        33.14285714  31.14        29.82828283  28.
  25.49494949  22.91        20.93939394  19.41        16.94
  14.42        11.75         9.97979798   7.95         4.97
   3.17307692   0.           0.           0.           0.
   0.           0.           0.           0.           0.
   0.           0.           0.           0.           0.        ]
sigma = [0.         0.         0.         0.         0.         0.
 0.         0.         0.         0.         0.         0.
 0.         0.         0.         0.         0.         0.
 0.         0.         0.         0.         0.         0.
 0.         0.         0.         0.3528373  0.61133733 0.69313298
 0.62428626 0.62664944 0.80525358 0.66365151 0.5930711  0.8455373
 0.52955957 0.80307741 0.52956464 0.98001701 0.72197495 0.59702038
 0.5127826  0.69780609 0.75215247 0.59810813 0.70230573 0.55350863
 0.57378858 0.62420238 0.86771731 0.57518113 0.73241609 0.48045118
 0.87287156 0.50854849 0.65186911 0.51670888 0.77539237 0.72231111
 0.57247999 0.74144004 0.58002873 0.96596244 0.61679278 0.7561305
 0.93687424 0.40151905 0.73711148 0.57715142 0.56544967 0.82168733
 0.55112007 0.55350863 0.58594653 0.67418095 0.65209917 0.63473818
 0.65209917 0.54747907 0.66853073 0.93318451 0.35118265 0.99540611
 1.01608727 0.61668532 0.         0.         0.         0.
 0.         0.         0.         0.         0.         0.
 0.         0.         0.         0.        ]
Pulse delay   TOA 
2275 24
2280 22
2285 18
2290 17
2295 14
2300 11
2335 126
2335 126
2335 126
2335 126
2335 126
2335 126
2335 126
2335 126
2335 126
2335 126
2335 126
2335 126
2335 126
2335 126
2335 126
2335 126
2335 126
2335 126
2335 126
2335 125
2335 126
2335 126
2335 126
2335 126
2335 126
2335 126
2335 126
2335 126
2335 126
2335 126
2335 126
2335 126
2335 126
2335 126
2335 126
2335 126
2335 126
2335 126
2335 126
2335 126
2335 126
2335 126
2335 126
2335 126
2335 126
2335 126
2335 126
2335 126
2335 126
2335 126
2335 126
2335 126
2335 126
2335 126
2335 126
2335 126
2335 126
2335 126
2335 126
2335 126
2335 126
2335 126
2335 126
2335 126
2335 126
2335 126
2335 126
2335 126
2335 126
2335 126
2335 126
2335 126
2335 126
2335 126
2335 126
2335 126
2335 125
2335 126
2335 126
2335 126
2335 126
2335 126
2335 126
2335 126
2335 126
2335 126
2335 125
2335 126
2335 126
2335 126
2335 126
2335 126
2335 125
2340 124
2340 123
2340 124
2340 124
2340 124
2340 124
2340 123
2340 124
2340 124
2340 124
2340 123
2340 124
2340 124
2340 122
2340 123
2340 124
2340 123
2340 124
2340 123
2340 124
2340 123
2340 124
2340 124
2340 124
2340 124
2340 124
2340 124
2340 124
2340 124
2340 123
2340 124
2340 123
2340 123
2340 124
2340 123
2340 124
2340 124
2340 124
2340 123
2340 123
2340 124
2340 124
2340 124
2340 124
2340 124
2340 124
2340 124
2340 123
2340 124
2340 124
2340 124
2340 123
2340 124
2340 124
2340 124
2340 123
2340 123
2340 124
2340 124
2340 124
2340 123
2340 123
2340 123
2340 123
2340 124
2340 123
2340 124
2340 124
2340 124
2340 123
2340 123
2340 124
2340 124
2340 124
2340 123
2340 123
2340 123
2340 124
2340 122
2340 123
2340 124
2340 124
2340 123
2340 124
2340 124
2340 124
2340 124
2340 123
2340 124
2340 123
2340 124
2340 125
2340 124
2340 124
2340 124
2340 124
2340 123
2340 124
2340 123
2340 124
2345 122
2345 122
2345 122
2345 122
2345 121
2345 121
2345 122
2345 122
2345 121
2345 121
2345 122
2345 121
2345 121
2345 122
2345 122
2345 122
2345 121
2345 121
2345 121
2345 120
2345 121
2345 121
2345 121
2345 121
2345 121
2345 120
2345 121
2345 121
2345 121
2345 121
2345 121
2345 122
2345 121
2345 121
2345 120
2345 121
2345 121
2345 122
2345 121
2345 121
2345 121
2345 121
2345 121
2345 122
2345 122
2345 121
2345 121
2345 121
2345 122
2345 122
2345 123
2345 121
2345 122
2345 121
2345 121
2345 122
2345 122
2345 121
2345 120
2345 121
2345 121
2345 121
2345 120
2345 122
2345 121
2345 122
2345 121
2345 120
2345 120
2345 121
2345 121
2345 121
2345 122
2345 121
2345 121
2345 121
2345 120
2345 121
2345 122
2345 122
2345 121
2345 121
2345 121
2345 122
2345 121
2345 122
2345 122
2345 121
2345 121
2345 121
2345 122
2345 121
2345 122
2345 123
2345 121
2345 122
2345 121
2345 122
2345 121
2345 121
2350 119
2350 119
2350 120
2350 119
2350 120
2350 119
2350 119
2350 119
2350 120
2350 119
2350 119
2350 119
2350 120
2350 120
2350 120
2350 120
2350 120
2350 120
2350 118
2350 120
2350 118
2350 120
2350 120
2350 120
2350 120
2350 120
2350 119
2350 120
2350 119
2350 119
2350 120
2350 120
2350 120
2350 120
2350 120
2350 119
2350 120
2350 119
2350 119
2350 119
2350 120
2350 119
2350 120
2350 120
2350 120
2350 119
2350 118
2350 120
2350 119
2350 120
2350 120
2350 120
2350 119
2350 119
2350 120
2350 119
2350 119
2350 119
2350 120
2350 120
2350 120
2350 119
2350 119
2350 120
2350 120
2350 119
2350 120
2350 120
2350 120
2350 120
2350 120
2350 120
2350 119
2350 120
2350 119
2350 120
2350 120
2350 119
2350 120
2350 119
2350 120
2350 120
2350 119
2350 120
2350 119
2350 119
2350 120
2350 120
2350 120
2350 119
2350 120
2350 119
2350 119
2350 120
2350 120
2350 119
2350 120
2350 120
2350 120
2350 120
2355 117
2355 118
2355 117
2355 117
2355 117
2355 117
2355 118
2355 117
2355 118
2355 118
2355 117
2355 117
2355 117
2355 117
2355 118
2355 117
2355 117
2355 118
2355 117
2355 117
2355 117
2355 118
2355 117
2355 117
2355 117
2355 119
2355 117
2355 117
2355 117
2355 117
2355 117
2355 118
2355 117
2355 117
2355 117
2355 117
2355 118
2355 118
2355 117
2355 118
2355 117
2355 118
2355 118
2355 118
2355 117
2355 117
2355 117
2355 118
2355 117
2355 117
2355 118
2355 118
2355 118
2355 117
2355 119
2355 117
2355 117
2355 118
2355 117
2355 118
2355 118
2355 118
2355 118
2355 118
2355 117
2355 118
2355 117
2355 117
2355 117
2355 117
2355 117
2355 117
2355 117
2355 117
2355 117
2355 117
2355 119
2355 118
2355 117
2355 117
2355 117
2355 116
2355 117
2355 117
2355 118
2355 117
2355 117
2355 117
2355 117
2355 117
2355 118
2355 117
2355 117
2355 118
2355 117
2355 117
2355 117
2355 117
2355 118
2360 116
2360 114
2360 115
2360 116
2360 116
2360 116
2360 115
2360 115
2360 116
2360 115
2360 115
2360 115
2360 114
2360 114
2360 114
2360 116
2360 114
2360 115
2360 115
2360 114
2360 116
2360 115
2360 116
2360 115
2360 115
2360 115
2360 115
2360 114
2360 116
2360 114
2360 114
2360 116
2360 114
2360 115
2360 115
2360 115
2360 115
2360 114
2360 114
2360 116
2360 115
2360 116
2360 116
2360 114
2360 113
2360 115
2360 115
2360 115
2360 115
2360 115
2360 115
2360 116
2360 116
2360 114
2360 116
2360 116
2360 114
2360 115
2360 116
2360 116
2360 115
2360 116
2360 116
2360 114
2360 115
2360 115
2360 116
2360 115
2360 116
2360 114
2360 115
2360 114
2360 115
2360 114
2360 116
2360 115
2360 115
2360 115
2360 116
2360 116
2360 115
2360 116
2360 115
2360 115
2360 115
2360 116
2360 114
2360 114
2360 115
2360 115
2360 116
2360 116
2360 114
2360 115
2360 116
2360 115
2360 115
2360 115
2360 115
2360 115
2365 113
2365 113
2365 113
2365 113
2365 113
2365 112
2365 112
2365 112
2365 112
2365 113
2365 113
2365 112
2365 113
2365 113
2365 112
2365 112
2365 113
2365 113
2365 113
2365 114
2365 113
2365 114
2365 113
2365 113
2365 112
2365 114
2365 113
2365 112
2365 113
2365 112
2365 113
2365 113
2365 114
2365 113
2365 113
2365 113
2365 113
2365 112
2365 112
2365 113
2365 112
2365 113
2365 113
2365 113
2365 113
2365 113
2365 112
2365 113
2365 113
2365 112
2365 112
2365 113
2365 112
2365 113
2365 112
2365 113
2365 113
2365 113
2365 112
2365 112
2365 113
2365 112
2365 113
2365 113
2365 113
2365 113
2365 112
2365 113
2365 112
2365 112
2365 112
2365 113
2365 113
2365 113
2365 113
2365 114
2365 112
2365 113
2365 113
2365 112
2365 113
2365 112
2365 112
2365 114
2365 113
2365 112
2365 112
2365 113
2365 113
2365 113
2365 113
2365 114
2365 113
2365 112
2365 113
2365 114
2365 113
2365 113
2365 114
2365 113
2370 112
2370 112
2370 111
2370 111
2370 112
2370 111
2370 112
2370 112
2370 111
2370 111
2370 112
2370 111
2370 112
2370 111
2370 112
2370 111
2370 112
2370 111
2370 112
2370 111
2370 111
2370 112
2370 111
2370 112
2370 111
2370 111
2370 111
2370 112
2370 112
2370 111
2370 112
2370 112
2370 111
2370 111
2370 112
2370 111
2370 111
2370 111
2370 112
2370 111
2370 112
2370 112
2370 111
2370 111
2370 112
2370 112
2370 111
2370 112
2370 112
2370 111
2370 111
2370 112
2370 111
2370 112
2370 111
2370 112
2370 111
2370 112
2370 112
2370 113
2370 111
2370 111
2370 111
2370 111
2370 112
2370 111
2370 111
2370 112
2370 112
2370 111
2370 112
2370 112
2370 112
2370 112
2370 112
2370 111
2370 111
2370 112
2370 111
2370 111
2370 111
2370 112
2370 111
2370 111
2370 111
2370 111
2370 111
2370 112
2370 111
2370 111
2370 111
2370 112
2370 111
2370 111
2370 111
2370 111
2370 111
2370 112
2370 112
2370 112
2375 108
2375 109
2375 110
2375 107
2375 109
2375 109
2375 109
2375 109
2375 110
2375 109
2375 107
2375 109
2375 109
2375 109
2375 110
2375 107
2375 109
2375 109
2375 109
2375 109
2375 110
2375 109
2375 109
2375 109
2375 109
2375 109
2375 108
2375 110
2375 108
2375 110
2375 109
2375 110
2375 108
2375 110
2375 109
2375 109
2375 109
2375 109
2375 109
2375 110
2375 109
2375 109
2375 108
2375 109
2375 110
2375 109
2375 108
2375 111
2375 109
2375 109
2375 110
2375 111
2375 110
2375 110
2375 109
2375 109
2375 110
2375 110
2375 110
2375 110
2375 109
2375 110
2375 109
2375 110
2375 107
2375 109
2375 109
2375 109
2375 109
2375 109
2375 109
2375 110
2375 110
2375 110
2375 110
2375 110
2375 107
2375 109
2375 109
2375 109
2375 109
2375 110
2375 109
2375 110
2375 109
2375 110
2375 110
2375 110
2375 109
2375 109
2375 110
2375 110
2375 109
2375 110
2375 109
2375 109
2375 110
2375 109
2375 109
2375 110
2380 106
2380 107
2380 106
2380 107
2380 106
2380 107
2380 106
2380 106
2380 106
2380 106
2380 106
2380 106
2380 106
2380 106
2380 106
2380 106
2380 106
2380 106
2380 106
2380 106
2380 106
2380 107
2380 106
2380 106
2380 106
2380 106
2380 107
2380 106
2380 107
2380 107
2380 107
2380 106
2380 106
2380 106
2380 106
2380 106
2380 107
2380 107
2380 107
2380 107
2380 106
2380 106
2380 106
2380 106
2380 106
2380 106
2380 106
2380 107
2380 107
2380 106
2380 106
2380 106
2380 106
2380 106
2380 106
2380 106
2380 106
2380 106
2380 106
2380 106
2380 106
2380 107
2380 107
2380 106
2380 106
2380 107
2380 107
2380 106
2380 106
2380 106
2380 107
2380 106
2380 106
2380 106
2380 106
2380 106
2380 106
2380 106
2380 106
2380 107
2380 106
2380 106
2380 107
2380 106
2380 106
2380 106
2380 107
2380 107
2380 107
2380 106
2380 106
2380 107
2380 106
2380 106
2380 107
2380 107
2380 106
2380 106
2380 106
2380 106
2385 106
2385 105
2385 105
2385 106
2385 104
2385 105
2385 104
2385 103
2385 105
2385 105
2385 105
2385 105
2385 105
2385 105
2385 105
2385 105
2385 105
2385 105
2385 105
2385 105
2385 106
2385 105
2385 105
2385 105
2385 105
2385 105
2385 104
2385 105
2385 105
2385 105
2385 105
2385 105
2385 105
2385 104
2385 104
2385 105
2385 105
2385 104
2385 104
2385 105
2385 106
2385 104
2385 103
2385 103
2385 105
2385 103
2385 104
2385 103
2385 105
2385 105
2385 105
2385 105
2385 103
2385 105
2385 105
2385 106
2385 105
2385 105
2385 105
2385 105
2385 105
2385 105
2385 105
2385 105
2385 103
2385 105
2385 105
2385 105
2385 105
2385 103
2385 105
2385 104
2385 103
2385 105
2385 106
2385 105
2385 104
2385 105
2385 105
2385 105
2385 105
2385 105
2385 106
2385 103
2385 105
2385 105
2385 105
2385 105
2385 105
2385 105
2385 105
2385 105
2385 105
2385 105
2385 105
2385 104
2385 103
2385 105
2385 105
2385 104
2390 103
2390 103
2390 103
2390 103
2390 102
2390 103
2390 103
2390 103
2390 103
2390 103
2390 102
2390 102
2390 103
2390 103
2390 103
2390 103
2390 103
2390 103
2390 103
2390 103
2390 102
2390 102
2390 102
2390 103
2390 103
2390 103
2390 103
2390 103
2390 103
2390 103
2390 103
2390 103
2390 102
2390 103
2390 103
2390 103
2390 103
2390 103
2390 103
2390 103
2390 103
2390 102
2390 103
2390 103
2390 103
2390 102
2390 103
2390 103
2390 102
2390 102
2390 102
2390 103
2390 103
2390 103
2390 102
2390 104
2390 103
2390 103
2390 103
2390 103
2390 103
2390 103
2390 103
2390 103
2390 102
2390 102
2390 103
2390 102
2390 104
2390 103
2390 103
2390 103
2390 103
2390 103
2390 102
2390 102
2390 103
2390 102
2390 103
2390 103
2390 103
2390 103
2390 103
2390 103
2390 103
2390 102
2390 102
2390 103
2390 103
2390 103
2390 103
2390 103
2390 103
2390 103
2390 103
2390 103
2390 103
2390 103
2395 102
2395 101
2395 101
2395 99
2395 101
2395 101
2395 101
2395 99
2395 101
2395 101
2395 101
2395 102
2395 101
2395 101
2395 101
2395 101
2395 101
2395 101
2395 102
2395 101
2395 101
2395 101
2395 99
2395 102
2395 101
2395 99
2395 102
2395 102
2395 101
2395 101
2395 101
2395 101
2395 101
2395 99
2395 102
2395 101
2395 99
2395 99
2395 101
2395 101
2395 101
2395 101
2395 101
2395 101
2395 101
2395 101
2395 101
2395 101
2395 99
2395 101
2395 101
2395 99
2395 101
2395 102
2395 101
2395 99
2395 101
2395 99
2395 99
2395 101
2395 101
2395 101
2395 99
2395 101
2395 101
2395 99
2395 101
2395 99
2395 103
2395 101
2395 101
2395 101
2395 101
2395 101
2395 101
2395 101
2395 99
2395 101
2395 101
2395 101
2395 101
2395 101
2395 101
2395 101
2395 102
2395 101
2395 101
2395 99
2395 102
2395 101
2395 102
2395 99
2395 101
2395 101
2395 102
2395 101
2395 101
2395 102
2395 99
2395 101
2400 99
2400 98
2400 98
2400 98
2400 99
2400 98
2400 98
2400 98
2400 98
2400 99
2400 96
2400 97
2400 98
2400 98
2400 99
2400 97
2400 97
2400 99
2400 98
2400 98
2400 97
2400 98
2400 97
2400 97
2400 97
2400 97
2400 98
2400 97
2400 98
2400 98
2400 97
2400 98
2400 98
2400 98
2400 98
2400 98
2400 98
2400 98
2400 98
2400 98
2400 99
2400 97
2400 96
2400 97
2400 98
2400 98
2400 98
2400 98
2400 97
2400 97
2400 98
2400 97
2400 97
2400 97
2400 98
2400 97
2400 97
2400 98
2400 98
2400 97
2400 99
2400 97
2400 98
2400 99
2400 98
2400 98
2400 97
2400 99
2400 97
2400 97
2400 98
2400 98
2400 97
2400 98
2400 98
2400 98
2400 98
2400 98
2400 98
2400 99
2400 98
2400 98
2400 98
2400 98
2400 98
2400 98
2400 98
2400 98
2400 99
2400 97
2400 98
2400 99
2400 98
2400 97
2400 98
2400 98
2400 98
2400 98
2400 98
2405 95
2405 96
2405 96
2405 96
2405 95
2405 95
2405 96
2405 95
2405 96
2405 96
2405 95
2405 96
2405 95
2405 96
2405 95
2405 95
2405 96
2405 96
2405 96
2405 96
2405 95
2405 95
2405 95
2405 96
2405 95
2405 95
2405 96
2405 96
2405 96
2405 96
2405 95
2405 96
2405 95
2405 95
2405 96
2405 96
2405 95
2405 96
2405 96
2405 96
2405 95
2405 96
2405 96
2405 96
2405 95
2405 95
2405 95
2405 95
2405 95
2405 95
2405 96
2405 95
2405 96
2405 95
2405 95
2405 96
2405 95
2405 96
2405 96
2405 95
2405 96
2405 96
2405 95
2405 96
2405 96
2405 96
2405 96
2405 96
2405 96
2405 96
2405 96
2405 96
2405 96
2405 96
2405 96
2405 96
2405 96
2405 96
2405 97
2405 95
2405 96
2405 95
2405 96
2405 96
2405 95
2405 96
2405 96
2405 96
2405 96
2405 96
2405 95
2405 97
2405 95
2405 96
2405 95
2405 95
2405 96
2405 96
2405 95
2405 95
2410 95
2410 94
2410 94
2410 94
2410 95
2410 94
2410 94
2410 94
2410 94
2410 94
2410 95
2410 94
2410 94
2410 94
2410 94
2410 94
2410 94
2410 94
2410 94
2410 94
2410 94
2410 94
2410 94
2410 94
2410 94
2410 94
2410 95
2410 94
2410 94
2410 94
2410 94
2410 95
2410 94
2410 94
2410 94
2410 94
2410 94
2410 95
2410 94
2410 95
2410 94
2410 94
2410 94
2410 94
2410 94
2410 94
2410 95
2410 95
2410 94
2410 94
2410 94
2410 94
2410 94
2410 95
2410 94
2410 94
2410 94
2410 94
2410 94
2410 94
2410 94
2410 94
2410 95
2410 95
2410 94
2410 94
2410 95
2410 94
2410 95
2410 94
2410 94
2410 94
2410 94
2410 94
2410 95
2410 94
2410 95
2410 95
2410 95
2410 94
2410 95
2410 94
2410 94
2410 95
2410 94
2410 94
2410 94
2410 95
2410 95
2410 94
2410 94
2410 94
2410 94
2410 94
2410 94
2410 94
2410 94
2410 95
2415 92
2415 93
2415 92
2415 92
2415 93
2415 93
2415 93
2415 92
2415 92
2415 92
2415 92
2415 92
2415 93
2415 92
2415 92
2415 92
2415 92
2415 92
2415 92
2415 92
2415 92
2415 92
2415 92
2415 94
2415 92
2415 94
2415 92
2415 92
2415 92
2415 92
2415 92
2415 93
2415 93
2415 92
2415 92
2415 93
2415 92
2415 92
2415 93
2415 92
2415 92
2415 93
2415 92
2415 93
2415 94
2415 92
2415 93
2415 92
2415 92
2415 92
2415 92
2415 93
2415 92
2415 92
2415 92
2415 92
2415 93
2415 93
2415 92
2415 92
2415 93
2415 92
2415 92
2415 94
2415 93
2415 93
2415 92
2415 92
2415 93
2415 92
2415 94
2415 92
2415 92
2415 92
2415 92
2415 93
2415 93
2415 93
2415 92
2415 93
2415 92
2415 92
2415 92
2415 92
2415 92
2415 92
2415 92
2415 94
2415 93
2415 92
2415 92
2415 92
2415 93
2415 92
2415 92
2415 93
2415 94
2415 92
2415 92
2415 94
2420 90
2420 90
2420 90
2420 90
2420 89
2420 90
2420 89
2420 90
2420 90
2420 90
2420 91
2420 91
2420 89
2420 89
2420 90
2420 90
2420 90
2420 89
2420 89
2420 90
2420 90
2420 90
2420 89
2420 89
2420 89
2420 89
2420 89
2420 90
2420 89
2420 91
2420 91
2420 89
2420 89
2420 90
2420 91
2420 89
2420 90
2420 90
2420 90
2420 90
2420 90
2420 91
2420 91
2420 89
2420 91
2420 91
2420 89
2420 90
2420 89
2420 90
2420 89
2420 89
2420 90
2420 90
2420 89
2420 89
2420 91
2420 90
2420 89
2420 91
2420 89
2420 89
2420 89
2420 90
2420 89
2420 89
2420 91
2420 90
2420 90
2420 90
2420 90
2420 91
2420 89
2420 90
2420 89
2420 91
2420 89
2420 89
2420 90
2420 90
2420 90
2420 90
2420 90
2420 90
2420 89
2420 89
2420 91
2420 90
2420 90
2420 89
2420 89
2420 90
2420 89
2420 89
2420 90
2420 89
2420 90
2420 90
2420 90
2420 90
2425 88
2425 88
2425 88
2425 88
2425 88
2425 88
2425 88
2425 88
2425 88
2425 88
2425 88
2425 88
2425 88
2425 87
2425 88
2425 87
2425 88
2425 88
2425 88
2425 88
2425 88
2425 88
2425 88
2425 88
2425 88
2425 86
2425 88
2425 88
2425 88
2425 89
2425 88
2425 88
2425 88
2425 88
2425 88
2425 88
2425 89
2425 87
2425 89
2425 88
2425 88
2425 88
2425 88
2425 88
2425 88
2425 88
2425 88
2425 88
2425 88
2425 88
2425 87
2425 89
2425 88
2425 88
2425 87
2425 88
2425 87
2425 88
2425 87
2425 88
2425 88
2425 87
2425 88
2425 88
2425 87
2425 87
2425 88
2425 88
2425 88
2425 88
2425 88
2425 88
2425 88
2425 87
2425 88
2425 88
2425 87
2425 89
2425 88
2425 88
2425 88
2425 88
2425 87
2425 88
2425 87
2425 88
2425 87
2425 88
2425 88
2425 87
2425 88
2425 89
2425 87
2425 88
2425 87
2425 88
2425 87
2425 88
2425 88
2425 87
2430 86
2430 86
2430 85
2430 86
2430 86
2430 85
2430 86
2430 85
2430 85
2430 86
2430 86
2430 87
2430 86
2430 87
2430 85
2430 86
2430 86
2430 86
2430 87
2430 86
2430 86
2430 86
2430 86
2430 85
2430 86
2430 85
2430 86
2430 86
2430 87
2430 85
2430 86
2430 85
2430 87
2430 86
2430 87
2430 86
2430 85
2430 86
2430 87
2430 86
2430 86
2430 85
2430 86
2430 85
2430 86
2430 87
2430 86
2430 87
2430 86
2430 86
2430 87
2430 86
2430 86
2430 86
2430 87
2430 86
2430 85
2430 86
2430 85
2430 87
2430 85
2430 86
2430 86
2430 86
2430 86
2430 85
2430 85
2430 86
2430 86
2430 86
2430 86
2430 86
2430 86
2430 86
2430 87
2430 86
2430 85
2430 86
2430 86
2430 86
2430 86
2430 86
2430 86
2430 86
2430 87
2430 86
2430 87
2430 86
2430 85
2430 85
2430 87
2430 86
2430 86
2430 87
2430 87
2430 85
2430 87
2430 86
2430 86
2430 87
2435 84
2435 84
2435 85
2435 83
2435 84
2435 85
2435 84
2435 84
2435 84
2435 84
2435 84
2435 84
2435 84
2435 85
2435 84
2435 84
2435 84
2435 84
2435 84
2435 83
2435 85
2435 85
2435 84
2435 84
2435 84
2435 85
2435 84
2435 84
2435 85
2435 85
2435 85
2435 84
2435 85
2435 84
2435 85
2435 84
2435 85
2435 84
2435 84
2435 84
2435 84
2435 84
2435 84
2435 84
2435 85
2435 84
2435 84
2435 84
2435 84
2435 84
2435 84
2435 84
2435 84
2435 84
2435 84
2435 84
2435 84
2435 84
2435 83
2435 84
2435 85
2435 84
2435 84
2435 85
2435 84
2435 85
2435 84
2435 84
2435 84
2435 83
2435 84
2435 84
2435 84
2435 84
2435 84
2435 84
2435 85
2435 84
2435 84
2435 85
2435 84
2435 84
2435 84
2435 84
2435 84
2435 84
2435 85
2435 84
2435 84
2435 85
2435 84
2435 84
2435 84
2435 84
2435 84
2435 85
2435 84
2435 84
2435 84
2440 81
2440 81
2440 82
2440 81
2440 82
2440 82
2440 81
2440 82
2440 81
2440 81
2440 81
2440 81
2440 81
2440 81
2440 81
2440 82
2440 81
2440 82
2440 82
2440 81
2440 81
2440 82
2440 81
2440 81
2440 81
2440 81
2440 81
2440 81
2440 81
2440 82
2440 82
2440 81
2440 83
2440 81
2440 81
2440 81
2440 81
2440 81
2440 81
2440 81
2440 81
2440 82
2440 81
2440 81
2440 81
2440 81
2440 81
2440 81
2440 81
2440 81
2440 82
2440 82
2440 81
2440 81
2440 81
2440 81
2440 81
2440 81
2440 82
2440 81
2440 82
2440 81
2440 81
2440 81
2440 81
2440 82
2440 82
2440 82
2440 81
2440 82
2440 81
2440 81
2440 81
2440 81
2440 81
2440 81
2440 82
2440 82
2440 81
2440 82
2440 81
2440 81
2440 82
2440 82
2440 81
2440 82
2440 81
2440 80
2440 81
2440 81
2440 81
2440 82
2440 81
2440 81
2440 82
2440 81
2440 81
2440 81
2440 81
2440 82
2445 79
2445 79
2445 80
2445 79
2445 80
2445 80
2445 80
2445 80
2445 80
2445 79
2445 80
2445 80
2445 79
2445 80
2445 79
2445 80
2445 79
2445 80
2445 80
2445 80
2445 80
2445 80
2445 80
2445 79
2445 78
2445 79
2445 79
2445 79
2445 80
2445 80
2445 79
2445 79
2445 80
2445 80
2445 80
2445 79
2445 79
2445 80
2445 80
2445 79
2445 80
2445 79
2445 80
2445 79
2445 80
2445 80
2445 79
2445 80
2445 79
2445 79
2445 79
2445 80
2445 80
2445 79
2445 79
2445 79
2445 79
2445 80
2445 80
2445 79
2445 80
2445 80
2445 79
2445 80
2445 80
2445 81
2445 79
2445 80
2445 80
2445 80
2445 79
2445 79
2445 80
2445 80
2445 80
2445 80
2445 80
2445 79
2445 80
2445 79
2445 80
2445 80
2445 80
2445 80
2445 80
2445 79
2445 80
2445 79
2445 80
2445 78
2445 79
2445 80
2445 80
2445 79
2445 79
2445 79
2445 80
2445 79
2445 80
2450 77
2450 78
2450 76
2450 76
2450 76
2450 78
2450 78
2450 78
2450 78
2450 78
2450 77
2450 78
2450 75
2450 78
2450 77
2450 78
2450 76
2450 78
2450 78
2450 78
2450 78
2450 78
2450 78
2450 77
2450 77
2450 78
2450 76
2450 78
2450 77
2450 79
2450 77
2450 77
2450 78
2450 77
2450 78
2450 77
2450 77
2450 79
2450 79
2450 77
2450 78
2450 77
2450 77
2450 77
2450 78
2450 78
2450 75
2450 78
2450 76
2450 77
2450 77
2450 79
2450 77
2450 77
2450 79
2450 78
2450 78
2450 78
2450 77
2450 78
2450 78
2450 76
2450 78
2450 78
2450 77
2450 78
2450 77
2450 78
2450 77
2450 77
2450 78
2450 78
2450 78
2450 78
2450 77
2450 79
2450 76
2450 78
2450 77
2450 78
2450 78
2450 77
2450 78
2450 77
2450 76
2450 78
2450 77
2450 78
2450 78
2450 78
2450 77
2450 77
2450 78
2450 77
2450 78
2450 77
2450 77
2450 78
2450 78
2450 78
2455 76
2455 75
2455 75
2455 75
2455 75
2455 75
2455 75
2455 75
2455 75
2455 75
2455 75
2455 75
2455 75
2455 75
2455 75
2455 74
2455 74
2455 75
2455 75
2455 75
2455 74
2455 75
2455 75
2455 75
2455 75
2455 75
2455 75
2455 74
2455 75
2455 75
2455 74
2455 75
2455 75
2455 74
2455 74
2455 75
2455 75
2455 74
2455 75
2455 77
2455 75
2455 74
2455 75
2455 75
2455 75
2455 75
2455 74
2455 74
2455 75
2455 74
2455 75
2455 75
2455 75
2455 75
2455 75
2455 74
2455 75
2455 76
2455 75
2455 75
2455 74
2455 75
2455 75
2455 75
2455 76
2455 75
2455 75
2455 75
2455 75
2455 75
2455 75
2455 74
2455 74
2455 75
2455 75
2455 75
2455 74
2455 75
2455 75
2455 75
2455 75
2455 75
2455 75
2455 75
2455 75
2455 75
2455 74
2455 75
2455 75
2455 75
2455 75
2455 75
2455 75
2455 75
2455 75
2455 75
2455 75
2455 74
2455 74
2455 75
2460 73
2460 74
2460 73
2460 72
2460 73
2460 72
2460 73
2460 73
2460 73
2460 73
2460 71
2460 73
2460 73
2460 73
2460 73
2460 72
2460 74
2460 73
2460 71
2460 74
2460 74
2460 74
2460 73
2460 73
2460 73
2460 73
2460 73
2460 73
2460 73
2460 74
2460 73
2460 73
2460 73
2460 73
2460 74
2460 74
2460 74
2460 73
2460 73
2460 73
2460 74
2460 74
2460 71
2460 74
2460 73
2460 73
2460 73
2460 72
2460 73
2460 72
2460 73
2460 73
2460 72
2460 73
2460 74
2460 73
2460 74
2460 74
2460 73
2460 73
2460 74
2460 73
2460 73
2460 73
2460 74
2460 73
2460 73
2460 73
2460 74
2460 73
2460 73
2460 73
2460 73
2460 72
2460 73
2460 73
2460 73
2460 73
2460 73
2460 74
2460 74
2460 74
2460 74
2460 73
2460 73
2460 73
2460 72
2460 73
2460 74
2460 74
2460 73
2460 74
2460 73
2460 73
2460 73
2460 74
2460 73
2460 73
2460 74
2460 73
2465 71
2465 70
2465 71
2465 71
2465 71
2465 71
2465 71
2465 71
2465 71
2465 71
2465 71
2465 71
2465 71
2465 71
2465 71
2465 71
2465 71
2465 70
2465 70
2465 70
2465 71
2465 71
2465 71
2465 71
2465 71
2465 71
2465 71
2465 71
2465 71
2465 71
2465 71
2465 71
2465 71
2465 71
2465 71
2465 71
2465 71
2465 70
2465 71
2465 71
2465 71
2465 71
2465 71
2465 71
2465 71
2465 71
2465 71
2465 70
2465 71
2465 71
2465 71
2465 71
2465 70
2465 71
2465 71
2465 71
2465 71
2465 71
2465 71
2465 70
2465 71
2465 71
2465 72
2465 71
2465 71
2465 71
2465 71
2465 70
2465 71
2465 70
2465 71
2465 71
2465 71
2465 70
2465 71
2465 71
2465 70
2465 71
2465 71
2465 71
2465 71
2465 71
2465 71
2465 71
2465 70
2465 71
2465 71
2465 71
2465 71
2465 71
2465 71
2465 70
2465 71
2465 71
2465 70
2465 71
2465 71
2465 71
2465 70
2465 71
2470 69
2470 69
2470 67
2470 69
2470 67
2470 69
2470 69
2470 70
2470 69
2470 69
2470 69
2470 70
2470 69
2470 69
2470 69
2470 70
2470 69
2470 69
2470 69
2470 70
2470 69
2470 69
2470 69
2470 69
2470 69
2470 67
2470 69
2470 69
2470 70
2470 70
2470 70
2470 69
2470 69
2470 67
2470 69
2470 67
2470 69
2470 69
2470 69
2470 70
2470 69
2470 69
2470 69
2470 70
2470 69
2470 70
2470 70
2470 67
2470 70
2470 69
2470 67
2470 69
2470 69
2470 69
2470 67
2470 69
2470 70
2470 70
2470 69
2470 70
2470 69
2470 69
2470 69
2470 67
2470 69
2470 70
2470 69
2470 69
2470 69
2470 70
2470 69
2470 69
2470 69
2470 70
2470 69
2470 69
2470 69
2470 69
2470 69
2470 69
2470 69
2470 69
2470 69
2470 69
2470 69
2470 69
2470 69
2470 67
2470 69
2470 69
2470 69
2470 69
2470 68
2470 69
2470 67
2470 69
2470 69
2470 67
2475 67
2475 67
2475 67
2475 67
2475 67
2475 67
2475 67
2475 67
2475 67
2475 67
2475 66
2475 66
2475 67
2475 67
2475 67
2475 67
2475 67
2475 67
2475 67
2475 67
2475 67
2475 66
2475 67
2475 67
2475 67
2475 67
2475 67
2475 67
2475 65
2475 67
2475 67
2475 67
2475 67
2475 67
2475 67
2475 67
2475 67
2475 67
2475 67
2475 67
2475 67
2475 67
2475 66
2475 67
2475 67
2475 66
2475 66
2475 66
2475 67
2475 67
2475 67
2475 67
2475 67
2475 67
2475 67
2475 67
2475 66
2475 67
2475 67
2475 67
2475 66
2475 67
2475 67
2475 67
2475 67
2475 67
2475 67
2475 67
2475 66
2475 67
2475 67
2475 67
2475 67
2475 67
2475 67
2475 67
2475 67
2475 67
2475 66
2475 67
2475 67
2475 66
2475 66
2475 67
2475 66
2475 67
2475 67
2475 67
2475 66
2475 67
2475 67
2475 67
2475 66
2475 67
2475 67
2475 67
2475 67
2475 67
2475 66
2480 64
2480 64
2480 64
2480 64
2480 64
2480 64
2480 64
2480 63
2480 63
2480 63
2480 63
2480 64
2480 64
2480 64
2480 63
2480 64
2480 64
2480 66
2480 64
2480 64
2480 64
2480 64
2480 64
2480 64
2480 64
2480 64
2480 65
2480 63
2480 65
2480 63
2480 63
2480 63
2480 64
2480 63
2480 63
2480 64
2480 63
2480 63
2480 63
2480 64
2480 64
2480 63
2480 64
2480 64
2480 64
2480 64
2480 64
2480 64
2480 63
2480 63
2480 64
2480 64
2480 64
2480 64
2480 63
2480 64
2480 64
2480 64
2480 63
2480 63
2480 64
2480 63
2480 64
2480 64
2480 64
2480 63
2480 64
2480 64
2480 64
2480 64
2480 64
2480 63
2480 64
2480 64
2480 64
2480 63
2480 64
2480 63
2480 63
2480 64
2480 64
2480 63
2480 64
2480 65
2480 63
2480 63
2480 64
2480 63
2480 64
2480 64
2480 63
2480 63
2480 64
2480 64
2480 65
2480 63
2480 64
2480 64
2480 63
2480 64
2485 62
2485 63
2485 62
2485 63
2485 63
2485 63
2485 62
2485 63
2485 62
2485 62
2485 62
2485 63
2485 62
2485 63
2485 62
2485 62
2485 62
2485 62
2485 62
2485 62
2485 62
2485 62
2485 62
2485 62
2485 62
2485 63
2485 62
2485 62
2485 63
2485 62
2485 63
2485 63
2485 62
2485 62
2485 63
2485 62
2485 62
2485 63
2485 62
2485 62
2485 62
2485 62
2485 62
2485 62
2485 62
2485 63
2485 63
2485 62
2485 63
2485 62
2485 62
2485 62
2485 62
2485 62
2485 62
2485 62
2485 63
2485 62
2485 62
2485 62
2485 62
2485 62
2485 63
2485 62
2485 62
2485 62
2485 63
2485 62
2485 62
2485 63
2485 62
2485 63
2485 63
2485 62
2485 62
2485 62
2485 62
2485 62
2485 62
2485 62
2485 63
2485 62
2485 62
2485 62
2485 62
2485 62
2485 62
2485 63
2485 62
2485 62
2485 62
2485 62
2485 62
2485 62
2485 62
2485 62
2485 62
2485 62
2485 62
2490 60
2490 62
2490 60
2490 61
2490 62
2490 62
2490 62
2490 61
2490 62
2490 61
2490 60
2490 61
2490 61
2490 61
2490 61
2490 62
2490 60
2490 62
2490 60
2490 60
2490 60
2490 61
2490 61
2490 60
2490 62
2490 61
2490 61
2490 60
2490 61
2490 61
2490 60
2490 61
2490 61
2490 60
2490 60
2490 62
2490 60
2490 62
2490 61
2490 62
2490 60
2490 61
2490 61
2490 60
2490 60
2490 61
2490 62
2490 60
2490 61
2490 61
2490 60
2490 61
2490 61
2490 61
2490 61
2490 62
2490 60
2490 60
2490 61
2490 61
2490 61
2490 61
2490 62
2490 62
2490 62
2490 60
2490 61
2490 61
2490 61
2490 61
2490 62
2490 61
2490 61
2490 61
2490 61
2490 60
2490 60
2490 61
2490 62
2490 60
2490 62
2490 61
2490 61
2490 61
2490 60
2490 61
2490 62
2490 61
2490 60
2490 61
2490 61
2490 60
2490 60
2490 60
2490 61
2490 60
2490 62
2490 60
2490 61
2490 60
2495 59
2495 58
2495 58
2495 58
2495 59
2495 59
2495 59
2495 57
2495 59
2495 59
2495 59
2495 58
2495 60
2495 59
2495 60
2495 58
2495 59
2495 59
2495 60
2495 60
2495 60
2495 60
2495 59
2495 60
2495 59
2495 59
2495 58
2495 58
2495 60
2495 59
2495 58
2495 57
2495 59
2495 58
2495 59
2495 60
2495 59
2495 59
2495 59
2495 59
2495 60
2495 58
2495 59
2495 59
2495 59
2495 60
2495 60
2495 60
2495 59
2495 59
2495 59
2495 59
2495 58
2495 59
2495 59
2495 59
2495 59
2495 60
2495 59
2495 58
2495 59
2495 59
2495 59
2495 58
2495 59
2495 59
2495 58
2495 59
2495 59
2495 59
2495 58
2495 59
2495 58
2495 59
2495 59
2495 59
2495 60
2495 59
2495 59
2495 59
2495 59
2495 59
2495 60
2495 59
2495 59
2495 59
2495 59
2495 59
2495 59
2495 58
2495 59
2495 59
2495 59
2495 59
2495 59
2495 59
2495 60
2495 59
2495 60
2495 58
2500 56
2500 57
2500 56
2500 56
2500 56
2500 56
2500 57
2500 56
2500 57
2500 57
2500 56
2500 58
2500 57
2500 56
2500 57
2500 56
2500 57
2500 56
2500 56
2500 56
2500 56
2500 56
2500 57
2500 57
2500 56
2500 56
2500 56
2500 56
2500 56
2500 56
2500 56
2500 57
2500 57
2500 56
2500 56
2500 56
2500 56
2500 56
2500 57
2500 56
2500 56
2500 56
2500 56
2500 56
2500 56
2500 56
2500 57
2500 57
2500 57
2500 56
2500 56
2500 57
2500 56
2500 56
2500 56
2500 57
2500 56
2500 57
2500 56
2500 57
2500 56
2500 56
2500 57
2500 56
2500 57
2500 57
2500 56
2500 57
2500 57
2500 56
2500 57
2500 56
2500 56
2500 57
2500 56
2500 57
2500 57
2500 56
2500 56
2500 56
2500 56
2500 56
2500 56
2500 56
2500 56
2500 57
2500 56
2500 56
2500 57
2500 56
2500 56
2500 57
2500 56
2500 56
2500 56
2500 56
2500 56
2500 56
2500 56
2500 57
2505 54
2505 55
2505 55
2505 55
2505 54
2505 54
2505 54
2505 53
2505 55
2505 55
2505 55
2505 55
2505 56
2505 54
2505 55
2505 55
2505 55
2505 55
2505 54
2505 56
2505 55
2505 55
2505 55
2505 56
2505 54
2505 55
2505 55
2505 55
2505 55
2505 55
2505 54
2505 55
2505 54
2505 55
2505 55
2505 54
2505 55
2505 54
2505 54
2505 54
2505 55
2505 54
2505 54
2505 54
2505 54
2505 54
2505 55
2505 54
2505 53
2505 55
2505 54
2505 56
2505 55
2505 55
2505 54
2505 55
2505 54
2505 55
2505 54
2505 55
2505 54
2505 55
2505 54
2505 55
2505 54
2505 55
2505 56
2505 55
2505 54
2505 55
2505 54
2505 54
2505 54
2505 54
2505 55
2505 54
2505 54
2505 56
2505 55
2505 55
2505 55
2505 55
2505 54
2505 55
2505 53
2505 54
2505 54
2505 53
2505 54
2505 55
2505 54
2505 55
2505 54
2505 54
2505 54
2505 54
2505 56
2505 55
2505 54
2505 55
2510 53
2510 53
2510 54
2510 53
2510 53
2510 53
2510 53
2510 53
2510 53
2510 53
2510 53
2510 53
2510 53
2510 53
2510 53
2510 53
2510 53
2510 53
2510 53
2510 52
2510 53
2510 52
2510 52
2510 52
2510 52
2510 53
2510 53
2510 53
2510 53
2510 53
2510 53
2510 53
2510 53
2510 52
2510 53
2510 53
2510 52
2510 52
2510 52
2510 54
2510 53
2510 53
2510 52
2510 53
2510 53
2510 52
2510 53
2510 53
2510 53
2510 53
2510 52
2510 53
2510 53
2510 53
2510 53
2510 53
2510 54
2510 53
2510 53
2510 53
2510 53
2510 53
2510 53
2510 52
2510 53
2510 52
2510 53
2510 52
2510 52
2510 53
2510 53
2510 52
2510 54
2510 53
2510 53
2510 53
2510 53
2510 52
2510 53
2510 53
2510 54
2510 54
2510 53
2510 53
2510 53
2510 53
2510 53
2510 53
2510 53
2510 53
2510 53
2510 53
2510 53
2510 53
2510 52
2510 53
2510 53
2510 54
2510 53
2510 52
2515 49
2515 50
2515 51
2515 50
2515 51
2515 51
2515 52
2515 51
2515 50
2515 51
2515 51
2515 52
2515 52
2515 51
2515 52
2515 50
2515 51
2515 51
2515 51
2515 49
2515 52
2515 52
2515 52
2515 52
2515 49
2515 50
2515 51
2515 50
2515 50
2515 51
2515 52
2515 49
2515 50
2515 51
2515 50
2515 50
2515 52
2515 51
2515 50
2515 50
2515 51
2515 50
2515 52
2515 52
2515 51
2515 50
2515 50
2515 50
2515 52
2515 50
2515 51
2515 52
2515 49
2515 51
2515 52
2515 50
2515 52
2515 50
2515 52
2515 51
2515 51
2515 52
2515 49
2515 50
2515 52
2515 52
2515 51
2515 50
2515 50
2515 51
2515 50
2515 51
2515 50
2515 52
2515 52
2515 52
2515 50
2515 52
2515 51
2515 51
2515 51
2515 52
2515 50
2515 51
2515 50
2515 51
2515 51
2515 52
2515 51
2515 49
2515 51
2515 51
2515 52
2515 50
2515 51
2515 52
2515 52
2515 51
2520 48
2520 48
2520 47
2520 49
2520 49
2520 48
2520 48
2520 48
2520 49
2520 48
2520 48
2520 48
2520 47
2520 48
2520 48
2520 48
2520 47
2520 49
2520 48
2520 48
2520 49
2520 48
2520 48
2520 49
2520 48
2520 49
2520 49
2520 48
2520 48
2520 48
2520 49
2520 48
2520 49
2520 48
2520 49
2520 48
2520 48
2520 48
2520 47
2520 49
2520 48
2520 48
2520 49
2520 49
2520 49
2520 48
2520 48
2520 48
2520 48
2520 48
2520 48
2520 48
2520 49
2520 48
2520 48
2520 49
2520 48
2520 48
2520 48
2520 48
2520 48
2520 48
2520 48
2520 48
2520 48
2520 48
2520 48
2520 49
2520 49
2520 49
2520 48
2520 48
2520 49
2520 49
2520 49
2520 48
2520 47
2520 49
2520 48
2520 48
2520 48
2520 48
2520 48
2520 48
2520 48
2520 49
2520 48
2520 48
2520 48
2520 48
2520 49
2520 47
2520 48
2520 48
2520 49
2520 48
2520 49
2520 49
2520 48
2520 48
2525 46
2525 45
2525 46
2525 46
2525 46
2525 47
2525 45
2525 46
2525 47
2525 46
2525 46
2525 48
2525 45
2525 47
2525 46
2525 45
2525 47
2525 48
2525 46
2525 47
2525 47
2525 45
2525 46
2525 46
2525 47
2525 47
2525 46
2525 47
2525 47
2525 46
2525 47
2525 47
2525 46
2525 47
2525 47
2525 46
2525 46
2525 47
2525 46
2525 47
2525 48
2525 45
2525 47
2525 46
2525 46
2525 46
2525 47
2525 48
2525 46
2525 47
2525 47
2525 47
2525 47
2525 47
2525 47
2525 46
2525 46
2525 46
2525 47
2525 45
2525 47
2525 47
2525 46
2525 46
2525 47
2525 47
2525 47
2525 47
2525 47
2525 47
2525 46
2525 47
2525 46
2525 47
2525 46
2525 46
2525 46
2525 47
2525 47
2525 46
2525 47
2525 46
2525 47
2525 46
2525 46
2525 47
2525 46
2525 47
2525 47
2525 46
2525 45
2525 46
2525 47
2525 47
2525 46
2525 47
2525 46
2525 46
2525 47
2525 46
2530 45
2530 44
2530 45
2530 44
2530 44
2530 44
2530 43
2530 44
2530 43
2530 45
2530 45
2530 44
2530 43
2530 43
2530 45
2530 43
2530 45
2530 45
2530 43
2530 43
2530 43
2530 43
2530 44
2530 44
2530 43
2530 45
2530 44
2530 43
2530 46
2530 45
2530 43
2530 45
2530 43
2530 45
2530 43
2530 46
2530 45
2530 44
2530 43
2530 44
2530 44
2530 44
2530 45
2530 44
2530 43
2530 43
2530 45
2530 43
2530 43
2530 43
2530 43
2530 44
2530 43
2530 43
2530 45
2530 43
2530 43
2530 44
2530 45
2530 45
2530 45
2530 44
2530 44
2530 45
2530 44
2530 45
2530 43
2530 43
2530 43
2530 43
2530 45
2530 43
2530 45
2530 43
2530 43
2530 44
2530 44
2530 44
2530 45
2530 43
2530 43
2530 45
2530 44
2530 42
2530 43
2530 43
2530 43
2530 43
2530 43
2530 43
2530 43
2530 43
2530 43
2530 44
2530 43
2530 44
2530 44
2530 45
2530 45
2530 44
2535 42
2535 42
2535 42
2535 42
2535 42
2535 42
2535 42
2535 42
2535 42
2535 42
2535 42
2535 42
2535 42
2535 43
2535 42
2535 42
2535 42
2535 42
2535 42
2535 42
2535 42
2535 42
2535 42
2535 42
2535 42
2535 42
2535 42
2535 42
2535 42
2535 42
2535 42
2535 42
2535 43
2535 42
2535 42
2535 42
2535 42
2535 42
2535 42
2535 41
2535 42
2535 42
2535 42
2535 42
2535 42
2535 42
2535 42
2535 42
2535 42
2535 42
2535 42
2535 42
2535 42
2535 42
2535 42
2535 42
2535 42
2535 43
2535 42
2535 42
2535 42
2535 42
2535 43
2535 42
2535 42
2535 42
2535 42
2535 42
2535 42
2535 42
2535 43
2535 42
2535 42
2535 43
2535 42
2535 42
2535 42
2535 42
2535 42
2535 42
2535 42
2535 42
2535 42
2535 42
2535 42
2535 42
2535 42
2535 42
2535 42
2535 43
2535 42
2535 42
2535 42
2535 42
2535 42
2535 42
2535 42
2535 42
2540 39
2540 39
2540 39
2540 39
2540 41
2540 39
2540 40
2540 39
2540 39
2540 41
2540 39
2540 39
2540 39
2540 39
2540 39
2540 41
2540 39
2540 39
2540 41
2540 41
2540 39
2540 40
2540 39
2540 39
2540 39
2540 40
2540 39
2540 39
2540 39
2540 39
2540 41
2540 40
2540 39
2540 39
2540 39
2540 39
2540 39
2540 39
2540 39
2540 39
2540 41
2540 39
2540 39
2540 39
2540 39
2540 39
2540 39
2540 39
2540 39
2540 39
2540 39
2540 39
2540 39
2540 39
2540 39
2540 39
2540 39
2540 41
2540 39
2540 39
2540 39
2540 39
2540 39
2540 39
2540 40
2540 40
2540 39
2540 39
2540 40
2540 39
2540 41
2540 40
2540 39
2540 41
2540 39
2540 39
2540 40
2540 39
2540 39
2540 40
2540 39
2540 39
2540 40
2540 40
2540 39
2540 40
2540 39
2540 40
2540 40
2540 39
2540 39
2540 39
2540 39
2540 39
2540 40
2540 40
2540 41
2540 39
2540 39
2540 40
2545 38
2545 38
2545 38
2545 38
2545 38
2545 38
2545 38
2545 38
2545 38
2545 38
2545 38
2545 37
2545 38
2545 37
2545 38
2545 38
2545 37
2545 38
2545 38
2545 37
2545 38
2545 38
2545 39
2545 37
2545 38
2545 38
2545 38
2545 37
2545 38
2545 38
2545 37
2545 38
2545 38
2545 38
2545 37
2545 38
2545 38
2545 38
2545 38
2545 39
2545 39
2545 38
2545 39
2545 38
2545 38
2545 37
2545 38
2545 38
2545 37
2545 38
2545 38
2545 37
2545 38
2545 38
2545 38
2545 38
2545 38
2545 39
2545 38
2545 37
2545 38
2545 38
2545 38
2545 38
2545 39
2545 38
2545 37
2545 38
2545 38
2545 38
2545 38
2545 38
2545 37
2545 38
2545 38
2545 38
2545 38
2545 37
2545 37
2545 38
2545 37
2545 37
2545 37
2545 38
2545 37
2545 38
2545 38
2545 38
2545 37
2545 38
2545 38
2545 38
2545 38
2545 38
2545 38
2545 38
2545 38
2545 38
2545 38
2550 35
2550 35
2550 37
2550 35
2550 35
2550 35
2550 34
2550 35
2550 35
2550 35
2550 35
2550 35
2550 35
2550 35
2550 35
2550 35
2550 35
2550 35
2550 35
2550 35
2550 35
2550 35
2550 35
2550 35
2550 35
2550 35
2550 35
2550 35
2550 35
2550 35
2550 35
2550 35
2550 35
2550 35
2550 37
2550 35
2550 35
2550 35
2550 35
2550 35
2550 35
2550 35
2550 35
2550 35
2550 35
2550 35
2550 35
2550 35
2550 35
2550 35
2550 35
2550 35
2550 35
2550 35
2550 35
2550 35
2550 35
2550 35
2550 37
2550 35
2550 35
2550 35
2550 35
2550 34
2550 35
2550 35
2550 35
2550 35
2550 35
2550 35
2550 35
2550 35
2550 35
2550 35
2550 35
2550 35
2550 35
2550 35
2550 35
2550 35
2550 37
2550 34
2550 35
2550 35
2550 35
2550 34
2550 35
2550 35
2550 35
2550 35
2550 35
2550 35
2550 35
2550 35
2550 35
2550 35
2550 37
2550 35
2550 35
2550 35
2555 33
2555 33
2555 34
2555 34
2555 33
2555 33
2555 34
2555 32
2555 34
2555 33
2555 33
2555 33
2555 33
2555 32
2555 32
2555 32
2555 34
2555 34
2555 32
2555 33
2555 33
2555 34
2555 35
2555 34
2555 34
2555 34
2555 33
2555 33
2555 32
2555 33
2555 33
2555 34
2555 33
2555 32
2555 34
2555 33
2555 32
2555 33
2555 34
2555 33
2555 32
2555 35
2555 33
2555 33
2555 33
2555 33
2555 32
2555 33
2555 33
2555 33
2555 33
2555 32
2555 32
2555 33
2555 32
2555 32
2555 34
2555 32
2555 33
2555 35
2555 33
2555 33
2555 34
2555 33
2555 34
2555 34
2555 33
2555 33
2555 33
2555 34
2555 33
2555 33
2555 34
2555 33
2555 34
2555 33
2555 34
2555 33
2555 34
2555 34
2555 32
2555 32
2555 33
2555 34
2555 32
2555 32
2555 33
2555 33
2555 33
2555 32
2555 34
2555 33
2555 33
2555 34
2555 34
2555 33
2555 33
2555 34
2560 31
2560 31
2560 30
2560 31
2560 30
2560 31
2560 31
2560 33
2560 32
2560 31
2560 30
2560 31
2560 32
2560 31
2560 31
2560 31
2560 31
2560 32
2560 31
2560 31
2560 32
2560 31
2560 32
2560 31
2560 31
2560 31
2560 31
2560 31
2560 31
2560 31
2560 31
2560 32
2560 31
2560 31
2560 31
2560 31
2560 31
2560 31
2560 31
2560 31
2560 31
2560 32
2560 31
2560 31
2560 31
2560 31
2560 31
2560 31
2560 31
2560 31
2560 31
2560 31
2560 31
2560 31
2560 31
2560 31
2560 31
2560 31
2560 31
2560 31
2560 31
2560 31
2560 31
2560 31
2560 31
2560 31
2560 31
2560 31
2560 31
2560 31
2560 31
2560 31
2560 31
2560 31
2560 31
2560 32
2560 32
2560 31
2560 30
2560 32
2560 31
2560 31
2560 31
2560 31
2560 31
2560 31
2560 31
2560 31
2560 31
2560 31
2560 32
2560 32
2560 31
2560 32
2560 31
2560 32
2560 31
2560 31
2560 32
2560 32
2565 30
2565 30
2565 29
2565 30
2565 29
2565 30
2565 30
2565 30
2565 30
2565 30
2565 30
2565 30
2565 29
2565 30
2565 29
2565 30
2565 30
2565 30
2565 30
2565 29
2565 30
2565 29
2565 30
2565 30
2565 29
2565 30
2565 30
2565 30
2565 30
2565 30
2565 30
2565 29
2565 30
2565 30
2565 30
2565 30
2565 29
2565 30
2565 30
2565 29
2565 30
2565 30
2565 30
2565 30
2565 30
2565 31
2565 30
2565 30
2565 30
2565 30
2565 30
2565 29
2565 30
2565 30
2565 30
2565 30
2565 29
2565 30
2565 30
2565 28
2565 30
2565 30
2565 30
2565 30
2565 30
2565 30
2565 30
2565 30
2565 30
2565 30
2565 30
2565 30
2565 30
2565 30
2565 30
2565 31
2565 29
2565 30
2565 30
2565 30
2565 30
2565 30
2565 30
2565 29
2565 30
2565 30
2565 30
2565 30
2565 30
2565 30
2565 30
2565 30
2565 30
2565 30
2565 30
2565 30
2565 28
2565 29
2565 30
2570 28
2570 28
2570 28
2570 28
2570 28
2570 28
2570 28
2570 28
2570 28
2570 27
2570 29
2570 30
2570 28
2570 28
2570 27
2570 28
2570 28
2570 28
2570 28
2570 27
2570 28
2570 28
2570 27
2570 27
2570 28
2570 28
2570 28
2570 28
2570 28
2570 28
2570 28
2570 28
2570 28
2570 28
2570 28
2570 28
2570 27
2570 28
2570 28
2570 28
2570 28
2570 29
2570 28
2570 28
2570 28
2570 29
2570 29
2570 28
2570 28
2570 28
2570 28
2570 27
2570 28
2570 28
2570 28
2570 28
2570 28
2570 28
2570 27
2570 28
2570 28
2570 28
2570 28
2570 28
2570 28
2570 27
2570 28
2570 28
2570 29
2570 28
2570 28
2570 28
2570 28
2570 28
2570 28
2570 28
2570 28
2570 28
2570 28
2570 28
2570 29
2570 26
2570 28
2570 28
2570 28
2570 28
2570 28
2570 28
2570 28
2570 28
2570 28
2570 28
2570 28
2570 28
2570 28
2570 28
2570 28
2570 29
2570 29
2570 29
2575 25
2575 26
2575 25
2575 26
2575 26
2575 25
2575 25
2575 25
2575 27
2575 25
2575 26
2575 26
2575 25
2575 26
2575 25
2575 26
2575 26
2575 26
2575 25
2575 26
2575 25
2575 26
2575 25
2575 25
2575 25
2575 25
2575 27
2575 26
2575 25
2575 25
2575 26
2575 25
2575 25
2575 25
2575 25
2575 25
2575 26
2575 26
2575 26
2575 25
2575 27
2575 26
2575 26
2575 25
2575 26
2575 25
2575 25
2575 26
2575 25
2575 25
2575 25
2575 26
2575 27
2575 25
2575 26
2575 26
2575 27
2575 25
2575 26
2575 26
2575 25
2575 25
2575 25
2575 26
2575 26
2575 25
2575 25
2575 25
2575 26
2575 26
2575 25
2575 25
2575 26
2575 25
2575 25
2575 26
2575 25
2575 26
2575 26
2575 25
2575 26
2575 26
2575 26
2575 25
2575 25
2575 25
2575 25
2575 25
2575 25
2575 25
2575 26
2575 25
2575 26
2575 25
2575 25
2575 26
2575 25
2575 26
2575 24
2580 22
2580 24
2580 23
2580 23
2580 22
2580 23
2580 23
2580 23
2580 23
2580 23
2580 23
2580 22
2580 23
2580 23
2580 23
2580 23
2580 23
2580 22
2580 23
2580 24
2580 23
2580 22
2580 23
2580 22
2580 23
2580 23
2580 23
2580 22
2580 22
2580 23
2580 23
2580 24
2580 23
2580 23
2580 23
2580 23
2580 23
2580 23
2580 24
2580 23
2580 22
2580 23
2580 24
2580 22
2580 23
2580 23
2580 23
2580 22
2580 23
2580 23
2580 23
2580 22
2580 23
2580 23
2580 23
2580 23
2580 23
2580 22
2580 23
2580 23
2580 23
2580 23
2580 22
2580 23
2580 23
2580 23
2580 24
2580 23
2580 23
2580 22
2580 23
2580 23
2580 22
2580 22
2580 23
2580 22
2580 24
2580 23
2580 23
2580 24
2580 23
2580 23
2580 23
2580 23
2580 24
2580 22
2580 23
2580 23
2580 23
2580 23
2580 22
2580 24
2580 23
2580 23
2580 22
2580 23
2580 24
2580 24
2580 24
2580 22
2585 21
2585 21
2585 22
2585 21
2585 21
2585 21
2585 21
2585 21
2585 20
2585 21
2585 21
2585 21
2585 21
2585 20
2585 21
2585 21
2585 20
2585 20
2585 21
2585 21
2585 21
2585 22
2585 21
2585 20
2585 22
2585 22
2585 21
2585 21
2585 20
2585 20
2585 20
2585 21
2585 21
2585 21
2585 21
2585 21
2585 20
2585 21
2585 21
2585 21
2585 20
2585 21
2585 21
2585 21
2585 20
2585 20
2585 21
2585 22
2585 21
2585 21
2585 21
2585 21
2585 21
2585 21
2585 21
2585 21
2585 22
2585 20
2585 21
2585 22
2585 21
2585 21
2585 22
2585 22
2585 21
2585 21
2585 21
2585 21
2585 21
2585 21
2585 22
2585 20
2585 21
2585 21
2585 21
2585 20
2585 21
2585 21
2585 21
2585 21
2585 21
2585 21
2585 21
2585 21
2585 21
2585 22
2585 21
2585 21
2585 21
2585 22
2585 21
2585 21
2585 21
2585 20
2585 20
2585 20
2585 22
2585 21
2585 20
2590 19
2590 20
2590 20
2590 19
2590 19
2590 20
2590 20
2590 19
2590 20
2590 19
2590 19
2590 19
2590 19
2590 19
2590 19
2590 18
2590 19
2590 19
2590 20
2590 19
2590 20
2590 20
2590 20
2590 19
2590 20
2590 20
2590 19
2590 19
2590 19
2590 20
2590 19
2590 19
2590 19
2590 19
2590 19
2590 20
2590 20
2590 20
2590 20
2590 19
2590 20
2590 18
2590 20
2590 20
2590 20
2590 20
2590 19
2590 20
2590 20
2590 20
2590 20
2590 20
2590 19
2590 19
2590 20
2590 20
2590 19
2590 20
2590 20
2590 19
2590 20
2590 20
2590 19
2590 19
2590 20
2590 20
2590 20
2590 20
2590 20
2590 19
2590 19
2590 20
2590 19
2590 18
2590 19
2590 19
2590 19
2590 19
2590 20
2590 19
2590 19
2590 19
2590 19
2590 20
2590 20
2590 18
2590 20
2590 20
2590 19
2590 20
2590 19
2590 20
2590 18
2590 19
2590 19
2590 19
2590 20
2590 19
2590 19
2590 19
2595 17
2595 17
2595 16
2595 17
2595 17
2595 17
2595 17
2595 17
2595 17
2595 17
2595 17
2595 17
2595 17
2595 17
2595 17
2595 16
2595 17
2595 17
2595 17
2595 17
2595 17
2595 18
2595 17
2595 17
2595 17
2595 17
2595 17
2595 17
2595 17
2595 17
2595 17
2595 18
2595 17
2595 17
2595 17
2595 17
2595 17
2595 17
2595 18
2595 17
2595 17
2595 16
2595 17
2595 17
2595 17
2595 18
2595 17
2595 17
2595 16
2595 17
2595 16
2595 17
2595 18
2595 17
2595 17
2595 18
2595 16
2595 16
2595 16
2595 17
2595 17
2595 17
2595 17
2595 17
2595 17
2595 17
2595 17
2595 17
2595 17
2595 17
2595 17
2595 17
2595 17
2595 16
2595 17
2595 16
2595 18
2595 17
2595 17
2595 17
2595 17
2595 17
2595 17
2595 16
2595 17
2595 17
2595 17
2595 17
2595 17
2595 17
2595 17
2595 17
2595 17
2595 18
2595 16
2595 16
2595 17
2595 16
2595 17
2595 17
2600 14
2600 15
2600 14
2600 14
2600 15
2600 15
2600 14
2600 14
2600 14
2600 15
2600 15
2600 14
2600 15
2600 16
2600 15
2600 15
2600 14
2600 15
2600 13
2600 15
2600 15
2600 14
2600 14
2600 13
2600 14
2600 14
2600 14
2600 15
2600 15
2600 14
2600 15
2600 14
2600 13
2600 15
2600 14
2600 14
2600 15
2600 15
2600 15
2600 14
2600 14
2600 14
2600 15
2600 15
2600 14
2600 15
2600 15
2600 14
2600 15
2600 14
2600 14
2600 14
2600 14
2600 14
2600 15
2600 14
2600 15
2600 15
2600 15
2600 14
2600 14
2600 15
2600 14
2600 15
2600 14
2600 14
2600 14
2600 15
2600 15
2600 14
2600 15
2600 14
2600 14
2600 15
2600 15
2600 15
2600 14
2600 15
2600 14
2600 15
2600 14
2600 15
2600 13
2600 14
2600 14
2600 15
2600 15
2600 14
2600 15
2600 15
2600 14
2600 13
2600 14
2600 15
2600 14
2600 15
2600 14
2600 14
2600 15
2600 14
2605 11
2605 14
2605 11
2605 11
2605 11
2605 11
2605 12
2605 13
2605 12
2605 12
2605 13
2605 11
2605 11
2605 11
2605 13
2605 11
2605 12
2605 11
2605 13
2605 12
2605 11
2605 11
2605 13
2605 13
2605 11
2605 11
2605 11
2605 11
2605 11
2605 13
2605 12
2605 12
2605 11
2605 13
2605 13
2605 13
2605 11
2605 13
2605 12
2605 12
2605 11
2605 11
2605 11
2605 11
2605 12
2605 13
2605 11
2605 11
2605 11
2605 13
2605 13
2605 13
2605 13
2605 11
2605 11
2605 11
2605 13
2605 11
2605 12
2605 11
2605 11
2605 13
2605 11
2605 12
2605 11
2605 12
2605 11
2605 13
2605 11
2605 12
2605 13
2605 11
2605 13
2605 12
2605 11
2605 12
2605 11
2605 12
2605 11
2605 12
2605 11
2605 11
2605 11
2605 11
2605 14
2605 13
2605 13
2605 11
2605 12
2605 11
2605 12
2605 12
2605 13
2605 11
2605 11
2605 11
2605 11
2605 11
2605 11
2605 11
2610 10
2610 10
2610 10
2610 10
2610 10
2610 10
2610 10
2610 10
2610 10
2610 10
2610 10
2610 10
2610 10
2610 10
2610 10
2610 10
2610 10
2610 10
2610 10
2610 10
2610 10
2610 10
2610 10
2610 10
2610 10
2610 10
2610 10
2610 10
2610 10
2610 10
2610 10
2610 10
2610 9
2610 10
2610 10
2610 10
2610 10
2610 10
2610 9
2610 10
2610 10
2610 10
2610 10
2610 10
2610 10
2610 9
2610 10
2610 10
2610 10
2610 10
2610 10
2610 10
2610 10
2610 10
2610 10
2610 10
2610 10
2610 10
2610 10
2610 10
2610 10
2610 10
2610 10
2610 10
2610 10
2610 10
2610 10
2610 10
2610 10
2610 10
2610 10
2610 10
2610 10
2610 10
2610 10
2610 10
2610 10
2610 10
2610 10
2610 10
2610 10
2610 10
2610 10
2610 10
2610 10
2610 10
2610 10
2610 11
2610 10
2610 10
2610 10
2610 10
2610 10
2610 10
2610 10
2610 10
2610 10
2610 10
2610 10
2615 8
2615 7
2615 9
2615 7
2615 8
2615 9
2615 7
2615 7
2615 8
2615 8
2615 10
2615 7
2615 9
2615 9
2615 9
2615 7
2615 8
2615 9
2615 9
2615 9
2615 7
2615 8
2615 7
2615 7
2615 7
2615 7
2615 9
2615 7
2615 9
2615 9
2615 9
2615 7
2615 7
2615 8
2615 8
2615 8
2615 7
2615 9
2615 7
2615 9
2615 7
2615 8
2615 7
2615 10
2615 8
2615 9
2615 7
2615 9
2615 8
2615 9
2615 9
2615 7
2615 7
2615 7
2615 7
2615 7
2615 8
2615 7
2615 8
2615 9
2615 9
2615 8
2615 9
2615 9
2615 7
2615 9
2615 9
2615 7
2615 7
2615 9
2615 8
2615 7
2615 9
2615 7
2615 7
2615 9
2615 7
2615 9
2615 7
2615 7
2615 9
2615 10
2615 9
2615 9
2615 9
2615 7
2615 7
2615 7
2615 7
2615 7
2615 9
2615 7
2615 9
2615 7
2615 7
2615 8
2615 8
2615 7
2615 7
2615 7
2620 6
2620 5
2620 5
2620 5
2620 5
2620 6
2620 5
2620 5
2620 5
2620 5
2620 5
2620 6
2620 5
2620 5
2620 3
2620 5
2620 5
2620 5
2620 5
2620 3
2620 3
2620 3
2620 6
2620 6
2620 5
2620 6
2620 5
2620 5
2620 5
2620 5
2620 5
2620 6
2620 5
2620 5
2620 5
2620 3
2620 5
2620 5
2620 5
2620 6
2620 3
2620 3
2620 5
2620 6
2620 6
2620 6
2620 6
2620 5
2620 6
2620 6
2620 3
2620 3
2620 6
2620 5
2620 5
2620 6
2620 5
2620 5
2620 6
2620 5
2620 3
2620 5
2620 5
2620 3
2620 5
2620 3
2620 6
2620 5
2620 3
2620 5
2620 5
2620 5
2620 5
2620 6
2620 5
2620 6
2620 5
2620 6
2620 5
2620 6
2620 7
2620 5
2620 5
2620 3
2620 5
2620 6
2620 5
2620 6
2620 5
2620 5
2620 6
2620 5
2620 5
2620 5
2620 5
2620 5
2620 6
2620 6
2620 3
2620 3
2625 3
2625 3
2625 3
2625 3
2625 3
2625 3
2625 3
2625 3
2625 3
2625 3
2625 3
2625 3
2625 3
2625 5
2625 3
2625 3
2625 4
2625 5
2625 3
2625 3
2625 3
2625 3
2625 3
2625 5
2625 3
2625 3
2625 3
2625 3
2625 3
2625 5
2625 3
2625 3
2625 3
2625 3
2625 3
2625 3
2625 3
2625 3
2625 3
2625 3
2625 3
2625 3
2625 3
2625 3
2625 3
2625 3
2625 3
2625 3
2625 3
2625 3
2625 3
2625 3
