dacList[(4,12,4)]=458#5,1.00,ok 
260 100 1 0
262 100 0 0
264 100 0 0
266 100 0 0
268 100 0 0
270 100 0 0
272 100 0 0
274 100 0 0
276 100 0 0
278 100 0 0
280 100 0 0
282 100 0 0
284 100 0 0
286 100 0 0
288 100 0 0
290 100 0 0
292 100 0 0
294 100 11 0
296 100 55 0
298 100 96 0
300 100 96 0
302 100 100 0
304 100 100 0
306 100 100 2
308 100 100 6
310 100 100 0
312 100 100 9
314 100 100 74
316 100 100 99
318 100 100 100
320 100 100 100
322 100 100 100
324 100 99 99
326 100 100 100
328 100 99 99
330 100 100 100
332 100 99 99
334 100 99 99
336 100 100 100
338 100 99 99
340 100 100 100
342 100 99 99
344 100 100 100
346 100 100 100
348 100 98 98
350 100 99 99
352 100 100 100
354 100 99 99
356 100 100 100
358 100 100 100
360 100 99 99
362 100 100 100
364 100 100 100
366 100 99 99
368 100 100 100
370 100 99 99
372 100 100 100
374 100 99 99
376 100 100 100
378 100 100 100
380 100 100 100
382 100 100 100
384 100 100 100
386 100 100 100
388 100 99 99
390 100 100 100
392 100 99 99
394 100 100 100
396 100 100 100
398 100 99 99
400 100 100 100
402 100 100 100
404 100 100 100
406 100 99 99
408 100 100 100
410 100 100 100
412 100 100 100
414 100 100 100
416 100 99 99
418 100 100 100
420 100 99 99
422 100 99 99
424 100 100 100
426 100 100 100
428 100 100 100
430 100 99 99
432 100 100 100
434 100 100 100
436 100 99 99
438 100 100 100
440 100 99 99
442 100 98 98
444 100 100 100
446 100 100 100
448 100 98 98
450 100 100 100
452 100 100 100
454 100 100 100
456 100 100 100
458 100 100 100
460 100 93 88
462 100 69 62
464 100 32 26
466 100 0 0
468 100 1 1
470 100 0 0
472 100 0 0
474 100 0 0
476 100 0 0
478 100 0 0
480 100 0 0
482 100 0 0
484 100 0 0
