dacList[(4,0,4)]=384#5,1.00,ok 
260 100 1 1
262 100 0 0
264 100 0 0
266 100 0 0
268 100 0 0
270 100 0 0
272 100 1 0
274 100 4 0
276 100 55 0
278 100 100 2
280 100 100 3
282 100 100 0
284 100 100 7
286 100 100 87
288 100 98 98
290 100 100 100
292 100 99 99
294 100 100 100
296 100 100 100
298 100 100 100
300 100 100 100
302 100 100 100
304 100 99 99
306 100 100 100
308 100 99 99
310 100 99 99
312 100 100 100
314 100 99 99
316 100 100 100
318 100 100 100
320 100 100 100
322 100 99 99
324 100 99 99
326 100 100 100
328 100 100 100
330 100 100 100
332 100 100 100
334 100 100 100
336 100 100 100
338 100 100 100
340 100 100 100
342 100 100 100
344 100 99 99
346 100 100 100
348 100 99 99
350 100 100 100
352 100 100 100
354 100 100 100
356 100 100 100
358 100 100 100
360 100 100 100
362 100 98 98
364 100 100 100
366 100 99 99
368 100 100 100
370 100 100 100
372 100 100 100
374 100 100 100
376 100 100 100
378 100 99 99
380 100 99 99
382 100 100 100
384 100 100 100
386 100 94 94
388 100 58 57
390 100 9 8
392 100 0 0
394 100 0 0
396 100 0 0
398 100 0 0
400 100 0 0
402 100 0 0
404 100 0 0
406 100 0 0
408 100 0 0
410 100 0 0
