dacList[(4,3,4)]=402#5,0.98,ok 
260 100 1 1
262 100 0 0
264 100 0 0
266 100 0 0
268 100 0 0
270 100 15 0
272 100 46 0
274 100 85 0
276 100 100 0
278 100 100 0
280 100 100 0
282 100 100 1
284 100 100 5
286 100 100 2
288 100 100 25
290 100 100 75
292 100 100 99
294 100 100 100
296 100 100 99
298 100 100 100
300 100 100 100
302 100 100 100
304 100 100 100
306 100 99 99
308 100 100 100
310 100 100 100
312 100 100 100
314 100 100 100
316 100 99 99
318 100 100 100
320 100 100 100
322 100 100 100
324 100 100 100
326 100 100 100
328 100 100 100
330 100 100 100
332 100 100 100
334 100 99 99
336 100 100 100
338 100 100 100
340 100 100 100
342 100 100 100
344 100 100 100
346 100 99 99
348 100 100 100
350 100 100 100
352 100 99 99
354 100 100 100
356 100 100 100
358 100 100 100
360 100 99 99
362 100 100 100
364 100 100 100
366 100 98 98
368 100 99 99
370 100 100 100
372 100 100 100
374 100 100 100
376 100 100 100
378 100 100 100
380 100 100 100
382 100 100 100
384 100 100 100
386 100 100 100
388 100 100 100
390 100 100 100
392 100 99 99
394 100 100 100
396 100 100 100
398 100 100 100
400 100 100 100
402 100 98 98
404 100 76 74
406 100 14 14
408 100 0 0
410 100 0 0
412 100 0 0
414 100 0 0
416 100 0 0
418 100 0 0
420 100 0 0
422 100 0 0
424 100 0 0
426 100 0 0
