dacList[(4,6,4)]=440#5,0.95,ok 
260 100 5 1
262 100 5 0
264 100 3 0
266 100 1 0
268 100 1 0
270 100 4 0
272 100 2 0
274 100 3 0
276 100 1 0
278 100 3 0
280 100 1 0
282 100 1 0
284 100 3 0
286 100 17 0
288 100 70 0
290 100 97 0
292 100 100 0
294 100 100 0
296 100 100 3
298 100 100 0
300 100 100 2
302 100 100 47
304 100 100 80
306 100 99 97
308 100 100 97
310 100 100 99
312 100 100 99
314 100 100 99
316 100 99 98
318 100 100 99
320 100 99 98
322 100 100 100
324 100 100 100
326 100 100 97
328 100 100 99
330 100 100 98
332 100 100 99
334 100 100 98
336 100 100 98
338 100 100 100
340 100 100 99
342 100 100 99
344 100 100 99
346 100 99 99
348 100 100 99
350 100 100 98
352 100 100 100
354 100 99 98
356 100 100 99
358 100 100 98
360 100 100 96
362 100 98 96
364 100 99 98
366 100 100 100
368 100 100 96
370 100 99 96
372 100 99 96
374 100 100 100
376 100 100 97
378 100 100 95
380 100 100 97
382 100 100 98
384 100 100 97
386 100 100 97
388 100 100 97
390 100 100 98
392 100 100 97
394 100 100 97
396 100 99 97
398 100 100 96
400 100 100 98
402 100 100 98
404 100 100 96
406 100 100 99
408 100 100 96
410 100 100 97
412 100 99 97
414 100 100 98
416 100 99 95
418 100 100 98
420 100 100 98
422 100 100 97
424 100 99 95
426 100 99 93
428 100 100 99
430 100 100 98
432 100 100 98
434 100 99 95
436 100 100 95
438 100 100 96
440 100 100 95
442 100 95 95
444 100 73 68
446 100 29 22
448 100 6 1
450 100 2 0
452 100 2 0
454 100 1 0
456 100 2 0
458 100 1 0
460 100 3 0
462 100 4 0
464 100 4 0
466 100 2 0
468 100 2 1
