dacList[(4,7,4)]=492#5,0.94,ok 
260 100 1 1
262 100 0 0
264 100 0 0
266 100 0 0
268 100 0 0
270 100 0 0
272 100 0 0
274 100 0 0
276 100 0 0
278 100 0 0
280 100 0 0
282 100 0 0
284 100 0 0
286 100 0 0
288 100 0 0
290 100 0 0
292 100 0 0
294 100 0 0
296 100 0 0
298 100 0 0
300 100 0 0
302 100 0 0
304 100 0 0
306 100 0 0
308 100 0 0
310 100 0 0
312 100 0 0
314 100 0 0
316 100 0 0
318 100 0 0
320 100 1 0
322 100 25 0
324 100 51 0
326 100 93 0
328 100 99 0
330 100 100 0
332 100 100 0
334 100 100 2
336 100 100 0
338 100 100 21
340 100 100 52
342 100 100 99
344 100 100 100
346 100 100 100
348 100 100 100
350 100 99 99
352 100 100 100
354 100 99 99
356 100 100 100
358 100 99 99
360 100 99 99
362 100 100 100
364 100 99 99
366 100 99 99
368 100 99 99
370 100 100 100
372 100 100 100
374 100 99 99
376 100 100 100
378 100 100 100
380 100 100 100
382 100 99 99
384 100 100 100
386 100 100 100
388 100 100 100
390 100 100 100
392 100 99 99
394 100 99 99
396 100 100 100
398 100 100 100
400 100 99 99
402 100 100 100
404 100 99 99
406 100 100 100
408 100 100 100
410 100 99 99
412 100 100 100
414 100 100 100
416 100 99 99
418 100 99 99
420 100 99 99
422 100 100 100
424 100 100 100
426 100 100 100
428 100 100 100
430 100 100 100
432 100 100 100
434 100 100 100
436 100 99 99
438 100 100 100
440 100 100 100
442 100 100 100
444 100 100 100
446 100 100 100
448 100 100 100
450 100 100 100
452 100 100 100
454 100 100 100
456 100 99 99
458 100 100 100
460 100 100 100
462 100 100 100
464 100 100 100
466 100 100 100
468 100 100 100
470 100 100 100
472 100 100 100
474 100 100 100
476 100 100 100
478 100 100 100
480 100 100 100
482 100 99 99
484 100 100 100
486 100 100 100
488 100 100 100
490 100 98 98
492 100 97 94
494 100 77 76
496 100 37 36
498 100 14 13
500 100 2 1
502 100 0 0
504 100 1 0
506 100 0 0
508 100 0 0
510 100 0 0
512 100 0 0
514 100 0 0
516 100 0 0
518 100 0 0
