dacList[(4,5,4)]=420#5,1.00,ok 
260 100 1 1
262 100 0 0
264 100 0 0
266 100 0 0
268 100 0 0
270 100 0 0
272 100 5 0
274 100 31 0
276 100 75 0
278 100 99 0
280 100 100 5
282 100 100 0
284 100 100 0
286 100 100 12
288 100 100 49
290 100 100 97
292 100 100 100
294 100 99 99
296 100 99 99
298 100 99 99
300 100 99 99
302 100 100 100
304 100 100 100
306 100 100 100
308 100 100 100
310 100 100 100
312 100 100 100
314 100 100 100
316 100 100 100
318 100 100 100
320 100 100 100
322 100 100 100
324 100 100 100
326 100 100 100
328 100 100 100
330 100 100 100
332 100 100 100
334 100 100 100
336 100 100 100
338 100 100 100
340 100 100 100
342 100 100 100
344 100 99 99
346 100 100 100
348 100 100 100
350 100 100 100
352 100 100 100
354 100 100 100
356 100 99 99
358 100 100 100
360 100 99 99
362 100 100 100
364 100 99 99
366 100 99 99
368 100 98 98
370 100 100 100
372 100 100 100
374 100 100 100
376 100 99 99
378 100 100 100
380 100 100 100
382 100 98 98
384 100 100 100
386 100 99 99
388 100 100 100
390 100 100 100
392 100 100 100
394 100 99 99
396 100 99 99
398 100 99 99
400 100 100 100
402 100 99 99
404 100 100 100
406 100 99 99
408 100 100 100
410 100 100 100
412 100 100 100
414 100 100 100
416 100 99 99
418 100 100 100
420 100 100 100
422 100 90 90
424 100 37 37
426 100 2 2
428 100 1 1
430 100 0 0
432 100 0 0
434 100 0 0
436 100 0 0
438 100 0 0
440 100 0 0
442 100 0 0
444 100 0 0
