dacList[(4,14,4)]=326#5,1.00,ok 
260 100 1 1
262 100 0 0
264 100 0 0
266 100 0 0
268 100 0 0
270 100 0 0
272 100 0 0
274 100 0 0
276 100 0 0
278 100 0 0
280 100 0 0
282 100 0 0
284 100 0 0
286 100 0 0
288 100 0 0
290 100 0 0
292 100 0 0
294 100 0 0
296 100 15 0
298 100 89 0
300 100 91 0
302 100 100 1
304 100 100 5
306 100 100 2
308 100 100 15
310 100 100 64
312 100 100 100
314 100 100 100
316 100 100 100
318 100 100 100
320 100 100 100
322 100 100 100
324 100 100 100
326 100 100 100
328 100 93 92
330 100 59 52
332 100 22 18
334 100 4 3
336 100 0 0
338 100 0 0
340 100 0 0
342 100 0 0
344 100 0 0
346 100 0 0
348 100 0 0
350 100 0 0
352 100 0 0
