dacList[(4,9,4)]=356#5,0.97,ok 
260 100 1 0
262 100 0 0
264 100 0 0
266 100 0 0
268 100 0 0
270 100 0 0
272 100 0 0
274 100 0 0
276 100 0 0
278 100 0 0
280 100 0 0
282 100 0 0
284 100 0 0
286 100 0 0
288 100 0 0
290 100 0 0
292 100 0 0
294 100 0 0
296 100 7 0
298 100 50 0
300 100 98 0
302 100 100 1
304 100 100 1
306 100 100 2
308 100 100 7
310 100 100 45
312 100 100 99
314 100 100 100
316 100 100 100
318 100 100 100
320 100 100 100
322 100 100 100
324 100 100 100
326 100 100 100
328 100 100 100
330 100 100 100
332 100 99 99
334 100 100 100
336 100 99 99
338 100 100 100
340 100 99 99
342 100 99 99
344 100 100 100
346 100 99 99
348 100 100 100
350 100 100 100
352 100 100 100
354 100 100 100
356 100 98 97
358 100 93 93
360 100 63 61
362 100 28 27
364 100 5 5
366 100 0 0
368 100 0 0
370 100 0 0
372 100 0 0
374 100 0 0
376 100 0 0
378 100 0 0
380 100 0 0
382 100 0 0
384 100 0 0
