dacList[(4,11,4)]=480#5,0.96,ok 
260 100 1 1
262 100 0 0
264 100 0 0
266 100 0 0
268 100 0 0
270 100 0 0
272 100 0 0
274 100 0 0
276 100 0 0
278 100 0 0
280 100 0 0
282 100 0 0
284 100 0 0
286 100 0 0
288 100 0 0
290 100 0 0
292 100 0 0
294 100 0 0
296 100 0 0
298 100 0 0
300 100 0 0
302 100 0 0
304 100 0 0
306 100 0 0
308 100 0 0
310 100 0 0
312 100 17 0
314 100 76 0
316 100 94 0
318 100 100 0
320 100 100 0
322 100 100 0
324 100 100 8
326 100 100 0
328 100 100 26
330 100 100 72
332 100 100 100
334 100 100 100
336 100 100 100
338 100 99 99
340 100 99 99
342 100 100 100
344 100 100 100
346 100 98 98
348 100 100 100
350 100 100 100
352 100 100 100
354 100 100 100
356 100 100 100
358 100 100 100
360 100 100 100
362 100 100 100
364 100 100 100
366 100 100 100
368 100 100 100
370 100 100 100
372 100 100 100
374 100 100 100
376 100 100 100
378 100 99 99
380 100 99 99
382 100 100 100
384 100 100 100
386 100 99 99
388 100 100 100
390 100 100 100
392 100 100 100
394 100 100 100
396 100 100 100
398 100 100 100
400 100 100 100
402 100 100 100
404 100 100 100
406 100 100 100
408 100 100 100
410 100 100 100
412 100 100 100
414 100 100 100
416 100 100 100
418 100 99 99
420 100 100 100
422 100 100 100
424 100 100 100
426 100 100 100
428 100 100 100
430 100 100 100
432 100 100 100
434 100 100 100
436 100 99 99
438 100 100 100
440 100 100 100
442 100 100 100
444 100 100 100
446 100 99 99
448 100 99 99
450 100 99 99
452 100 99 99
454 100 100 100
456 100 100 100
458 100 100 100
460 100 100 100
462 100 99 99
464 100 99 99
466 100 100 100
468 100 100 100
470 100 100 100
472 100 99 99
474 100 100 100
476 100 99 99
478 100 96 96
480 100 96 96
482 100 82 82
484 100 44 43
486 100 13 12
488 100 1 1
490 100 0 0
492 100 0 0
494 100 0 0
496 100 0 0
498 100 0 0
500 100 0 0
502 100 0 0
504 100 0 0
506 100 0 0
