dacList[(4,4,4)]=318#5,1.00,ok 
260 100 0 0
262 100 0 0
264 100 0 0
266 100 0 0
268 100 0 0
270 100 17 0
272 100 98 0
274 100 98 0
276 100 100 3
278 100 100 15
280 100 100 72
282 100 100 100
284 100 100 100
286 100 100 100
288 100 100 100
290 100 100 100
292 100 100 100
294 100 100 100
296 100 99 99
298 100 100 100
300 100 100 100
302 100 99 99
304 100 100 100
306 100 100 100
308 100 100 100
310 100 100 100
312 100 100 100
314 100 100 100
316 100 100 100
318 100 100 100
320 100 93 93
322 100 50 48
324 100 10 10
326 100 0 0
328 100 0 0
330 100 0 0
332 100 0 0
334 100 0 0
336 100 0 0
338 100 0 0
340 100 0 0
342 100 0 0
344 100 0 0
