dacList[(4,1,4)]=382#5,0.99,ok 
260 100 0 0
262 100 0 0
264 100 0 0
266 100 0 0
268 100 0 0
270 100 0 0
272 100 0 0
274 100 15 0
276 100 44 0
278 100 89 7
280 100 100 3
282 100 100 5
284 100 100 41
286 100 100 94
288 100 99 99
290 100 99 99
292 100 100 100
294 100 100 100
296 100 100 100
298 100 99 99
300 100 100 100
302 100 100 100
304 100 100 100
306 100 100 100
308 100 100 100
310 100 100 100
312 100 100 100
314 100 100 100
316 100 100 100
318 100 100 100
320 100 100 100
322 100 100 100
324 100 100 100
326 100 99 99
328 100 99 99
330 100 100 100
332 100 99 99
334 100 100 100
336 100 100 100
338 100 100 100
340 100 99 99
342 100 100 100
344 100 100 100
346 100 99 99
348 100 100 100
350 100 100 100
352 100 100 100
354 100 100 100
356 100 99 99
358 100 99 99
360 100 100 100
362 100 100 100
364 100 100 100
366 100 100 100
368 100 100 100
370 100 99 99
372 100 100 100
374 100 99 99
376 100 99 99
378 100 100 100
380 100 100 100
382 100 100 99
384 100 81 79
386 100 22 20
388 100 0 0
390 100 0 0
392 100 0 0
394 100 0 0
396 100 0 0
398 100 0 0
400 100 0 0
402 100 0 0
404 100 0 0
406 100 0 0
