dacList[(4,2,4)]=454#5,1.00,ok 
260 100 1 1
262 100 0 0
264 100 0 0
266 100 0 0
268 100 0 0
270 100 0 0
272 100 0 0
274 100 0 0
276 100 0 0
278 100 0 0
280 100 0 0
282 100 0 0
284 100 0 0
286 100 0 0
288 100 0 0
290 100 0 0
292 100 0 0
294 100 0 0
296 100 0 0
298 100 0 0
300 100 0 0
302 100 0 0
304 100 0 0
306 100 0 0
308 100 0 0
310 100 0 0
312 100 0 0
314 100 0 0
316 100 5 0
318 100 49 0
320 100 82 0
322 100 100 0
324 100 100 0
326 100 100 1
328 100 100 3
330 100 100 4
332 100 100 55
334 100 100 100
336 100 100 100
338 100 99 99
340 100 100 100
342 100 100 100
344 100 100 100
346 100 99 99
348 100 100 100
350 100 100 100
352 100 100 100
354 100 100 100
356 100 100 100
358 100 98 98
360 100 100 100
362 100 100 100
364 100 99 99
366 100 100 100
368 100 99 99
370 100 100 100
372 100 100 100
374 100 99 99
376 100 100 100
378 100 100 100
380 100 100 100
382 100 99 99
384 100 100 100
386 100 99 99
388 100 99 99
390 100 100 100
392 100 100 100
394 100 99 99
396 100 100 100
398 100 100 100
400 100 100 100
402 100 99 99
404 100 100 100
406 100 99 99
408 100 100 100
410 100 100 100
412 100 99 99
414 100 99 99
416 100 100 100
418 100 100 100
420 100 100 100
422 100 100 100
424 100 99 99
426 100 100 100
428 100 100 100
430 100 100 100
432 100 100 100
434 100 99 99
436 100 100 100
438 100 99 99
440 100 100 100
442 100 100 100
444 100 100 100
446 100 100 100
448 100 100 100
450 100 100 100
452 100 100 100
454 100 100 100
456 100 75 73
458 100 16 14
460 100 1 1
462 100 0 0
464 100 0 0
466 100 0 0
468 100 0 0
470 100 0 0
472 100 0 0
474 100 0 0
476 100 0 0
478 100 0 0
