dacList[(4,10,4)]=456#5,0.98,ok 
260 100 1 1
262 100 0 0
264 100 0 0
266 100 0 0
268 100 0 0
270 100 0 0
272 100 0 0
274 100 0 0
276 100 0 0
278 100 0 0
280 100 0 0
282 100 0 0
284 100 0 0
286 100 0 0
288 100 0 0
290 100 0 0
292 100 0 0
294 100 0 0
296 100 0 0
298 100 0 0
300 100 0 0
302 100 0 0
304 100 0 0
306 100 0 0
308 100 0 0
310 100 0 0
312 100 13 0
314 100 86 0
316 100 100 0
318 100 100 0
320 100 100 0
322 100 100 3
324 100 100 3
326 100 100 0
328 100 100 26
330 100 100 88
332 100 100 100
334 100 100 100
336 100 100 100
338 100 100 100
340 100 99 99
342 100 100 100
344 100 100 100
346 100 100 100
348 100 100 100
350 100 100 100
352 100 100 100
354 100 100 100
356 100 100 100
358 100 100 100
360 100 100 100
362 100 100 100
364 100 99 99
366 100 100 100
368 100 99 99
370 100 100 100
372 100 100 100
374 100 100 100
376 100 99 99
378 100 100 100
380 100 100 100
382 100 100 100
384 100 100 100
386 100 100 100
388 100 99 99
390 100 100 100
392 100 100 100
394 100 100 100
396 100 100 100
398 100 100 100
400 100 100 100
402 100 100 100
404 100 100 100
406 100 100 100
408 100 100 100
410 100 100 100
412 100 100 100
414 100 100 100
416 100 100 100
418 100 100 100
420 100 100 100
422 100 100 100
424 100 100 100
426 100 99 99
428 100 100 100
430 100 99 99
432 100 100 100
434 100 100 100
436 100 100 100
438 100 99 99
440 100 100 100
442 100 100 100
444 100 99 99
446 100 100 100
448 100 99 99
450 100 99 99
452 100 100 100
454 100 99 99
456 100 98 98
458 100 73 69
460 100 32 22
462 100 0 0
464 100 0 0
466 100 0 0
468 100 0 0
470 100 0 0
472 100 0 0
474 100 0 0
476 100 0 0
478 100 0 0
480 100 0 0
