dacList[(4,8,4)]=464#5,0.99,ok 
260 100 1 0
262 100 0 0
264 100 0 0
266 100 0 0
268 100 0 0
270 100 0 0
272 100 0 0
274 100 0 0
276 100 0 0
278 100 0 0
280 100 0 0
282 100 0 0
284 100 0 0
286 100 0 0
288 100 0 0
290 100 19 0
292 100 61 0
294 100 97 0
296 100 100 0
298 100 100 0
300 100 100 0
302 100 100 0
304 100 100 0
306 100 100 2
308 100 99 0
310 100 100 24
312 100 100 60
314 100 100 97
316 100 100 100
318 100 100 100
320 100 100 100
322 100 100 100
324 100 100 100
326 100 100 100
328 100 99 99
330 100 99 99
332 100 99 99
334 100 100 100
336 100 100 100
338 100 100 100
340 100 100 100
342 100 99 99
344 100 99 99
346 100 100 100
348 100 99 99
350 100 99 99
352 100 100 100
354 100 99 99
356 100 100 100
358 100 100 100
360 100 100 100
362 100 100 100
364 100 99 99
366 100 100 100
368 100 99 99
370 100 100 100
372 100 99 99
374 100 100 100
376 100 100 100
378 100 100 100
380 100 100 100
382 100 100 100
384 100 100 100
386 100 100 100
388 100 100 100
390 100 100 100
392 100 100 100
394 100 99 99
396 100 99 99
398 100 100 100
400 100 99 99
402 100 99 99
404 100 99 99
406 100 100 100
408 100 100 100
410 100 100 100
412 100 99 99
414 100 100 100
416 100 100 100
418 100 100 100
420 100 100 100
422 100 100 100
424 100 99 99
426 100 100 100
428 100 100 100
430 100 99 99
432 100 99 99
434 100 98 98
436 100 100 100
438 100 100 100
440 100 100 100
442 100 100 100
444 100 100 100
446 100 100 100
448 100 100 100
450 100 99 99
452 100 100 100
454 100 100 100
456 100 100 100
458 100 100 100
460 100 100 100
462 100 100 100
464 100 99 99
466 100 85 85
468 100 65 65
470 100 25 25
472 100 2 2
474 100 0 0
476 100 0 0
478 100 0 0
480 100 0 0
482 100 0 0
484 100 0 0
486 100 0 0
488 100 0 0
490 100 0 0
