dacList[(4,13,4)]=490#5,0.96,ok 
260 100 1 1
262 100 0 0
264 100 0 0
266 100 0 0
268 100 0 0
270 100 0 0
272 100 0 0
274 100 0 0
276 100 0 0
278 100 0 0
280 100 0 0
282 100 0 0
284 100 0 0
286 100 0 0
288 100 0 0
290 100 0 0
292 100 0 0
294 100 0 0
296 100 0 0
298 100 0 0
300 100 0 0
302 100 0 0
304 100 7 0
306 100 43 0
308 100 77 0
310 100 100 0
312 100 100 0
314 100 100 0
316 100 100 0
318 100 100 0
320 100 100 1
322 100 100 5
324 100 100 1
326 100 100 5
328 100 100 70
330 100 100 99
332 100 100 100
334 100 100 100
336 100 100 100
338 100 100 100
340 100 100 100
342 100 100 100
344 100 100 100
346 100 100 100
348 100 99 99
350 100 99 99
352 100 100 100
354 100 100 100
356 100 100 100
358 100 100 100
360 100 100 100
362 100 98 98
364 100 100 100
366 100 100 100
368 100 98 98
370 100 100 100
372 100 100 100
374 100 99 99
376 100 100 100
378 100 99 99
380 100 100 100
382 100 99 99
384 100 100 100
386 100 100 100
388 100 100 100
390 100 100 100
392 100 100 100
394 100 100 100
396 100 100 100
398 100 100 100
400 100 99 99
402 100 100 100
404 100 100 100
406 100 100 100
408 100 100 100
410 100 100 100
412 100 100 100
414 100 100 100
416 100 100 100
418 100 100 100
420 100 100 100
422 100 99 99
424 100 96 96
426 100 100 100
428 100 100 100
430 100 100 100
432 100 99 99
434 100 99 99
436 100 100 100
438 100 100 100
440 100 100 100
442 100 100 100
444 100 99 99
446 100 100 100
448 100 100 100
450 100 100 100
452 100 100 100
454 100 99 99
456 100 100 100
458 100 100 100
460 100 100 100
462 100 100 100
464 100 100 100
466 100 100 100
468 100 100 100
470 100 100 100
472 100 100 100
474 100 100 100
476 100 100 100
478 100 100 100
480 100 100 100
482 100 100 100
484 100 100 100
486 100 100 100
488 100 99 99
490 100 96 96
492 100 87 85
494 100 55 54
496 100 20 20
498 100 0 0
500 100 0 0
502 100 0 0
504 100 0 0
506 100 0 0
508 100 0 0
510 100 0 0
512 100 0 0
514 100 0 0
516 100 0 0
